3 0.7696666671875 0.146663346875 0.7666666671875 0.1533864546875 0.7809999999999999 0.1635956171875 0.8039999999999999 0.172808765625 0.8183333328125 0.179531871875 0.8320000000000001 0.182270915625 0.8406666671874999 0.1832669328125 0.8503333328125 0.1825199203125 0.8553333328124999 0.17878486093749998 0.8626666671875001 0.1680776890625 0.8666666671875 0.15936255 0.8693333328125 0.1461653390625 0.8686666671875001 0.13545816718749998 0.8630000000000001 0.126743028125 0.853 0.117031871875 0.8480000000000001 0.11254980156250001 0.8476666671875 0.117031871875 0.8470000000000001 0.12226095625 0.8470000000000001 0.125 0.8433333328125 0.12898406406250001 0.8393333328124999 0.1304780875 0.8296666671875 0.13147410312500002 0.8126666671875 0.1245019921875 0.8023333328125 0.1247509953125 0.7963333328125 0.12848605625 0.7886666671875 0.134213146875 0.7753333328124999 0.142181275 0.7696666671875 0.146663346875
3 0.4373333328125 0.15587649374999998 0.4483333328125 0.17430278906250002 0.45933333281250005 0.18949203125 0.4693333328125 0.19696215156250002 0.484 0.1972111546875 0.49466666718749996 0.19148406406250001 0.514 0.178286853125 0.5276666671875 0.1660856578125 0.5303333328125001 0.154880478125 0.5253333328124999 0.1414342625 0.519 0.13371513906250002 0.509 0.1292330671875 0.5036666671875001 0.1282370515625 0.48166666718749995 0.117031871875 0.472 0.11404382500000002 0.4643333328125 0.1237549796875 0.45199999999999996 0.1391932265625 0.44299999999999995 0.14865537812500002 0.4373333328125 0.15587649374999998
0 0.37966666718750003 0.357818725 0.3866666671875 0.358814740625 0.393 0.3583167328125 0.3946666671875 0.3573207171875 0.395 0.35582669375 0.3936666671875 0.3548306765625 0.3906666671875 0.3535856578125 0.38733333281250004 0.3528386453125 0.38133333281250004 0.35408366562500004 0.377 0.35408366562500004 0.3763333328125 0.357818725 0.37966666718750003 0.357818725
0 0.4166666671875 0.35582669375 0.4216666671875 0.35707171249999997 0.42400000000000004 0.3600597609375 0.42699999999999994 0.36155378437499996 0.43233333281249997 0.360308765625 0.43566666718749997 0.3593127484375 0.43899999999999995 0.35707171249999997 0.4376666671875 0.3535856578125 0.4346666671875 0.35308765000000003 0.429 0.3553286859375 0.4256666671875 0.3528386453125 0.4226666671875 0.3508466140625 0.42033333281249996 0.35009960156250003 0.4166666671875 0.34960159375 0.41333333281250006 0.3518426296875 0.4103333328125 0.35458167343749997 0.41100000000000003 0.3553286859375 0.4166666671875 0.35582669375
0 0.4223333328125 0.30876494062500004 0.42366666718749996 0.3070219125 0.4256666671875 0.3047808765625 0.42800000000000005 0.3030378484375 0.43333333281249997 0.301543825 0.4363333328125 0.3012948203125 0.43833333281250003 0.301543825 0.43833333281250003 0.300547809375 0.43600000000000005 0.3007968125 0.43333333281249997 0.3010458171875 0.43 0.30204183281249997 0.426 0.30328685312500003 0.42400000000000004 0.3040338640625 0.4206666671875 0.305278884375 0.41966666718749995 0.3065239046875 0.4206666671875 0.307768925 0.4223333328125 0.30876494062500004
1 0.8353333328125 0.1750498015625 0.841 0.176792828125 0.8443333328125 0.175547809375 0.8483333328124999 0.169322709375 0.8506666671875 0.1635956171875 0.8560000000000001 0.16384462187499998 0.8606666671875001 0.1633466140625 0.8613333328125 0.159611553125 0.8606666671875001 0.15438247031250002 0.8560000000000001 0.14865537812500002 0.8526666671875001 0.1474103578125 0.849 0.1489043828125 0.843 0.148406375 0.8380000000000001 0.1451693234375 0.833 0.143177290625 0.8300000000000001 0.1426792828125 0.827 0.1436752984375 0.8240000000000001 0.1491533859375 0.8203333328125 0.1551294828125 0.8230000000000001 0.16384462187499998 0.8353333328125 0.1750498015625
0 0.843 0.273406375 0.844 0.27091633437499996 0.8433333328125 0.2701693234375 0.8416666671874999 0.2696713140625 0.8376666671875 0.27066733125 0.8380000000000001 0.27191234999999997 0.8400000000000001 0.2731573703125 0.843 0.273406375
0 0.426 0.2828685265625 0.4263333328125 0.2821215140625 0.426 0.2813745015625 0.425 0.2811254984375 0.42366666718749996 0.2813745015625 0.42400000000000004 0.2823705171875 0.425 0.2828685265625 0.426 0.2828685265625
0 0.8336666671874999 0.20742031875000003 0.8353333328125 0.2071713140625 0.837 0.20667330625 0.8376666671875 0.205677290625 0.8383333328125 0.204681275 0.8376666671875 0.2034362546875 0.837 0.202938246875 0.8353333328125 0.202938246875 0.8336666671874999 0.20368525937499998 0.8333333328125001 0.204681275 0.8333333328125001 0.2059262953125 0.8336666671874999 0.20742031875000003
3 0.3906666671875 0.42380478125 0.42033333281249996 0.424053784375 0.43966666718749997 0.420069721875 0.4486666671875 0.40861553749999996 0.45499999999999996 0.3936752984375 0.4503333328125 0.3792330671875 0.446 0.3725099609375 0.4226666671875 0.363047809375 0.4113333328125 0.3593127484375 0.375 0.35981075625000003 0.3736666671875 0.3807270921875 0.375 0.3979083671875 0.38333333281250004 0.4160856578125 0.3906666671875 0.42380478125
3 0.394 0.3593127484375 0.40499999999999997 0.3555776890625 0.4183333328125 0.3563247015625 0.4266666671875 0.3620517921875 0.43333333281249997 0.363047809375 0.44166666718750003 0.3585657375 0.4516666671875 0.3483565734375 0.45533333281250005 0.3393924296875 0.45466666718750004 0.33341633437499996 0.4443333328125 0.3227091640625 0.43233333281249997 0.31997011875000003 0.4176666671875 0.3174800796875 0.40700000000000003 0.317231075 0.3963333328125 0.317231075 0.383 0.31324701250000003 0.3803333328125 0.3291832671875 0.3776666671875 0.3428784859375 0.375 0.35981075625000003 0.394 0.3593127484375
3 0.7976666671875 0.123256971875 0.8126666671875 0.1245019921875 0.8296666671875 0.13147410312500002 0.8393333328124999 0.1304780875 0.8460000000000001 0.1272410359375 0.8470000000000001 0.12076693281249999 0.8470000000000001 0.1108067734375 0.8413333328125001 0.1000996015625 0.834 0.091633465625 0.8273333328125 0.0836653390625 0.8153333328124999 0.07569721093750001 0.8039999999999999 0.0682270921875 0.798 0.0649900390625 0.7936666671875 0.0639940234375 0.7893333328125001 0.067231075 0.787 0.0722111546875 0.7916666671875 0.08242031875 0.7916666671875 0.0898904375 0.7906666671875 0.0948705171875 0.7823333328125 0.099850596875 0.771 0.10308765 0.7586666671875 0.1020916328125 0.756 0.1028386453125 0.7526666671875 0.1090637453125 0.7673333328124999 0.11628486093749998 0.7823333328125 0.12226095625 0.7976666671875 0.123256971875
3 0.8003333328125001 0.32694223125 0.8156666671874999 0.336902390625 0.829 0.339641434375 0.834 0.3398904375 0.8386666671875 0.3354083671875 0.849 0.3291832671875 0.8576666671875 0.3239541828125 0.8699999999999999 0.32594621562500004 0.8813333328124999 0.3274402390625 0.89 0.3222111546875 0.8946666671875001 0.314243028125 0.8963333328124999 0.305278884375 0.891 0.3022908359375 0.8926666671874999 0.2940737046875 0.891 0.2828685265625 0.8859999999999999 0.277141434375 0.8746666671875 0.2724103578125 0.8623333328125 0.2768924296875 0.8539999999999999 0.2801294828125 0.8373333328125 0.288097609375 0.8266666671875 0.29506972187499997 0.8146666671875 0.29457171249999997 0.805 0.29332669375 0.7913333328125 0.300547809375 0.7866666671875 0.3085159359375 0.7883333328125001 0.3157370515625 0.8003333328125001 0.32694223125
3 0.6839999999999999 0.054531871875000006 0.6839999999999999 0.05801792812499999 0.6886666671875 0.06698207187500001 0.6910000000000001 0.073207171875 0.689 0.08565737031250001 0.686 0.0881474109375 0.6910000000000001 0.09188247031249999 0.6973333328125 0.0973605578125 0.702 0.100597609375 0.7153333328125 0.10308765 0.7246666671875001 0.1020916328125 0.7416666671875001 0.101344621875 0.76 0.1020916328125 0.771 0.10308765 0.7823333328125 0.099850596875 0.7906666671875 0.0948705171875 0.7916666671875 0.08242031875 0.786 0.0694721109375 0.7803333328125001 0.0612549796875 0.767 0.0512948203125 0.7576666671875001 0.0448207171875 0.7453333328125 0.039342629687500005 0.7356666671875 0.034611553125 0.7223333328125 0.03162350625 0.706 0.0341135453125 0.6946666671874999 0.039342629687500005 0.6876666671875 0.0485557765625 0.6839999999999999 0.054531871875000006
3 0.7843333328125001 0.20791832656250003 0.7946666671875 0.218127490625 0.8089999999999999 0.22634462187499998 0.8226666671875 0.225597609375 0.8300000000000001 0.222858565625 0.8463333328125 0.22534860625 0.8640000000000001 0.22534860625 0.8743333328125 0.2206175296875 0.8843333328125 0.2059262953125 0.8869999999999999 0.192729084375 0.8833333328125 0.182768925 0.8766666671875001 0.17654382500000002 0.8636666671875 0.1695717125 0.8553333328124999 0.17878486093749998 0.851 0.18376494062499998 0.8373333328125 0.18376494062499998 0.8273333328125 0.1820219125 0.8140000000000001 0.178286853125 0.8076666671874999 0.174800796875 0.796 0.17878486093749998 0.7813333328125001 0.1870019921875 0.7773333328125 0.19621513906250002 0.7843333328125001 0.20791832656250003
3 0.774 0.26045816718750003 0.7836666671875 0.2711653390625 0.7886666671875 0.2756474109375 0.7929999999999999 0.279880478125 0.8019999999999999 0.2895916328125 0.807 0.2938247015625 0.8223333328125 0.2955677296875 0.8320000000000001 0.2928286859375 0.843 0.2851095625 0.858 0.27813745 0.8720000000000001 0.27390438281249996 0.8856666671875001 0.265438246875 0.8859999999999999 0.25796812812500003 0.8853333328125 0.24875497968750002 0.8823333328125 0.2445219125 0.8816666671875 0.23356573749999998 0.8796666671875 0.224850596875 0.875 0.218127490625 0.8640000000000001 0.22534860625 0.8463333328125 0.22534860625 0.8300000000000001 0.222858565625 0.8246666671874999 0.22634462187499998 0.8053333328125 0.2258466140625 0.795 0.2258466140625 0.7773333328125 0.231822709375 0.7713333328124999 0.23605577656249999 0.7716666671875 0.25074701250000003 0.774 0.26045816718750003
3 0.5773333328125 0.0973605578125 0.5843333328125 0.1023406375 0.5940000000000001 0.100597609375 0.6033333328125 0.097111553125 0.6213333328124999 0.0928784859375 0.6433333328125 0.090388446875 0.6559999999999999 0.0893924296875 0.665 0.089641434375 0.6746666671875 0.089641434375 0.6839999999999999 0.08715139375 0.689 0.08565737031250001 0.6910000000000001 0.073207171875 0.6886666671875 0.06698207187500001 0.6839999999999999 0.05801792812499999 0.6753333328125 0.0483067734375 0.6726666671875 0.0430776890625 0.658 0.035607570312499996 0.645 0.0336155375 0.6323333328125 0.0348605578125 0.614 0.0368525890625 0.6036666671875001 0.039342629687500005 0.589 0.04257968125 0.5776666671874999 0.050547809374999995 0.572 0.061503984375 0.5693333328125 0.07868525937500001 0.5693333328125 0.083416334375 0.5773333328125 0.0973605578125
3 0.4193333328125 0.2502490046875 0.4303333328125 0.2524900390625 0.4463333328125 0.24975099531249997 0.4566666671875 0.24676294843750002 0.4766666671875 0.24252988125 0.4886666671875 0.2375498015625 0.49766666718749997 0.22808765000000003 0.502 0.2171314734375 0.5006666671875 0.20791832656250003 0.4943333328125 0.2016932265625 0.48600000000000004 0.196713146875 0.4693333328125 0.19696215156250002 0.46166666718749994 0.1924800796875 0.44800000000000006 0.1907370515625 0.433 0.192729084375 0.421 0.195468128125 0.4153333328125 0.1992031875 0.4063333328125 0.2168824703125 0.4023333328125 0.232818725 0.40499999999999997 0.24053784843749998 0.4193333328125 0.2502490046875
3 0.384 0.3067729078125 0.387 0.3129980078125 0.3963333328125 0.317231075 0.40700000000000003 0.317231075 0.4176666671875 0.3174800796875 0.43233333281249997 0.31997011875000003 0.44733333281250004 0.323207171875 0.4573333328125 0.3222111546875 0.46733333281249995 0.3149900390625 0.47133333281249995 0.30727091562500003 0.4726666671875 0.2995517921875 0.4803333328125 0.2930776890625 0.48600000000000004 0.2788844625 0.4863333328125 0.26892430312500004 0.485 0.2612051796875 0.48166666718749995 0.25522908437499997 0.4766666671875 0.24975099531249997 0.4646666671875 0.2457669328125 0.4583333328125 0.24651394375 0.4463333328125 0.24975099531249997 0.4303333328125 0.2524900390625 0.4193333328125 0.2502490046875 0.40499999999999997 0.24053784843749998 0.4023333328125 0.2370517921875 0.4006666671875 0.2412848609375 0.3946666671875 0.261952190625 0.3916666671875 0.279133465625 0.3866666671875 0.2923306765625 0.384 0.3067729078125
3 0.49000000000000005 0.1127988046875 0.49466666718749996 0.1225099609375 0.5036666671875001 0.1282370515625 0.5153333328125 0.12873505937500002 0.53 0.12699203125 0.5446666671875 0.1237549796875 0.557 0.11877489999999999 0.5626666671875 0.11354581718750001 0.5673333328125 0.10831673281250001 0.5736666671874999 0.1045816734375 0.5773333328125 0.0991035859375 0.5683333328125 0.0826693234375 0.5593333328125001 0.07569721093750001 0.545 0.0674800796875 0.5363333328125 0.064243028125 0.5269999999999999 0.0629980078125 0.512 0.0739541828125 0.49733333281250003 0.086902390625 0.491 0.1045816734375 0.49000000000000005 0.1127988046875