3 0.263 0.78975 0.2816666671875 0.79825 0.2868333328125 0.77225 0.2958333328125 0.73075 0.30533333281249997 0.701 0.3096666671875 0.67825 0.3105 0.64325 0.3118333328125 0.62325 0.3166666671875 0.61475 0.311 0.6045 0.2928333328125 0.6025 0.2716666671875 0.5980000000000001 0.2595 0.60175 0.25 0.61675 0.24700000000000003 0.7035 0.2483333328125 0.77025 0.2491666671875 0.78075 0.263 0.78975
3 0.43116666718749996 0.808 0.43200000000000005 0.84175 0.45366666718750004 0.84825 0.47816666718749995 0.85125 0.48650000000000004 0.8275 0.5015 0.77025 0.5106666671875 0.73525 0.4993333328125 0.68275 0.4928333328125 0.66025 0.4925 0.6407499999999999 0.48683333281249996 0.62775 0.47816666718749995 0.62325 0.46699999999999997 0.6285000000000001 0.454 0.62775 0.44400000000000006 0.627 0.4303333328125 0.63025 0.4206666671875 0.63025 0.4068333328125 0.63225 0.40133333281250005 0.642 0.40433333281249995 0.675 0.4051666671875 0.7315 0.41550000000000004 0.77175 0.43116666718749996 0.808
3 0.3356666671875 0.8157500000000001 0.3421666671875 0.8247500000000001 0.35983333281249996 0.82925 0.37316666718749997 0.7925 0.391 0.7542500000000001 0.4026666671875 0.73075 0.4021666671875 0.6905 0.3978333328125 0.6685 0.3918333328125 0.65175 0.3826666671875 0.6367499999999999 0.371 0.6335 0.3628333328125 0.6265 0.35383333281249996 0.62 0.3408333328125 0.6155 0.3291666671875 0.61475 0.3178333328125 0.61475 0.3118333328125 0.6224999999999999 0.3096666671875 0.6757500000000001 0.3166666671875 0.7255 0.3295 0.7877500000000001 0.3356666671875 0.8157500000000001
3 0.712 0.34249999999999997 0.7070000000000001 0.369 0.704 0.38849999999999996 0.6968333328125 0.41775 0.7055 0.43224999999999997 0.7178333328125001 0.43724999999999997 0.734 0.43600000000000005 0.7623333328124999 0.43499999999999994 0.77 0.43324999999999997 0.7825 0.39775 0.7955 0.335 0.7983333328125 0.30474999999999997 0.7983333328125 0.2725 0.7868333328125 0.2595 0.7735000000000001 0.25175000000000003 0.762 0.255 0.7483333328125 0.2725 0.7303333328125 0.30325 0.7191666671875 0.32425000000000004 0.712 0.34249999999999997
3 0.47933333281249996 0.36324999999999996 0.4818333328125 0.40750000000000003 0.48333333281249996 0.41925 0.4886666671875 0.4285 0.4988333328125 0.4345 0.5106666671875 0.43724999999999997 0.5233333328125 0.43550000000000005 0.532 0.43174999999999997 0.5435 0.42575 0.5509999999999999 0.42474999999999996 0.5633333328125001 0.4295 0.5751666671875 0.43224999999999997 0.5931666671875 0.43075 0.6096666671875 0.422 0.6241666671874999 0.4025 0.6323333328125 0.368 0.6316666671875 0.335 0.6298333328125 0.30274999999999996 0.6151666671875 0.26925 0.608 0.25025 0.6031666671875 0.24225 0.5693333328125 0.2465 0.5118333328125 0.25125000000000003 0.4998333328125 0.254 0.4966666671875 0.2615 0.49050000000000005 0.282 0.48333333281249996 0.307 0.4783333328125 0.31725 0.47933333281249996 0.36324999999999996
3 0.3338333328125 0.41600000000000004 0.3458333328125 0.42675 0.3623333328125 0.4345 0.3741666671875 0.43 0.39 0.4345 0.4101666671875 0.434 0.42716666718749996 0.43 0.4405 0.42625 0.4538333328125 0.42424999999999996 0.47066666718750005 0.41974999999999996 0.47866666718750006 0.41125 0.48266666718750006 0.4025 0.4805 0.356 0.4783333328125 0.3145 0.4681666671875 0.29225 0.4603333328125 0.26525 0.4556666671875 0.25625 0.4405 0.25775000000000003 0.4228333328125 0.2595 0.3968333328125 0.25775000000000003 0.37966666718750003 0.25625 0.35983333281249996 0.2535 0.3461666671875 0.24975 0.33999999999999997 0.2955 0.3295 0.368 0.3291666671875 0.39975 0.3338333328125 0.41600000000000004
3 0.5131666671875 0.738 0.5269999999999999 0.7735000000000001 0.5435 0.80525 0.5543333328125 0.8195 0.5660000000000001 0.8215 0.5745 0.8099999999999999 0.5831666671875 0.78 0.5915 0.7384999999999999 0.6005 0.71275 0.5991666671875 0.6900000000000001 0.5966666671875 0.64925 0.5953333328125 0.62775 0.5931666671875 0.61675 0.5866666671874999 0.6115 0.5663333328125 0.61225 0.5511666671875 0.61425 0.5353333328125001 0.6155 0.5218333328125 0.61675 0.5063333328125 0.618 0.5015 0.6265 0.5003333328124999 0.6497499999999999 0.49766666718749997 0.67 0.5066666671875 0.70225 0.5131666671875 0.738
3 0.2116666671875 0.458 0.2213333328125 0.4715 0.23133333281250001 0.46875 0.24 0.472 0.2483333328125 0.47300000000000003 0.266 0.471 0.2713333328125 0.46775 0.2828333328125 0.4525 0.27599999999999997 0.4305 0.2706666671875 0.40449999999999997 0.27 0.351 0.25516666718750003 0.3235 0.2375 0.29425 0.22999999999999998 0.27425 0.2245 0.26349999999999996 0.21116666718750002 0.2645 0.1935 0.2685 0.192 0.2745 0.1925 0.28125 0.1931666671875 0.32725 0.195 0.3895 0.2 0.425 0.2116666671875 0.458
3 0.6078333328125 0.72375 0.6203333328125 0.7405 0.632 0.76125 0.648 0.78925 0.6558333328125 0.7995 0.6721666671875 0.78525 0.6826666671875 0.75875 0.6886666671875 0.705 0.6908333328125 0.64525 0.6873333328125 0.6155 0.683 0.59475 0.6756666671875 0.587 0.6605000000000001 0.58675 0.6403333328125 0.5934999999999999 0.626 0.59525 0.6078333328125 0.6115 0.5966666671875 0.62975 0.5961666671875 0.6407499999999999 0.5966666671875 0.6685 0.6026666671875 0.701 0.6078333328125 0.72375
3 0.7563333328125 0.7825 0.7688333328125 0.7785 0.7753333328124999 0.7455 0.7718333328125 0.69225 0.7688333328125 0.64625 0.7666666671875 0.6165 0.7558333328125 0.5872499999999999 0.7498333328125 0.5820000000000001 0.733 0.58525 0.7161666671875 0.5860000000000001 0.6985 0.5872499999999999 0.6825 0.588 0.6811666671875 0.59325 0.689 0.61375 0.6910000000000001 0.649 0.6906666671874999 0.671 0.6898333328125 0.689 0.7026666671874999 0.72025 0.7218333328125001 0.765 0.7408333328125 0.77725 0.7563333328125 0.7825
0 0.7026666671874999 0.26375000000000004 0.7043333328125 0.26625 0.7055 0.26549999999999996 0.7051666671875 0.26275 0.7043333328125 0.25875 0.7035 0.255 0.7016666671875 0.2515 0.6983333328125 0.24674999999999997 0.696 0.24275000000000002 0.6935 0.24 0.6916666671875 0.23875000000000002 0.6901666671875 0.23825 0.6883333328125001 0.2375 0.6888333328125 0.2385 0.6901666671875 0.24100000000000002 0.6940000000000001 0.24525000000000002 0.697 0.252 0.6998333328124999 0.25775000000000003 0.7026666671874999 0.26375000000000004
1 0.6848333328125 0.259 0.6905 0.2645 0.696 0.27 0.7008333328125 0.271 0.7038333328124999 0.269 0.7041666671875 0.275 0.7071666671875 0.27375 0.7075 0.27025 0.7041666671875 0.252 0.6993333328125 0.24500000000000002 0.6958333328124999 0.24100000000000002 0.6906666671874999 0.23775 0.6848333328125 0.23475000000000001 0.6806666671875 0.23325 0.678 0.23399999999999999 0.6738333328125 0.236 0.6726666671875 0.24100000000000002 0.6768333328125 0.24625 0.6801666671875 0.25375000000000003 0.6816666671875 0.25825 0.6848333328125 0.259
3 0.6328333328125 0.36425 0.6248333328125 0.40049999999999997 0.6165 0.4145 0.6211666671875 0.42575 0.6306666671875 0.43174999999999997 0.644 0.43274999999999997 0.6503333328124999 0.43925000000000003 0.6651666671875 0.4405 0.6831666671875001 0.43550000000000005 0.6896666671875 0.43174999999999997 0.6980000000000001 0.41550000000000004 0.7051666671875 0.38575 0.7098333328125 0.34425 0.7091666671875 0.3015 0.7076666671875 0.27125 0.7045 0.25175000000000003 0.6968333328125 0.2405 0.6813333328125 0.23174999999999998 0.6713333328125 0.23675000000000002 0.6586666671875 0.25675 0.6391666671875 0.29300000000000004 0.6301666671875 0.31625000000000003 0.6328333328125 0.36425
3 0.8230000000000001 0.7252500000000001 0.8368333328125 0.709 0.8394999999999999 0.6735 0.8403333328124999 0.63575 0.8335000000000001 0.58775 0.8265 0.5625 0.8091666671875 0.55025 0.7811666671874999 0.54775 0.7635 0.56525 0.7434999999999999 0.56375 0.725 0.5690000000000001 0.721 0.58075 0.7361666671875 0.5845 0.7513333328125 0.5845 0.7608333328125 0.5974999999999999 0.7673333328124999 0.61775 0.7703333328124999 0.65075 0.788 0.6735 0.8036666671875 0.69225 0.8153333328124999 0.7115 0.8230000000000001 0.7252500000000001
3 0.7969999999999999 0.3275 0.7901666671875 0.3625 0.784 0.39275000000000004 0.7876666671875 0.403 0.8001666671875001 0.41174999999999995 0.8128333328125 0.41275000000000006 0.8246666671874999 0.41775 0.8326666671874999 0.41925 0.8550000000000001 0.40525 0.8615 0.39875 0.8675 0.39775 0.8721666671875001 0.39025 0.8786666671875001 0.37075 0.8801666671874999 0.3545 0.8748333328125 0.33825 0.8751666671875 0.3145 0.8736666671875 0.29125 0.8678333328125 0.273 0.8628333328125001 0.2615 0.8503333328125 0.25825 0.8426666671874999 0.2615 0.8380000000000001 0.26749999999999996 0.8301666671874999 0.28275 0.819 0.301 0.807 0.313 0.7969999999999999 0.3275
3 0.2708333328125 0.40525 0.2773333328125 0.43775000000000003 0.2831666671875 0.45175 0.2925 0.4615 0.31016666718749997 0.46575 0.3201666671875 0.46799999999999997 0.3353333328125 0.4625 0.35150000000000003 0.45125000000000004 0.362 0.43875000000000003 0.3651666671875 0.4295 0.3543333328125 0.43224999999999997 0.3418333328125 0.42424999999999996 0.3306666671875 0.409 0.3285 0.394 0.3306666671875 0.35350000000000004 0.3331666671875 0.3085 0.3331666671875 0.29500000000000004 0.3136666671875 0.268 0.305 0.2545 0.2986666671875 0.2475 0.2875 0.2485 0.2785 0.27775 0.272 0.333 0.2701666671875 0.37925 0.2708333328125 0.40525