3 0.18918918906249999 0.623711340625 0.2046332046875 0.6340206187499999 0.227799228125 0.6391752578125 0.247104246875 0.6391752578125 0.277992278125 0.6494845359375 0.3127413125 0.644329896875 0.328185328125 0.623711340625 0.33976833906250004 0.59793814375 0.3359073359375 0.5618556703124999 0.3204633203125 0.536082475 0.297297296875 0.510309278125 0.2664092671875 0.489690721875 0.2509652515625 0.47938144375 0.21235521249999997 0.47938144375 0.19305019375000002 0.4948453609375 0.1853281859375 0.510309278125 0.17760617812499999 0.5515463921875 0.18146718125 0.5773195875 0.1853281859375 0.6082474234374999 0.18918918906249999 0.623711340625
3 0.8069498062499999 0.912371134375 0.833976834375 0.9536082468749999 0.8764478765625 0.9742268046874999 0.9073359078125 0.9845360828124999 0.9420849421874999 0.969072165625 0.965250965625 0.9484536078125 0.9768339765625 0.9175257734375 0.9768339765625 0.8814432984374999 0.9768339765625 0.835051546875 0.965250965625 0.798969071875 0.953667953125 0.778350515625 0.9343629343750001 0.7731958765625 0.91891891875 0.7835051546875 0.8841698843750001 0.798969071875 0.8494208499999999 0.798969071875 0.8378378375000001 0.8041237109375 0.81853281875 0.8298969078124999 0.8108108109375 0.855670103125 0.8030888031250001 0.8865979375 0.8069498062499999 0.912371134375
3 0.409266409375 0.35567010312499997 0.44401544375 0.3505154640625 0.4980694984375 0.34020618593749996 0.5173745171874999 0.335051546875 0.5289575296875 0.3041237109375 0.525096525 0.257731959375 0.5096525093750001 0.2371134015625 0.49034749062499994 0.2319587625 0.45559845625 0.2319587625 0.42084942031250006 0.2474226796875 0.3976833984375 0.2680412375 0.37451737500000004 0.2835051546875 0.38223938281250003 0.3144329890625 0.39382239375 0.34020618593749996 0.409266409375 0.35567010312499997
3 0.5714285718750001 0.345360825 0.5984555984375 0.35567010312499997 0.625482625 0.35567010312499997 0.6602316609375001 0.3505154640625 0.675675675 0.31958762812499997 0.6795366796875 0.2835051546875 0.6640926640625 0.2474226796875 0.6293436296875 0.24226804062500001 0.5984555984375 0.2371134015625 0.5637065640625 0.2371134015625 0.55598455625 0.2371134015625 0.5366795359375 0.257731959375 0.5289575296875 0.2680412375 0.5289575296875 0.3041237109375 0.540540540625 0.32474226875 0.5714285718750001 0.345360825
3 0.347490346875 0.4742268046875 0.3552123546875 0.45876288593750003 0.3629343625 0.43298969062500003 0.3667953671875 0.40206185625 0.3629343625 0.36597938124999996 0.3513513515625 0.335051546875 0.33204633281249996 0.31958762812499997 0.3050193046875 0.3144329890625 0.277992278125 0.3298969078125 0.258687259375 0.36597938124999996 0.2355212359375 0.40206185625 0.23166023125000001 0.4484536078125 0.3011583015625 0.469072165625 0.347490346875 0.4742268046875
3 0.70656370625 0.6855670109374999 0.7258687265625 0.7061855671874999 0.7567567562499999 0.721649484375 0.783783784375 0.7061855671874999 0.8262548265625 0.6804123718749999 0.8494208499999999 0.654639175 0.8571428578125 0.623711340625 0.8571428578125 0.5773195875 0.8416988421875 0.5412371140625 0.8301158296875 0.536082475 0.7722007718749999 0.5412371140625 0.752895753125 0.5515463921875 0.7297297296874999 0.5773195875 0.7104247109374999 0.6134020625 0.702702703125 0.6391752578125 0.70656370625 0.6855670109374999
3 0.127413128125 0.7525773203125 0.1583011578125 0.7680412375000001 0.19305019375000002 0.7886597937500001 0.21235521249999997 0.7886597937500001 0.2509652515625 0.7835051546875 0.2625482625 0.7474226796875 0.2702702703125 0.7061855671874999 0.25482625468750003 0.67525773125 0.227799228125 0.644329896875 0.2046332046875 0.6340206187499999 0.17760617812499999 0.6134020625 0.15057915 0.6185567015625 0.1428571421875 0.623711340625 0.13127413125 0.6391752578125 0.127413128125 0.6701030921875 0.127413128125 0.7113402062499999 0.127413128125 0.7319587624999999 0.127413128125 0.7525773203125
3 0.7104247109374999 0.45876288593750003 0.71814671875 0.47938144375 0.7297297296874999 0.5051546390625 0.7606177609375 0.5412371140625 0.7953667953125 0.536082475 0.8146718140625 0.530927834375 0.8378378375000001 0.489690721875 0.8301158296875 0.4484536078125 0.81853281875 0.412371134375 0.8069498062499999 0.38144329843749997 0.7915057921875001 0.36597938124999996 0.76833976875 0.3608247421875 0.741312740625 0.36597938124999996 0.71814671875 0.376288659375 0.7104247109374999 0.3969072171875 0.7104247109374999 0.4278350515625 0.7104247109374999 0.45876288593750003
3 0.625482625 0.469072165625 0.652509653125 0.4845360828125 0.675675675 0.489690721875 0.691119690625 0.47938144375 0.7104247109374999 0.469072165625 0.7142857140625 0.4484536078125 0.7104247109374999 0.4226804125 0.7104247109374999 0.40206185625 0.70656370625 0.38659793750000004 0.6949806953125 0.376288659375 0.6679536671874999 0.3608247421875 0.6447876453125 0.35567010312499997 0.6293436296875 0.3505154640625 0.6177606171875001 0.3711340203125 0.5984555984375 0.3969072171875 0.590733590625 0.4175257734375 0.5945945953125 0.4381443296875 0.625482625 0.469072165625
3 0.43629343593750003 0.47938144375 0.459459459375 0.489690721875 0.478764478125 0.4845360828125 0.4826254828125 0.4484536078125 0.478764478125 0.4226804125 0.46332046406250005 0.40206185625 0.44787644843749996 0.3917525765625 0.389961390625 0.3917525765625 0.3706563703125 0.3969072171875 0.3629343625 0.4381443296875 0.359073359375 0.463917525 0.37837837812499997 0.47938144375 0.43629343593750003 0.47938144375
3 0.8030888031250001 0.778350515625 0.81853281875 0.7938144328125001 0.8416988421875 0.798969071875 0.8803088796875 0.798969071875 0.9266409265625001 0.778350515625 0.93050193125 0.757731959375 0.9382239374999999 0.7113402062499999 0.93050193125 0.67525773125 0.9227799234375 0.6494845359375 0.903474903125 0.6391752578125 0.8764478765625 0.6288659796875 0.8571428578125 0.6391752578125 0.8455598453125001 0.654639175 0.8262548265625 0.6804123718749999 0.8069498062499999 0.69072165 0.8030888031250001 0.701030928125 0.7953667953125 0.7164948453125 0.7915057921875001 0.7371134015624999 0.7953667953125 0.757731959375 0.8030888031250001 0.778350515625
3 0.030888031249999996 0.8402061859375 0.038610039062500004 0.876288659375 0.06177606249999999 0.8917525765625 0.08108108124999999 0.912371134375 0.09652509687500001 0.9381443296875001 0.11583011562500001 0.9536082468749999 0.13127413125 0.9484536078125 0.16216216249999998 0.9329896906249999 0.17760617812499999 0.9072164953125 0.2084942078125 0.876288659375 0.21235521249999997 0.8298969078124999 0.20077219999999998 0.798969071875 0.1544401546875 0.7680412375000001 0.1235521234375 0.7474226796875 0.1235521234375 0.7164948453125 0.09652509687500001 0.7061855671874999 0.0733590734375 0.721649484375 0.065637065625 0.7319587624999999 0.0540540546875 0.7525773203125 0.0424710421875 0.7835051546875 0.030888031249999996 0.798969071875 0.030888031249999996 0.8402061859375