0 0.7321373343750001 0.32374768125000003 0.73244664375 0.322356215625 0.7321373343750001 0.32142857187499996 0.7315187125 0.32096475 0.7309000921875 0.32189239375 0.7309000921875 0.3228200375 0.7315187125 0.32374768125000003 0.7321373343750001 0.32374768125000003
0 0.721311475 0.33302411875 0.7219300953125 0.3339517625 0.722548715625 0.3339517625 0.7231673375 0.33441558437499996 0.7240952671875001 0.335343228125 0.7244045781249999 0.33487940625 0.7253325078125 0.33441558437499996 0.7262604390625 0.3339517625 0.7268790593750001 0.3339517625 0.727806990625 0.3339517625 0.7281163 0.33302411875 0.72904423125 0.332096475 0.7293535421875 0.33116883124999996 0.7293535421875 0.33024118750000003 0.72904423125 0.329777365625 0.7284256109375 0.328849721875 0.7281163 0.3283859 0.7268790593750001 0.32792207812499996 0.7262604390625 0.32699443437500003 0.72564181875 0.3265306125 0.7250231984375 0.3265306125 0.7240952671875001 0.3265306125 0.7231673375 0.326066790625 0.7219300953125 0.326066790625 0.7210021656250001 0.3265306125 0.720074234375 0.32699443437500003 0.719764925 0.32699443437500003 0.7191463031249999 0.32745825625 0.720074234375 0.328849721875 0.7206928546875 0.33024118750000003 0.7210021656250001 0.331632653125 0.721311475 0.33302411875
3 0.610578409375 0.326066790625 0.6130528921875 0.32792207812499996 0.6155273734375 0.32931354375 0.6189297859375 0.32931354375 0.622641509375 0.326066790625 0.625115990625 0.318645640625 0.62480668125 0.3107606671875 0.62387875 0.3005565859375 0.6217135781249999 0.28896103906250004 0.6170739249999999 0.2838589984375 0.6139808234374999 0.2820037109375 0.6102691 0.2843228203125 0.6068666875 0.2875695734375 0.6062480671875 0.28896103906250004 0.6053201359375 0.2945269015625 0.6053201359375 0.30194805156250004 0.6062480671875 0.3116883109375 0.608103928125 0.32050092812500003 0.610578409375 0.326066790625
3 0.71883699375 0.339053803125 0.72223940625 0.34230055625 0.7259511296875 0.34415584374999997 0.7339931953125001 0.346474953125 0.7401793999999999 0.34786641875 0.7432725015625 0.345547309375 0.7463656046875 0.339517625 0.7488400859375 0.332560296875 0.749149396875 0.326066790625 0.745746984375 0.3153988875 0.7398700890625001 0.3089053796875 0.7339931953125001 0.3033395171875 0.7296628515625 0.3033395171875 0.72223940625 0.3075139140625 0.7182183734375001 0.314935065625 0.7172904421874999 0.32142857187499996 0.7169811328125 0.32931354375 0.7172904421874999 0.335343228125 0.71883699375 0.339053803125
0 0.6074853078125 0.3005565859375 0.608103928125 0.3000927640625 0.6087225484375 0.3010204078125 0.60934116875 0.30194805156250004 0.610578409375 0.30287569531249997 0.611506340625 0.3024118734375 0.6118156515625001 0.3005565859375 0.6121249609375 0.29962894218749997 0.6130528921875 0.2982374765625 0.6133622015625 0.2973098328125 0.612434271875 0.2959183671875 0.6118156515625001 0.2945269015625 0.6108877203125 0.2931354359375 0.6099597890624999 0.2917439703125 0.6087225484375 0.2912801484375 0.6077946187500001 0.29220779218750004 0.6062480671875 0.2931354359375 0.60593875625 0.29545454531250004 0.6062480671875 0.2977736546875 0.6068666875 0.3000927640625 0.6074853078125 0.3005565859375
0 0.6597587375 0.2940630796875 0.6597587375 0.2931354359375 0.6594494281250001 0.2926716140625 0.6588308078125 0.2931354359375 0.6588308078125 0.2945269015625 0.6591401171875 0.29545454531250004 0.6594494281250001 0.2949907234375 0.6597587375 0.2940630796875
0 0.680791834375 0.30287569531249997 0.679863903125 0.30287569531249997 0.679863903125 0.30194805156250004 0.6792452828125 0.3024118734375 0.6792452828125 0.3042671609375 0.67955459375 0.3047309828125 0.6804825234375 0.3038033390625 0.680791834375 0.30287569531249997
0 0.7083204453125 0.3191094625 0.708939065625 0.3191094625 0.708939065625 0.318645640625 0.7092483765625001 0.31818181874999996 0.708939065625 0.317717996875 0.70862975625 0.317254175 0.7080111359375 0.316790353125 0.7073925140624999 0.31818181874999996 0.7073925140624999 0.3191094625 0.7083204453125 0.3191094625
3 0.6390349515625 0.317717996875 0.64181874375 0.326066790625 0.6461490875 0.33116883124999996 0.6498608109374999 0.33302411875 0.6532632234375 0.332560296875 0.6535725328125 0.332560296875 0.6569749453125 0.332560296875 0.661923909375 0.33719851562500003 0.6668728734375 0.339053803125 0.669656665625 0.33673469375 0.6724404578125001 0.331632653125 0.673059078125 0.317254175 0.6727497687499999 0.3093692015625 0.668419425 0.3010204078125 0.6643983921875 0.2931354359375 0.657593565625 0.28617810781249997 0.652644603125 0.2852504640625 0.6489328796875 0.28617810781249997 0.6455304671875 0.2898886828125 0.641509434375 0.2973098328125 0.6393442625 0.30287569531249997 0.6387256421874999 0.3112244890625 0.6390349515625 0.317717996875
3 0.6724404578125001 0.33441558437499996 0.6736776984375 0.34044526875000003 0.6801732140625 0.34415584374999997 0.6891432109375 0.345547309375 0.6950201046875 0.344619665625 0.6990411375 0.3432282 0.7024435515625 0.339981446875 0.706464584375 0.33580705 0.7095576859375 0.32745825625 0.712341478125 0.32142857187499996 0.7132694093749999 0.316790353125 0.71017630625 0.3093692015625 0.702134240625 0.29870129843750004 0.69656665625 0.2949907234375 0.6869780390625 0.2931354359375 0.68295700625 0.29638218906249997 0.6792452828125 0.3010204078125 0.6752242500000001 0.3084415578125 0.6724404578125001 0.317717996875 0.6724404578125001 0.33441558437499996
3 0.7624497375 0.3631725421875 0.7652335296875 0.3678107609375 0.7692545625 0.3705936921875 0.7742035265625 0.3701298703125 0.7776059390625 0.3654916515625 0.7822455921875 0.3603896109375 0.7834828328125 0.35760667968750004 0.7856480046875001 0.35157699375 0.788431796875 0.34693877500000003 0.7921435203125 0.34044526875000003 0.79307145 0.333487940625 0.788431796875 0.32374768125000003 0.7819362828124999 0.31632653125 0.7760593874999999 0.313079778125 0.7633776671875 0.315862709375 0.7553356015625 0.32467532499999996 0.752551809375 0.32745825625 0.751623878125 0.331632653125 0.752551809375 0.34090909062499997 0.7556449125 0.351113171875 0.7578100828125 0.3562152140625 0.7624497375 0.3631725421875
3 0.6241880609375 0.3121521328125 0.626043921875 0.315862709375 0.63161150625 0.31818181874999996 0.6368697796875 0.31447124375 0.64027219375 0.3056586265625 0.6405815031250001 0.2982374765625 0.6377977109375 0.2917439703125 0.6343952984375 0.2847866421875 0.631302196875 0.2787569578125 0.629137025 0.27597402656250003 0.6266625421875001 0.2773654921875 0.625115990625 0.2847866421875 0.62387875 0.2935992578125 0.6235694406250001 0.3000927640625 0.6241880609375 0.3121521328125
3 0.7992576546875 0.3729128015625 0.8017321374999999 0.3770871984375 0.8066811015625 0.3807977734375 0.81101144375 0.3817254171875 0.8156510984375 0.3817254171875 0.8168883390625 0.3798701296875 0.8190535109375 0.3687384046875 0.8206000625 0.3599257890625 0.8221466124999999 0.34972170625 0.8178162703125 0.342764378125 0.8122486859375 0.338126159375 0.8076090312499999 0.33673469375 0.8035879984375001 0.344619665625 0.7958552421875 0.34972170625 0.793690071875 0.35157699375 0.79059696875 0.35157699375 0.7887411078125 0.35435992656250004 0.789359728125 0.3645640078125 0.7921435203125 0.3701298703125 0.796164553125 0.3729128015625 0.7992576546875 0.3729128015625
0 0.7673987015625 0.34693877500000003 0.7689452515624999 0.34740259687499997 0.7698731828125001 0.3487940625 0.771419734375 0.35018552812500003 0.7726569750000001 0.35018552812500003 0.7732755953125 0.348330240625 0.773894215625 0.3450834875 0.7745128359375 0.3450834875 0.7745128359375 0.34601113125 0.774822146875 0.3487940625 0.774822146875 0.349257884375 0.7742035265625 0.3487940625 0.77358490625 0.35064934999999997 0.774822146875 0.351113171875 0.7757500765625001 0.351113171875 0.7766780078125 0.34972170625 0.7776059390625 0.349257884375 0.7776059390625 0.35064934999999997 0.777296628125 0.352968459375 0.7776059390625 0.35528757031249997 0.778224559375 0.3557513921875 0.779152490625 0.3557513921875 0.7794618 0.3571428578125 0.7800804203125 0.35853432343749997 0.78038973125 0.3594619671875 0.7819362828124999 0.35760667968750004 0.7837921437500001 0.3548237484375 0.784720075 0.352040815625 0.786266625 0.3450834875 0.786266625 0.342764378125 0.785029384375 0.34044526875000003 0.7822455921875 0.338126159375 0.7813176609375 0.336270871875 0.7797711109375001 0.336270871875 0.777296628125 0.336270871875 0.7760593874999999 0.336270871875 0.7742035265625 0.33487940625 0.7732755953125 0.33441558437499996 0.7720383546875 0.33441558437499996 0.769563871875 0.33673469375 0.7677080109375 0.33673469375 0.7664707703125 0.33673469375 0.7649242187499999 0.33673469375 0.7639962875 0.339053803125 0.7649242187499999 0.339981446875 0.7649242187499999 0.34044526875000003 0.763686978125 0.34230055625 0.7624497375 0.34415584374999997 0.7639962875 0.345547309375 0.7652335296875 0.3450834875 0.766161459375 0.346474953125 0.7673987015625 0.34693877500000003
0 0.6579028765625 0.32560296875 0.6566656359375 0.325139146875 0.6554283953125 0.325139146875 0.65388184375 0.32560296875 0.6529539125 0.32699443437500003 0.6523352921875001 0.328849721875 0.6532632234375 0.329777365625 0.65388184375 0.32931354375 0.655119084375 0.32745825625 0.6557377046874999 0.32699443437500003 0.6566656359375 0.3265306125 0.65728425625 0.32699443437500003 0.6579028765625 0.32699443437500003 0.6588308078125 0.32699443437500003 0.6591401171875 0.32792207812499996 0.6591401171875 0.32931354375 0.6594494281250001 0.330705009375 0.6600680484375 0.331632653125 0.6603773578125 0.331632653125 0.6600680484375 0.329777365625 0.6600680484375 0.32792207812499996 0.6591401171875 0.3265306125 0.6579028765625 0.32560296875
0 0.7352304359375 0.33580705 0.735539746875 0.33673469375 0.7361583671874999 0.33766233749999996 0.7367769875 0.338126159375 0.737086296875 0.338126159375 0.7380142281250001 0.33766233749999996 0.7383235390625 0.33766233749999996 0.738942159375 0.33719851562500003 0.73925146875 0.336270871875 0.7395607796875 0.335343228125 0.7398700890625001 0.33487940625 0.7401793999999999 0.333487940625 0.7398700890625001 0.332560296875 0.73925146875 0.331632653125 0.738942159375 0.330705009375 0.7380142281250001 0.329777365625 0.73770491875 0.329777365625 0.737086296875 0.32931354375 0.73584905625 0.33024118750000003 0.7349211265625 0.33116883124999996 0.734611815625 0.332560296875 0.7349211265625 0.33302411875 0.7352304359375 0.33441558437499996 0.7352304359375 0.33580705