3 0.6180769234375 0.458742065625 0.624615384375 0.45412579375 0.634615384375 0.44893248750000003 0.6476923078125 0.45412579375 0.6484615390624999 0.4495095203125 0.64423076875 0.4321985 0.63923076875 0.42412002343750005 0.6330769234375 0.41027120625 0.625 0.4068090015625 0.614615384375 0.4137334109375 0.6084615390625 0.4218118875 0.60423076875 0.43681477187500006 0.608846153125 0.4633583375 0.6119230765625 0.46220427031250005 0.6180769234375 0.458742065625
3 0.6788461531250001 0.6064627812500001 0.6788461531250001 0.5937680328125 0.6765384609375 0.5822273515624999 0.6719230765625 0.5764570109375 0.6630769234375 0.574725909375 0.6580769234375 0.5764570109375 0.6530769234375 0.5810732828125 0.6580769234375 0.585112521875 0.6603846156250001 0.5879976921875001 0.659615384375 0.6105020203125 0.6588461531250001 0.6301211765625 0.6634615390625 0.6376226203125 0.6776923078125 0.6324293140624999 0.67923076875 0.6220427 0.6788461531250001 0.6064627812500001
3 0.593846153125 0.66070398125 0.6 0.6647432203125 0.6084615390625 0.6641661859375 0.6130769234375 0.662435084375 0.615384615625 0.649740334375 0.6169230765625 0.6301211765625 0.6180769234375 0.617426428125 0.6176923078125001 0.611079053125 0.6134615390625 0.6081938828125 0.6076923078124999 0.60761685 0.603846153125 0.6099249859375 0.5980769234375 0.6087709171875 0.5930769234375 0.6116560875 0.5919230765625 0.61684939375 0.5926923078125 0.627813040625 0.5923076921875 0.638199653125 0.5919230765625 0.6520484703125 0.593846153125 0.66070398125
3 0.631153846875 0.5424120015625 0.63423076875 0.5533756484375 0.638846153125 0.5614541265625 0.6430769234375 0.5603000578125 0.6469230765625 0.55626081875 0.649615384375 0.5499134453125001 0.6523076921875 0.534910559375 0.6665384609375 0.5297172531250001 0.675 0.5256780156249999 0.6834615390625001 0.5320253890625 0.68423076875 0.524523946875 0.6769230765625001 0.5060588578125 0.66923076875 0.49913444843750004 0.666153846875 0.492787075 0.661153846875 0.492210040625 0.6519230765625 0.49394114218749996 0.646153846875 0.497403346875 0.64 0.5002885171875 0.6330769234375 0.5049047890625 0.6292307687500001 0.512983265625 0.63 0.5216387765625 0.631153846875 0.5320253890625 0.631153846875 0.5424120015625
3 0.63923076875 0.6462781296875 0.6465384609375 0.6474321984375 0.6565384609375 0.6387766874999999 0.6580769234375 0.6301211765625 0.659615384375 0.6081938828125 0.6599999999999999 0.5949221 0.6603846156250001 0.5874206578125001 0.6569230765625 0.5833814187499999 0.6484615390624999 0.5862665890625001 0.641153846875 0.58972879375 0.6365384609375 0.590305828125 0.635384615625 0.595499134375 0.6384615390625 0.607039815625 0.6373076921874999 0.6214656671875 0.6369230765625 0.63473745 0.63923076875 0.6462781296875
3 0.6176923078125001 0.514137334375 0.62 0.519907675 0.62576923125 0.5216387765625 0.6280769234375 0.519330640625 0.629615384375 0.5124062312500001 0.63423076875 0.5043277546875 0.64576923125 0.497403346875 0.6603846156250001 0.49163300625 0.663846153125 0.49163300625 0.6630769234375 0.4824004609375 0.6576923078125 0.4725908828125 0.651153846875 0.4593191 0.645 0.452394690625 0.6357692312500001 0.44893248750000003 0.6273076921875 0.45412579375 0.6165384609375 0.45701096406249997 0.611153846875 0.46451240625 0.6080769234375001 0.4720138484375 0.60923076875 0.48528563125 0.615 0.5008655515625 0.6176923078125001 0.514137334375
3 0.691153846875 0.5828043859375 0.6869230765625 0.5683785343750001 0.679615384375 0.5556837859375 0.6730769234375 0.5510675125 0.6634615390625 0.5545297171875 0.65423076875 0.5631852281249999 0.6503846156249999 0.5764570109375 0.6519230765625 0.5833814187499999 0.6557692312500001 0.5776110796875 0.6669230765624999 0.573571840625 0.675384615625 0.57934218125 0.67923076875 0.5937680328125 0.6788461531250001 0.6093479515625 0.683846153125 0.6191575296875 0.6873076921875 0.6156953265625 0.6915384609374999 0.5983843046875 0.691153846875 0.5828043859375
3 0.653846153125 0.5678015000000001 0.6553846156249999 0.5597230234375 0.665 0.551644546875 0.674615384375 0.55222158125 0.6815384609375 0.5574148875 0.6865384609375 0.5660703984375 0.6876923078125 0.5597230234375 0.6900000000000001 0.5545297171875 0.6900000000000001 0.547605309375 0.686153846875 0.5366416625 0.681153846875 0.5297172531250001 0.6734615390625 0.524523946875 0.6684615390624999 0.5302942875000001 0.6573076921875 0.5314483546875 0.6526923078125 0.5337564921875 0.6523076921875 0.540103865625 0.649615384375 0.551644546875 0.6492307687500001 0.5649163296874999 0.649615384375 0.574725909375 0.653846153125 0.5678015000000001
3 0.545384615625 0.655510675 0.55423076875 0.665320253125 0.5626923078125 0.6722446625 0.5626923078125 0.6578188109374999 0.5619230765625 0.6376226203125 0.56076923125 0.6191575296875 0.5534615390625001 0.6145412578125 0.5476923078125 0.61281015625 0.5415384609375 0.6151182921875 0.53423076875 0.6180034625 0.5303846156249999 0.6243508359375001 0.52576923125 0.6353144828125 0.526153846875 0.6416618578125 0.53423076875 0.6480092328125 0.545384615625 0.655510675
3 0.56576923125 0.6687824578125 0.57076923125 0.6745527984375 0.578846153125 0.672821696875 0.5876923078125 0.67109059375 0.58923076875 0.667628390625 0.59076923125 0.650894403125 0.5926923078125 0.634160415625 0.5926923078125 0.6208886328125 0.5900000000000001 0.6156953265625 0.5826923078124999 0.6145412578125 0.5723076921875 0.6151182921875 0.565384615625 0.618580496875 0.5615384609375 0.6260819390625 0.561153846875 0.6318522796875 0.561153846875 0.6428159265625 0.563846153125 0.6578188109374999 0.56576923125 0.6687824578125
3 0.6169230765625 0.65031736875 0.62 0.6578188109374999 0.6269230765625 0.6589728796875 0.6330769234375 0.656087709375 0.6369230765625 0.6474321984375 0.6365384609375 0.6301211765625 0.6380769234375 0.6087709171875 0.6373076921874999 0.5989613390625 0.6334615390625 0.5949221 0.6265384609375 0.5978072703125 0.6180769234375 0.6006924406249999 0.615384615625 0.6058857468750001 0.616153846875 0.6081938828125 0.6176923078125001 0.6133871906249999 0.6165384609375 0.6364685515625 0.6169230765625 0.65031736875