1 0.4181666671875 0.58525 0.418 0.59375 0.4218333328125 0.6025 0.4273333328125 0.6042500000000001 0.4346666671875 0.602 0.43916666718749997 0.5974999999999999 0.44333333281250004 0.5900000000000001 0.4465 0.5822499999999999 0.4481666671875 0.5730000000000001 0.4443333328125 0.567 0.43616666718749997 0.564 0.43116666718749996 0.5615 0.42766666718749996 0.5555 0.4263333328125 0.55675 0.42300000000000004 0.56925 0.4181666671875 0.58525
3 0.6016666671875 0.502 0.6038333328125 0.50475 0.6065 0.50625 0.6111666671875 0.50625 0.6158333328125 0.504 0.6193333328125 0.50125 0.6205 0.5 0.6206666671875001 0.49625 0.623 0.49024999999999996 0.6243333328125 0.48650000000000004 0.621 0.48324999999999996 0.6165 0.48 0.6144999999999999 0.47874999999999995 0.612 0.47925000000000006 0.6091666671875 0.48175 0.6058333328125001 0.48575 0.6025 0.49050000000000005 0.6003333328125 0.497 0.5993333328125 0.49974999999999997 0.6016666671875 0.502
3 0.374 0.5615 0.3776666671875 0.56425 0.3815 0.5655 0.3855 0.5635 0.3896666671875 0.55925 0.3958333328125 0.55575 0.3993333328125 0.55375 0.40449999999999997 0.5509999999999999 0.40766666718750005 0.5445 0.4066666671875 0.54075 0.40149999999999997 0.53825 0.3958333328125 0.5387500000000001 0.3931666671875 0.5375 0.3891666671875 0.5335 0.3866666671875 0.5315000000000001 0.3826666671875 0.53225 0.37666666718749997 0.5347500000000001 0.37533333281250003 0.53675 0.3721666671875 0.54 0.3718333328125 0.548 0.3715 0.55575 0.374 0.5615
3 0.4665 0.61425 0.47750000000000004 0.6105 0.4835 0.6042500000000001 0.492 0.59375 0.49233333281249997 0.58975 0.49349999999999994 0.57725 0.4933333328125 0.5725 0.49066666718749996 0.5702499999999999 0.48333333281249996 0.5702499999999999 0.48 0.5735 0.4791666671875 0.57575 0.4778333328125 0.57575 0.4763333328125 0.57275 0.4743333328125 0.57125 0.4703333328125 0.57325 0.46783333281250006 0.5745 0.4643333328125 0.57675 0.461 0.57675 0.4585 0.5775 0.45199999999999996 0.583 0.45133333281250004 0.587 0.45083333281250004 0.5894999999999999 0.45466666718750004 0.606 0.45866666718750004 0.6094999999999999 0.4665 0.61425
3 0.5373333328125 0.59475 0.544 0.607 0.5523333328125 0.61875 0.5615 0.61975 0.5675 0.61625 0.5731666671875 0.6094999999999999 0.5773333328125 0.6 0.579 0.59225 0.5783333328125 0.5865 0.5793333328125 0.58025 0.5780000000000001 0.572 0.5775 0.56725 0.5726666671875 0.5582499999999999 0.5673333328125 0.5559999999999999 0.5631666671875 0.5575 0.5598333328125 0.5547500000000001 0.5555 0.5535 0.5519999999999999 0.55375 0.55 0.5515 0.546 0.5505 0.5428333328125 0.55175 0.5389999999999999 0.5545 0.5375 0.5599999999999999 0.5368333328125 0.56425 0.5353333328125001 0.575 0.5349999999999999 0.58675 0.5373333328125 0.59475
3 0.5936666671874999 0.5972500000000001 0.6 0.6052500000000001 0.6056666671875 0.60575 0.6096666671875 0.59875 0.6183333328125 0.587 0.6178333328125001 0.5835 0.613 0.57575 0.6085 0.57225 0.602 0.5702499999999999 0.6005 0.56975 0.5985 0.5705 0.596 0.5695 0.5925 0.567 0.5893333328125 0.567 0.5858333328125 0.56875 0.5836666671875 0.5695 0.5795 0.56875 0.5776666671874999 0.56925 0.5793333328125 0.58075 0.5786666671875 0.58675 0.5793333328125 0.5894999999999999 0.5806666671875 0.591 0.5845 0.5902499999999999 0.5883333328125 0.59175 0.5936666671874999 0.5972500000000001
3 0.6071666671875 0.57125 0.61 0.5742499999999999 0.6174999999999999 0.5822499999999999 0.6228333328125 0.58575 0.6298333328125 0.58825 0.637 0.58925 0.6428333328125 0.5855 0.6473333328125 0.57575 0.6488333328125 0.56925 0.6466666671875 0.5627500000000001 0.6426666671875 0.5495 0.6426666671875 0.53975 0.6415 0.5347500000000001 0.6375 0.5245 0.6356666671875 0.523 0.6268333328125 0.52175 0.6205 0.5235000000000001 0.6183333328125 0.528 0.614 0.534 0.6085 0.5495 0.6065 0.56475 0.6071666671875 0.57125
0 0.3991666671875 0.50225 0.40416666718750005 0.50175 0.41566666718749995 0.49974999999999997 0.41600000000000004 0.49524999999999997 0.4131666671875 0.49074999999999996 0.4086666671875 0.491 0.403 0.49074999999999996 0.3966666671875 0.48624999999999996 0.3931666671875 0.48 0.3883333328125 0.47975 0.385 0.47675 0.38166666718750003 0.47824999999999995 0.385 0.4885 0.3886666671875 0.49349999999999994 0.395 0.499 0.3991666671875 0.50225
3 0.43383333281249997 0.50475 0.4376666671875 0.50125 0.4376666671875 0.49800000000000005 0.44400000000000006 0.4965 0.45016666718750004 0.496 0.4526666671875 0.49325 0.45149999999999996 0.484 0.44283333281250004 0.48324999999999996 0.4346666671875 0.48 0.42316666718749996 0.47625 0.4188333328125 0.4765 0.4146666671875 0.47800000000000004 0.41233333281249995 0.481 0.4125 0.48650000000000004 0.41550000000000004 0.49325 0.42133333281249996 0.5005 0.42716666718749996 0.50525 0.43383333281249997 0.50475
3 0.5005 0.6134999999999999 0.5088333328125 0.622 0.5146666671875 0.622 0.5226666671875 0.6174999999999999 0.5275000000000001 0.608 0.5323333328125 0.599 0.5341666671875 0.59275 0.5343333328125001 0.58675 0.5325 0.5735 0.5295 0.56175 0.5245 0.5555 0.5216666671875 0.55575 0.5181666671875 0.55725 0.5145 0.561 0.5136666671875 0.56325 0.5128333328125 0.56325 0.5106666671875 0.56125 0.508 0.56075 0.505 0.563 0.5038333328125 0.56425 0.5025000000000001 0.56475 0.4996666671875 0.5645 0.49783333281250003 0.56575 0.4965 0.5667500000000001 0.495 0.56775 0.4943333328125 0.5695 0.4933333328125 0.57575 0.4933333328125 0.5875 0.49416666718749996 0.5985 0.5005 0.6134999999999999
3 0.6759999999999999 0.568 0.6788333328125 0.5582499999999999 0.6796666671875 0.544 0.6799999999999999 0.53725 0.6775 0.5315000000000001 0.6679999999999999 0.5295 0.6623333328125 0.5325 0.6551666671875 0.53175 0.6493333328124999 0.53175 0.6438333328125 0.533 0.6421666671875 0.5355000000000001 0.6425 0.53925 0.6426666671875 0.54925 0.6448333328125 0.5549999999999999 0.6491666671874999 0.5675 0.6521666671874999 0.5582499999999999 0.6633333328125001 0.5700000000000001 0.671 0.5735 0.6759999999999999 0.568
0 0.42716666718749996 0.5765 0.42833333281249997 0.5795 0.4295 0.5822499999999999 0.4318333328125 0.58525 0.43233333281249997 0.5900000000000001 0.43200000000000005 0.593 0.4291666671875 0.5962500000000001 0.42766666718749996 0.59875 0.42750000000000005 0.601 0.42766666718749996 0.60175 0.42983333281249997 0.602 0.43216666718749996 0.60075 0.4363333328125 0.59525 0.4385 0.59175 0.44000000000000006 0.5894999999999999 0.44016666718749997 0.58775 0.4386666671875 0.585 0.4381666671875 0.5822499999999999 0.4375 0.57875 0.43933333281250003 0.57575 0.44066666718749997 0.5735 0.441 0.5705 0.4381666671875 0.568 0.4368333328125 0.5660000000000001 0.43499999999999994 0.567 0.4335 0.5715 0.433 0.5665 0.43150000000000005 0.56375 0.42983333281249997 0.561 0.42800000000000005 0.5587500000000001 0.4273333328125 0.5575 0.4263333328125 0.5575 0.42483333281249996 0.5650000000000001 0.4246666671875 0.56925 0.42483333281249996 0.5735 0.42716666718749996 0.5765
0 0.41333333281250006 0.57575 0.41333333281250006 0.5765 0.4148333328125 0.575 0.417 0.572 0.41916666718749995 0.56975 0.4198333328125 0.5690000000000001 0.42000000000000004 0.568 0.4198333328125 0.56775 0.4193333328125 0.5675 0.41733333281249996 0.5695 0.41550000000000004 0.57225 0.4141666671875 0.5745 0.41333333281250006 0.57575
0 0.4006666671875 0.57875 0.4018333328125 0.5825 0.403 0.58525 0.4033333328125 0.5862499999999999 0.40499999999999997 0.58525 0.40650000000000003 0.58425 0.40816666718750005 0.5832499999999999 0.4091666671875 0.581 0.4078333328125 0.5795 0.40650000000000003 0.5795 0.4056666671875 0.5782499999999999 0.40716666718749994 0.5735 0.40833333281249995 0.5685 0.4068333328125 0.56925 0.40700000000000003 0.56725 0.40716666718749994 0.56525 0.40650000000000003 0.56325 0.4058333328125 0.5635 0.40483333281249995 0.56375 0.40449999999999997 0.5622499999999999 0.40449999999999997 0.56175 0.40366666718750005 0.56075 0.40316666718749994 0.5655 0.4023333328125 0.56925 0.40033333281249994 0.5735 0.4006666671875 0.57875
0 0.6355000000000001 0.5765 0.6348333328125 0.57975 0.6346666671875 0.58175 0.6361666671874999 0.584 0.6366666671875 0.5862499999999999 0.64 0.58375 0.6423333328124999 0.57975 0.6445000000000001 0.57525 0.646 0.5725 0.6468333328125 0.5705 0.6468333328125 0.56775 0.6451666671875 0.5650000000000001 0.6443333328125 0.56425 0.6436666671875 0.56325 0.6428333328125 0.56075 0.642 0.5655 0.6401666671874999 0.5705 0.6376666671875 0.5735 0.6355000000000001 0.5765
0 0.6638333328125 0.56575 0.6641666671875 0.56725 0.666 0.56925 0.6679999999999999 0.571 0.6698333328125 0.5715 0.6716666671875 0.5715 0.6726666671875 0.57125 0.6725 0.56875 0.6705 0.567 0.6676666671875 0.56575 0.665 0.56525 0.6638333328125 0.56575
0 0.6766666671875 0.564 0.6766666671875 0.562 0.6766666671875 0.5599999999999999 0.6761666671875 0.55925 0.6755 0.5582499999999999 0.674 0.55725 0.6735 0.557 0.6723333328125001 0.55725 0.6726666671875 0.56025 0.674 0.56325 0.6755 0.5655 0.6766666671875 0.564
1 0.6365000000000001 0.57325 0.6336666671875 0.57775 0.6318333328125 0.5815 0.6298333328125 0.58425 0.6285000000000001 0.5875 0.636 0.589 0.6428333328125 0.5855 0.6473333328125 0.57625 0.6485000000000001 0.5695 0.6428333328125 0.5507500000000001 0.6425 0.5547500000000001 0.6423333328124999 0.561 0.641 0.56575 0.6395 0.5700000000000001 0.6365000000000001 0.57325
3 0.3996666671875 0.5785 0.3998333328125 0.5872499999999999 0.4026666671875 0.5885 0.4098333328125 0.5822499999999999 0.41900000000000004 0.5715 0.42483333281249996 0.5625 0.4265 0.5549999999999999 0.4223333328125 0.546 0.42016666718750006 0.53925 0.417 0.5337500000000001 0.4136666671875 0.534 0.4096666671875 0.5365 0.409 0.541 0.4066666671875 0.54825 0.40316666718749994 0.55575 0.4006666671875 0.5685 0.3996666671875 0.5785
0 0.41950000000000004 0.49524999999999997 0.4218333328125 0.49775 0.42433333281249996 0.49375 0.4245 0.48975 0.4258333328125 0.48525 0.4238333328125 0.48200000000000004 0.42433333281249996 0.47750000000000004 0.4233333328125 0.476 0.4193333328125 0.47625 0.41500000000000004 0.47824999999999995 0.413 0.48075 0.4138333328125 0.48674999999999996 0.41950000000000004 0.4925 0.41950000000000004 0.49524999999999997
3 0.5226666671875 0.496 0.5218333328125 0.49874999999999997 0.5221666671875 0.5037499999999999 0.5223333328125 0.51125 0.524 0.52175 0.5271666671874999 0.5315000000000001 0.5323333328125 0.53575 0.5368333328125 0.536 0.544 0.53525 0.5451666671875001 0.5337500000000001 0.5473333328125001 0.53425 0.5491666671875 0.53725 0.5559999999999999 0.5377500000000001 0.5591666671875 0.536 0.5616666671874999 0.534 0.5701666671875001 0.533 0.5745 0.53225 0.5783333328125 0.5269999999999999 0.5825 0.51875 0.5838333328124999 0.51275 0.5846666671875 0.5055 0.5858333328125 0.50175 0.587 0.49375 0.5851666671875 0.48375 0.5813333328125 0.47275 0.5703333328125 0.46025 0.5648333328125 0.45499999999999996 0.561 0.45375 0.5511666671875 0.4575 0.5376666671875 0.4615 0.5308333328125 0.46749999999999997 0.5253333328124999 0.47750000000000004 0.5221666671875 0.487 0.5213333328124999 0.49275 0.5226666671875 0.496
3 0.45766666718750004 0.51 0.4611666671875 0.516 0.46449999999999997 0.51725 0.46900000000000003 0.51825 0.47133333281249995 0.52125 0.47483333281249995 0.52425 0.4783333328125 0.5245 0.4796666671875 0.523 0.48150000000000004 0.524 0.484 0.525 0.487 0.525 0.489 0.5245 0.4915 0.5265 0.49483333281249997 0.52625 0.4998333328125 0.5255 0.503 0.52175 0.5068333328125 0.51275 0.508 0.5077499999999999 0.5095 0.5005 0.5113333328125 0.491 0.5093333328125 0.48025 0.5036666671875001 0.46699999999999997 0.49466666718749996 0.45975 0.479 0.457 0.4703333328125 0.45824999999999994 0.46299999999999997 0.461 0.457 0.46525 0.4521666671875 0.47300000000000003 0.4516666671875 0.47975 0.4523333328125 0.49124999999999996 0.45466666718750004 0.50275 0.45766666718750004 0.51
0 0.6506666671875 0.493 0.6538333328125 0.48975 0.6575 0.48475 0.663 0.48025 0.6658333328125 0.47575 0.6658333328125 0.47350000000000003 0.6545 0.47400000000000003 0.6471666671875 0.47450000000000003 0.6423333328124999 0.47675 0.6366666671875 0.48125 0.6296666671875 0.48925 0.6363333328125 0.492 0.6406666671875 0.49074999999999996 0.643 0.491 0.6506666671875 0.493
3 0.4258333328125 0.5549999999999999 0.4258333328125 0.55925 0.42416666718749996 0.564 0.4215 0.57325 0.4181666671875 0.5845 0.4171666671875 0.59175 0.4223333328125 0.6035 0.42716666718749996 0.6042500000000001 0.4345 0.603 0.43966666718749997 0.597 0.4458333328125 0.5915 0.45083333281250004 0.58975 0.4516666671875 0.584 0.4568333328125 0.5782499999999999 0.45766666718750004 0.577 0.45599999999999996 0.56575 0.4538333328125 0.56025 0.45083333281250004 0.5549999999999999 0.4481666671875 0.5485 0.44683333281250004 0.5427500000000001 0.4445 0.5385 0.44116666718750003 0.5365 0.43933333281250003 0.5337500000000001 0.4381666671875 0.5295 0.4373333328125 0.5287499999999999 0.4325 0.5275000000000001 0.429 0.52725 0.42699999999999994 0.5295 0.42433333281249996 0.5349999999999999 0.4228333328125 0.541 0.4238333328125 0.5485 0.4258333328125 0.5549999999999999
0 0.6018333328125001 0.502 0.604 0.50475 0.6065 0.50625 0.6111666671875 0.50625 0.616 0.504 0.6195 0.50125 0.6205 0.5 0.6208333328125 0.496 0.6231666671875 0.49024999999999996 0.6243333328125 0.48650000000000004 0.6211666671875 0.48324999999999996 0.6166666671875001 0.48 0.6144999999999999 0.47874999999999995 0.6121666671875 0.47925000000000006 0.6093333328125 0.48175 0.6058333328125001 0.48575 0.6025 0.49050000000000005 0.6003333328125 0.497 0.5995 0.49974999999999997 0.6018333328125001 0.502