3 0.28575 0.6974128234375 0.29275 0.7161604796875001 0.30225 0.7266591671875 0.31625000000000003 0.7322834640625 0.333 0.7337832765625001 0.36150000000000004 0.7221597296875 0.3745 0.7124109484375001 0.38075000000000003 0.7026621671875 0.3835 0.6700412453125 0.379 0.63404574375 0.3745 0.611173603125 0.363 0.58605174375 0.35150000000000003 0.56505436875 0.3415 0.55755530625 0.3325 0.55155605625 0.32275 0.55305586875 0.3135 0.5571803531249999 0.30724999999999997 0.56805399375 0.301 0.593925759375 0.29325 0.629171353125 0.28425 0.6865391828125 0.28575 0.6974128234375
0 0.36025 0.6854143234375 0.36175 0.6831646046875 0.36225 0.6779152609375 0.364 0.6730408703124999 0.36475 0.6707911515625 0.36324999999999996 0.6700412453125 0.36124999999999996 0.6722909640625 0.359 0.6790401203124999 0.359 0.6850393703125001 0.36025 0.6854143234375
0 0.73975 0.6254218218750001 0.74025 0.62954630625 0.74075 0.632920884375 0.7424999999999999 0.631421071875 0.74175 0.622422196875 0.74075 0.6175478062499999 0.738 0.6119235093750001 0.7355 0.6074240718749999 0.734 0.6047994 0.73225 0.6036745406249999 0.732 0.60554930625 0.734 0.611173603125 0.7394999999999999 0.62054743125 0.73925 0.62354705625 0.73975 0.6254218218750001
3 0.64025 0.49006374218750004 0.647 0.5155605546875 0.6599999999999999 0.5399325078125 0.6675 0.5523059625 0.67725 0.560929884375 0.68925 0.5601799781250001 0.70075 0.5470566171875 0.7135 0.5331833515625 0.72425 0.5121859765625 0.7292500000000001 0.49943757031249997 0.7355 0.47431571093749997 0.724 0.4593175859375 0.70675 0.44056992812500007 0.6955 0.43007124062499996 0.6815 0.421822271875 0.67225 0.41994750625000005 0.667 0.422572178125 0.66325 0.429321334375 0.6559999999999999 0.44469441249999997 0.64775 0.46344207031250007 0.645 0.4731908515625 0.64025 0.49006374218750004
0 0.2975 0.6576677921875 0.29874999999999996 0.6557930265625 0.298 0.6509186359375 0.29725 0.649418821875 0.29700000000000004 0.647169103125 0.29625 0.647169103125 0.2955 0.647919009375 0.29525 0.6516685421874999 0.29625 0.6550431203125 0.29625 0.6572928390625 0.2975 0.6576677921875
3 0.4085 0.6156730406250001 0.421 0.6104236968750001 0.4295 0.5845519312499999 0.4335 0.55455568125 0.43475 0.5253093359375 0.42725 0.4979377578125 0.4225 0.4833145859375 0.41150000000000003 0.47094113281250005 0.39875 0.4660667421875 0.38675000000000004 0.4724409453125 0.37374999999999997 0.48481439843749996 0.3625 0.4986876640625 0.35175 0.5204349453125 0.34550000000000003 0.5414323203125 0.35025 0.56280465 0.3685 0.597675290625 0.3835 0.61154855625 0.4085 0.6156730406250001
0 0.679 0.5196850390625001 0.6797500000000001 0.5185601796875 0.6797500000000001 0.5170603671875 0.67875 0.5159355078125001 0.67775 0.5151856015625 0.67675 0.5148106484375 0.67625 0.5170603671875 0.67675 0.5193100859374999 0.67775 0.5204349453125 0.679 0.5196850390625001
3 0.70625 0.58005249375 0.71175 0.61454818125 0.7235 0.643419571875 0.744 0.6546681671875 0.76725 0.6501687296875 0.787 0.644169478125 0.80575 0.62654668125 0.8102499999999999 0.6092988375 0.81175 0.5924259468749999 0.78225 0.5455568046875 0.7525000000000001 0.4983127109375 0.741 0.4836895390625 0.7295 0.4983127109375 0.718 0.5264341953125 0.7072499999999999 0.554930634375 0.70625 0.58005249375
3 0.41925 0.4773153359375 0.434 0.5039370078125 0.449 0.5275590546875 0.47375 0.5436820390625 0.49124999999999996 0.5410573671875001 0.5015 0.5279340078125 0.515 0.5028121484375 0.52675 0.46569178906250003 0.53325 0.439070115625 0.538 0.400824896875 0.53725 0.381327334375 0.53325 0.36145481875 0.5285 0.3468316453125 0.521 0.3408323953125 0.50325 0.3397075359375 0.48575 0.3423322078125 0.45575 0.35320585000000004 0.43425 0.366329209375 0.41825 0.377577803125 0.413 0.391076115625 0.40925 0.40194975624999996 0.409 0.42294713125000005 0.41275000000000006 0.4548181484375 0.41925 0.4773153359375
3 0.742 0.7337832765625001 0.7502500000000001 0.7439070109375 0.758 0.7619047625 0.762 0.769028871875 0.77 0.77240345 0.78575 0.78065241875 0.8102499999999999 0.781027371875 0.8275 0.77765279375 0.8435 0.76865391875 0.85625 0.75515560625 0.866 0.7405324328125 0.8712500000000001 0.7229096359375 0.87625 0.7037870265625 0.87575 0.6921634796875 0.8692500000000001 0.6809148859375 0.8567500000000001 0.6681664796875 0.84475 0.6516685421874999 0.8342499999999999 0.634420696875 0.82825 0.62279715 0.825 0.617172853125 0.81775 0.6179227593750001 0.808 0.619422571875 0.805 0.628421446875 0.787 0.64454443125 0.7675 0.6509186359375 0.762 0.6599175109375001 0.75175 0.6752905890625 0.744 0.7004124484375 0.74125 0.7169103859375 0.742 0.7337832765625001
0 0.82225 0.7461567296875 0.82325 0.7454068234375 0.8237500000000001 0.7431571046875 0.8220000000000001 0.7397825265625 0.82025 0.7394075734375 0.819 0.7431571046875 0.82025 0.7454068234375 0.82225 0.7461567296875
0 0.36175 0.7004124484375 0.36275 0.6996625421875 0.362 0.6947881515625001 0.36175 0.6910386203125001 0.36150000000000004 0.6884139484375 0.36025 0.6876640421875 0.35924999999999996 0.6884139484375 0.3585 0.6914135734375 0.359 0.6951631046875 0.3605 0.6989126359375 0.36175 0.7004124484375
0 0.6555 0.4908136484375 0.6635 0.4941882265625 0.6757500000000001 0.4919385078125 0.68275 0.4814398203125 0.68475 0.46494188281250004 0.6832499999999999 0.45331833593750004 0.67925 0.44581927187500003 0.6765 0.439070115625 0.6765 0.43644544375 0.66975 0.43044619375000004 0.6665 0.43719535 0.65925 0.4518185234375 0.65625 0.4585676796875 0.6525000000000001 0.4698162734375 0.6525000000000001 0.4833145859375 0.6519999999999999 0.4908136484375 0.6555 0.4908136484375
0 0.6992499999999999 0.5313085859375 0.69875 0.5335583046875 0.701 0.5328083984374999 0.70275 0.5290588671875 0.7045 0.5253093359375 0.7035 0.5211848515625 0.70225 0.5170603671875 0.7 0.5133108359375 0.6985 0.5136857890625001 0.69775 0.5144356953125 0.6992499999999999 0.5185601796875 0.70025 0.5234345703125001 0.7 0.5275590546875 0.6992499999999999 0.5313085859375
0 0.6625 0.5361829765625 0.66475 0.5418072734375 0.66825 0.5466816640625 0.673 0.55155605625 0.67675 0.5538057750000001 0.67925 0.556430446875 0.6809999999999999 0.5568054 0.682 0.55455568125 0.68175 0.5485564296875001 0.6769999999999999 0.5459317578125 0.674 0.5440569921875 0.671 0.5376827890625 0.67075 0.5339332578125 0.66975 0.5309336328125001 0.6705 0.5271841015625001 0.66825 0.5208098984375 0.666 0.5185601796875 0.6625 0.5185601796875 0.65825 0.5166854140625 0.6599999999999999 0.5215598046875 0.661 0.5238095234375 0.66175 0.5294338203125 0.6625 0.5361829765625
3 0.562 0.4911886015625 0.5835 0.5193100859374999 0.5965 0.5241844765625 0.61225 0.5234345703125001 0.6247499999999999 0.5061867265625 0.6367499999999999 0.4874390703125 0.646 0.4593175859375 0.65025 0.4311961 0.653 0.416572928125 0.6535 0.39145106875 0.65 0.38095238125 0.64175 0.373828271875 0.63025 0.37045369375 0.61675 0.370828646875 0.59775 0.374578178125 0.57575 0.37682789687499996 0.5625 0.3832021 0.5475 0.3907011625 0.542 0.39895013125 0.5387500000000001 0.406824146875 0.5349999999999999 0.43382077187499996 0.53625 0.45744282031249994 0.5465 0.4773153359375 0.562 0.4911886015625
0 0.40700000000000003 0.590926134375 0.409 0.591676040625 0.41025 0.589801275 0.409 0.586426696875 0.41125 0.58755155625 0.41375 0.586426696875 0.41550000000000004 0.584926884375 0.41624999999999995 0.58305211875 0.41574999999999995 0.58005249375 0.41600000000000004 0.575928009375 0.41550000000000004 0.5710536187499999 0.4145 0.566929134375 0.41224999999999995 0.56655418125 0.409 0.56805399375 0.40575 0.570678665625 0.40425000000000005 0.5733033375 0.4035 0.576677915625 0.4035 0.578177728125 0.40275 0.578927634375 0.40125 0.580427446875 0.40225 0.583427071875 0.403 0.586426696875 0.40499999999999997 0.588676415625 0.40700000000000003 0.590926134375
0 0.6990000000000001 0.5129358828125 0.6992499999999999 0.5099362578125 0.69675 0.5043119609375 0.69425 0.5013123359375 0.69225 0.5001874765625 0.6900000000000001 0.4990626171875 0.689 0.49943757031249997 0.68825 0.5009373828125 0.6905 0.5039370078125 0.69375 0.5080614921875 0.696 0.5129358828125 0.6990000000000001 0.5129358828125