3 0.0959595953125 0.6384615390625 0.1111111109375 0.6769230765625001 0.121212121875 0.7 0.1363636359375 0.6923076921875 0.146464646875 0.6769230765625001 0.1363636359375 0.6307692312500001 0.14141414218749998 0.5538461531250001 0.14141414218749998 0.48461538437499996 0.1363636359375 0.4615384609375 0.116161615625 0.45384615312500004 0.0959595953125 0.4384615390625 0.0858585859375 0.446153846875 0.08080808125 0.5 0.08080808125 0.5538461531250001 0.0858585859375 0.615384615625 0.0959595953125 0.6384615390625
3 0.4949494953125 0.8615384609375001 0.5 0.784615384375 0.510101009375 0.6769230765625001 0.48484848437499994 0.6615384609375 0.44444444375 0.653846153125 0.41919191875 0.646153846875 0.4040404046875 0.6615384609375 0.39393939375000003 0.66923076875 0.424242425 0.6769230765625001 0.4292929296875 0.684615384375 0.424242425 0.7769230765625 0.4141414140625 0.8692307687499999 0.434343434375 0.915384615625 0.45454545468749996 0.9461538468749999 0.48484848437499994 0.9230769234375 0.4949494953125 0.8615384609375001
3 0.8888888890625 0.8076923078125 0.9040404046875 0.7923076921875001 0.9040404046875 0.715384615625 0.883838384375 0.6615384609375 0.86868686875 0.6230769234375 0.853535353125 0.615384615625 0.8383838390625 0.6230769234375 0.8131313125 0.646153846875 0.8131313125 0.66923076875 0.8383838390625 0.684615384375 0.8585858578125001 0.8 0.8888888890625 0.8076923078125
0 0.6010101015625 0.3384615390625 0.60606060625 0.3230769234375 0.5909090906250001 0.3 0.58080808125 0.29230769218749997 0.575757575 0.29230769218749997 0.565656565625 0.29230769218749997 0.55050505 0.29230769218749997 0.5303030296875 0.3076923078125 0.5151515156250001 0.3384615390625 0.5202020203125 0.346153846875 0.5303030296875 0.36923076875 0.55050505 0.36923076875 0.5707070703125 0.36923076875 0.6010101015625 0.3384615390625
3 0.7575757578125 0.4384615390625 0.7727272734375 0.5307692312500001 0.777777778125 0.5538461531250001 0.803030303125 0.56923076875 0.81818181875 0.56923076875 0.828282828125 0.5538461531250001 0.828282828125 0.45384615312500004 0.8131313125 0.3615384609375 0.8080808078124999 0.3 0.7979797984375 0.27692307656250004 0.7828282828125 0.253846153125 0.7626262625 0.253846153125 0.747474746875 0.29230769218749997 0.7424242421875 0.3384615390625 0.7323232328125 0.3615384609375 0.7575757578125 0.4384615390625
3 0.090909090625 0.715384615625 0.10101010156250001 0.715384615625 0.116161615625 0.684615384375 0.090909090625 0.6307692312500001 0.08080808125 0.5846153843749999 0.075757575 0.5230769234375 0.0606060609375 0.5 0.050505049999999996 0.49230769218750003 0.0454545453125 0.5076923078125 0.0353535359375 0.5230769234375 0.040404040625 0.5769230765625 0.050505049999999996 0.6307692312500001 0.0707070703125 0.6769230765625001 0.090909090625 0.715384615625
3 0.1767676765625 0.9 0.1616161609375 0.953846153125 0.171717171875 0.9923076921874999 0.252525253125 0.9923076921874999 0.27272727343750003 0.9615384609375001 0.2929292921875 0.915384615625 0.2929292921875 0.8384615390624999 0.2878787875 0.753846153125 0.27777777812500004 0.715384615625 0.27272727343750003 0.6923076921875 0.252525253125 0.6923076921875 0.2323232328125 0.715384615625 0.2121212125 0.7230769234375 0.19696969687500002 0.746153846875 0.1919191921875 0.76923076875 0.1919191921875 0.815384615625 0.1767676765625 0.9
3 0.6818181812499999 0.9923076921874999 0.7070707078125 0.9615384609375001 0.7070707078125 0.8846153843750001 0.6919191921875 0.8 0.6868686875 0.7 0.671717171875 0.66923076875 0.6464646468749999 0.653846153125 0.6010101015625 0.6307692312500001 0.5909090906250001 0.6384615390625 0.58080808125 0.6615384609375 0.5858585859375001 0.66923076875 0.58080808125 0.8076923078125 0.58080808125 0.83076923125 0.60606060625 0.8923076921875 0.621212121875 0.9384615390625 0.6515151515625 0.9846153843750001 0.6818181812499999 0.9923076921874999
3 0.090909090625 0.9461538468749999 0.0959595953125 0.9769230765625 0.10606060625 0.9846153843750001 0.1262626265625 0.9769230765625 0.1515151515625 0.953846153125 0.171717171875 0.8923076921875 0.18686868750000002 0.815384615625 0.18181818125 0.7615384609375 0.171717171875 0.7384615390625 0.1616161609375 0.73076923125 0.1515151515625 0.7230769234375 0.14141414218749998 0.7384615390625 0.116161615625 0.784615384375 0.0959595953125 0.8384615390624999 0.090909090625 0.9076923078125001 0.090909090625 0.9461538468749999
3 0.424242425 0.7769230765625 0.4292929296875 0.684615384375 0.424242425 0.6769230765625001 0.3888888890625 0.6769230765625001 0.36868686875 0.6769230765625001 0.33838383906249997 0.6769230765625001 0.34343434375 0.76923076875 0.3484848484375 0.846153846875 0.36868686875 0.915384615625 0.3888888890625 0.9230769234375 0.409090909375 0.915384615625 0.4141414140625 0.8615384609375001 0.424242425 0.7769230765625
3 0.222222221875 0.6384615390625 0.2272727265625 0.66923076875 0.2323232328125 0.6769230765625001 0.24242424218749997 0.6769230765625001 0.2676767671875 0.66923076875 0.27777777812500004 0.66923076875 0.2929292921875 0.6615384609375 0.31313131250000004 0.646153846875 0.33838383906249997 0.6230769234375 0.3484848484375 0.6 0.34343434375 0.5384615390625 0.33838383906249997 0.49230769218750003 0.33838383906249997 0.4230769234375 0.328282828125 0.36923076875 0.31313131250000004 0.346153846875 0.2878787875 0.3384615390625 0.27272727343750003 0.3384615390625 0.25757575781250003 0.346153846875 0.24242424218749997 0.3615384609375 0.2323232328125 0.415384615625 0.2272727265625 0.5076923078125 0.222222221875 0.5846153843749999 0.222222221875 0.6384615390625
0 0.3737373734375 0.384615384375 0.36868686875 0.3769230765625 0.3636363640625 0.4230769234375 0.36868686875 0.4230769234375 0.3737373734375 0.4 0.3737373734375 0.384615384375
0 0.2979797984375 0.4769230765625 0.31313131250000004 0.5076923078125 0.32323232343749997 0.515384615625 0.328282828125 0.48461538437499996 0.3333333328125 0.4384615390625 0.328282828125 0.4076923078125 0.32323232343749997 0.3923076921875 0.3080808078125 0.36923076875 0.303030303125 0.36923076875 0.2979797984375 0.3769230765625 0.2828282828125 0.3923076921875 0.2979797984375 0.4230769234375 0.2979797984375 0.446153846875 0.2979797984375 0.4769230765625
3 0.31818181874999996 0.93076923125 0.34343434375 0.93076923125 0.3636363640625 0.9230769234375 0.3484848484375 0.846153846875 0.34343434375 0.76923076875 0.33838383906249997 0.6769230765625001 0.3737373734375 0.6769230765625001 0.378787878125 0.6307692312500001 0.3636363640625 0.615384615625 0.33838383906249997 0.6230769234375 0.328282828125 0.6384615390625 0.303030303125 0.653846153125 0.2828282828125 0.6615384609375 0.27272727343750003 0.6769230765625001 0.27777777812500004 0.7076923078124999 0.2878787875 0.753846153125 0.303030303125 0.9076923078125001 0.31818181874999996 0.93076923125
3 0.565656565625 0.9230769234375 0.575757575 0.8846153843750001 0.58080808125 0.7769230765625 0.5858585859375001 0.66923076875 0.575757575 0.6615384609375 0.565656565625 0.646153846875 0.5353535359375 0.6384615390625 0.5151515156250001 0.6384615390625 0.48484848437499994 0.6384615390625 0.47979797968750004 0.6384615390625 0.47474747500000003 0.6615384609375 0.48484848437499994 0.6615384609375 0.510101009375 0.6769230765625001 0.5 0.784615384375 0.5 0.8384615390624999 0.510101009375 0.8769230765625 0.5202020203125 0.915384615625 0.540404040625 0.93076923125 0.565656565625 0.9230769234375
3 0.39393939375000003 0.5769230765625 0.4141414140625 0.5846153843749999 0.44444444375 0.5923076921875 0.4696969703125 0.6076923078124999 0.4949494953125 0.6 0.5202020203125 0.5923076921875 0.5202020203125 0.5230769234375 0.5 0.4076923078125 0.4696969703125 0.3230769234375 0.4393939390625 0.3 0.409090909375 0.3 0.3888888890625 0.3076923078125 0.3737373734375 0.33076923125 0.36868686875 0.353846153125 0.3636363640625 0.4384615390625 0.3636363640625 0.546153846875 0.3737373734375 0.5538461531250001 0.39393939375000003 0.5769230765625
3 0.146464646875 0.6769230765625001 0.15656565625000002 0.7076923078124999 0.1616161609375 0.715384615625 0.18181818125 0.7 0.20202020156249997 0.6769230765625001 0.222222221875 0.653846153125 0.222222221875 0.615384615625 0.222222221875 0.5384615390625 0.2272727265625 0.46923076874999997 0.2272727265625 0.43076923125000005 0.20707070781249998 0.4 0.18686868750000002 0.36923076875 0.171717171875 0.36923076875 0.146464646875 0.36923076875 0.1363636359375 0.3923076921875 0.1363636359375 0.45384615312500004 0.14141414218749998 0.5538461531250001 0.1363636359375 0.646153846875 0.146464646875 0.6769230765625001
3 0.525252525 0.5846153843749999 0.5353535359375 0.5923076921875 0.5858585859375001 0.5923076921875 0.6111111109375 0.5846153843749999 0.6414141421874999 0.5615384609375 0.65656565625 0.546153846875 0.6767676765624999 0.49230769218750003 0.6515151515625 0.4 0.6262626265625 0.346153846875 0.5909090906250001 0.3 0.565656565625 0.29230769218749997 0.55050505 0.29230769218749997 0.5303030296875 0.3076923078125 0.5151515156250001 0.3384615390625 0.510101009375 0.36923076875 0.510101009375 0.4384615390625 0.5202020203125 0.5076923078125 0.525252525 0.5846153843749999
3 0.6616161609375 0.546153846875 0.6767676765624999 0.56923076875 0.7070707078125 0.56923076875 0.7575757578125 0.546153846875 0.7727272734375 0.5307692312500001 0.7575757578125 0.4384615390625 0.7323232328125 0.3615384609375 0.7121212124999999 0.31538461562500003 0.696969696875 0.29230769218749997 0.671717171875 0.284615384375 0.6616161609375 0.29230769218749997 0.6464646468749999 0.3076923078125 0.6363636359375 0.3615384609375 0.6515151515625 0.4076923078125 0.6767676765624999 0.49230769218750003 0.6616161609375 0.546153846875
3 0.777777778125 0.8692307687499999 0.7676767671875 0.7769230765625 0.752525253125 0.7230769234375 0.7171717171875 0.6615384609375 0.7020202015625 0.646153846875 0.6818181812499999 0.6615384609375 0.6767676765624999 0.6769230765625001 0.6868686875 0.7 0.7020202015625 0.8615384609375001 0.722222221875 0.9076923078125001 0.747474746875 0.9230769234375 0.7676767671875 0.915384615625 0.777777778125 0.8692307687499999
3 0.8333333328125001 0.846153846875 0.853535353125 0.8230769234374999 0.853535353125 0.746153846875 0.8383838390625 0.684615384375 0.81818181875 0.66923076875 0.7929292921875 0.66923076875 0.7727272734375 0.66923076875 0.7626262625 0.6923076921875 0.7828282828125 0.753846153125 0.7878787875000001 0.8 0.803030303125 0.853846153125 0.8333333328125001 0.846153846875