3 0.68367346875 0.6059479546875 0.7142857140625 0.6059479546875 0.718367346875 0.576208178125 0.718367346875 0.516728625 0.71632653125 0.516728625 0.7122448984374999 0.527881040625 0.6979591843749999 0.5315985125 0.68979591875 0.5315985125 0.6795918375000001 0.535315984375 0.6673469390625 0.535315984375 0.6571428578125 0.5315985125 0.653061225 0.527881040625 0.6489795921875 0.513011153125 0.646938775 0.5241635687499999 0.6408163265625 0.5501858734375 0.6408163265625 0.5985130109375 0.6612244890625 0.6059479546875 0.68367346875 0.6059479546875
0 0.4306122453125 0.36802973906249997 0.43469387812500004 0.3605947953125 0.4408163265625 0.35315985156249996 0.444897959375 0.3494423796875 0.444897959375 0.3457249078125 0.44285714218749994 0.34200743437500003 0.4306122453125 0.3568773234375 0.4265306125 0.3643122671875 0.4265306125 0.36802973906249997 0.4306122453125 0.36802973906249997
3 0.28979591875 0.5836431234375 0.291836734375 0.5092936796875 0.2938775515625 0.486988846875 0.281632653125 0.47583643125 0.2795918375 0.47955390312499996 0.25918367343750004 0.47583643125 0.2489795921875 0.47955390312499996 0.2428571421875 0.47583643125 0.23673469374999997 0.483271375 0.2326530609375 0.5055762078125 0.22857142812500003 0.5576208171875 0.22857142812500003 0.57249070625 0.28979591875 0.5836431234375
3 0.16326530625 0.4684014875 0.1693877546875 0.4684014875 0.17959183750000002 0.46468401562499995 0.1857142859375 0.44609665468750004 0.18979591875 0.438661709375 0.1877551015625 0.4163568765625 0.18163265312500002 0.37918215625 0.18163265312500002 0.3457249078125 0.17959183750000002 0.323420075 0.165306121875 0.3085501859375 0.1591836734375 0.30111524218749997 0.153061225 0.3048327140625 0.1489795921875 0.3159851296875 0.1489795921875 0.3643122671875 0.1489795921875 0.42007435 0.155102040625 0.4349442375 0.16326530625 0.4684014875
3 0.3142857140625 0.486988846875 0.3265306125 0.5018587359375 0.3428571421875 0.516728625 0.3612244890625 0.516728625 0.3795918375 0.5241635687499999 0.39387755156250004 0.516728625 0.3959183671875 0.47955390312499996 0.39387755156250004 0.42750929375 0.381632653125 0.390334571875 0.36734693906250004 0.3717472125 0.34693877500000003 0.3643122671875 0.33673469375 0.3605947953125 0.32040816250000004 0.3717472125 0.31632653125 0.3866171 0.3142857140625 0.42750929375 0.31224489843750003 0.46468401562499995 0.3142857140625 0.486988846875
3 0.2408163265625 0.4572490703125 0.2428571421875 0.47211895937500004 0.246938775 0.47955390312499996 0.25918367343750004 0.47583643125 0.2775510203125 0.47955390312499996 0.28571428593750003 0.4684014875 0.2877551015625 0.46096654218750005 0.297959184375 0.44981412656249997 0.308163265625 0.43122676562500006 0.3142857140625 0.41263940468750004 0.3142857140625 0.382899628125 0.297959184375 0.3568773234375 0.281632653125 0.33085501875 0.2673469390625 0.3197026015625 0.253061225 0.3122676578125 0.2428571421875 0.3085501859375 0.234693878125 0.3159851296875 0.2306122453125 0.33085501875 0.22857142812500003 0.3605947953125 0.2326530609375 0.41263940468750004 0.23673469374999997 0.4535315984375 0.2408163265625 0.4572490703125
3 0.40204081562500005 0.4572490703125 0.4 0.4981412640625 0.4061224484375 0.520446096875 0.42448979531250003 0.5241635687499999 0.43469387812500004 0.5055762078125 0.444897959375 0.513011153125 0.4591836734375 0.535315984375 0.4795918375 0.535315984375 0.4877551015625 0.5241635687499999 0.497959184375 0.5241635687499999 0.5040816328125 0.5055762078125 0.51020408125 0.486988846875 0.51020408125 0.46096654218750005 0.508163265625 0.4089219328125 0.502040815625 0.3866171 0.48979591874999995 0.3605947953125 0.4755102046875 0.34200743437500003 0.46734693906249997 0.3382899625 0.45510204062500004 0.334572490625 0.4387755109375 0.34200743437500003 0.42040816249999996 0.3643122671875 0.41632653125 0.382899628125 0.408163265625 0.40520446093749996 0.40204081562500005 0.4572490703125
3 0.46326530625 0.617100371875 0.4877551015625 0.62081784375 0.4938775515625 0.617100371875 0.49591836718750004 0.5985130109375 0.5 0.5501858734375 0.5 0.520446096875 0.497959184375 0.5241635687499999 0.4877551015625 0.5241635687499999 0.4795918375 0.535315984375 0.4612244890625 0.535315984375 0.44285714218749994 0.5092936796875 0.43469387812500004 0.5055762078125 0.4306122453125 0.513011153125 0.4306122453125 0.520446096875 0.4326530609375 0.5539033453125 0.4387755109375 0.5947955390625 0.44285714218749994 0.6133829000000001 0.46326530625 0.617100371875
3 0.1959183671875 0.46468401562499995 0.208163265625 0.4684014875 0.2204081625 0.4684014875 0.2326530609375 0.4572490703125 0.23673469374999997 0.44981412656249997 0.2326530609375 0.42007435 0.22857142812500003 0.37918215625 0.2265306125 0.3643122671875 0.2142857140625 0.34200743437500003 0.2040816328125 0.323420075 0.1959183671875 0.30111524218749997 0.1877551015625 0.30111524218749997 0.18163265312500002 0.3085501859375 0.18163265312500002 0.3382899625 0.18367346874999999 0.382899628125 0.18979591875 0.44609665468750004 0.1959183671875 0.46468401562499995
3 0.78367346875 0.4423791828125 0.7795918375 0.47955390312499996 0.7938775515625001 0.486988846875 0.8040816328125 0.486988846875 0.8204081625 0.47583643125 0.828571428125 0.4423791828125 0.834693878125 0.3940520453125 0.834693878125 0.35315985156249996 0.8326530609375 0.33085501875 0.8306122453125001 0.3197026015625 0.8244897953124999 0.327137546875 0.8183673468749999 0.3457249078125 0.8061224484375 0.36802973906249997 0.791836734375 0.3866171 0.78367346875 0.4423791828125
3 0.397959184375 0.6059479546875 0.42040816249999996 0.609665428125 0.428571428125 0.5947955390625 0.4326530609375 0.561338290625 0.4326530609375 0.5501858734375 0.4306122453125 0.5241635687499999 0.428571428125 0.513011153125 0.42448979531250003 0.5241635687499999 0.4061224484375 0.520446096875 0.40204081562500005 0.5018587359375 0.40204081562500005 0.47583643125 0.3959183671875 0.47583643125 0.39387755156250004 0.513011153125 0.3795918375 0.5241635687499999 0.3591836734375 0.520446096875 0.36326530625000003 0.5539033453125 0.36734693906250004 0.5873605953125 0.37551020468749996 0.6059479546875 0.397959184375 0.6059479546875
3 0.5714285718750001 0.5427509296874999 0.555102040625 0.5427509296874999 0.528571428125 0.5390334578125 0.5244897953125001 0.5315985125 0.5224489796875 0.483271375 0.51632653125 0.49070632031250006 0.5122448984375 0.4981412640625 0.5040816328125 0.5018587359375 0.502040815625 0.513011153125 0.502040815625 0.576208178125 0.5061224484375 0.624535315625 0.565306121875 0.6133829000000001 0.5714285718750001 0.5427509296874999
3 0.5244897953125001 0.47955390312499996 0.5244897953125001 0.527881040625 0.5265306125 0.5390334578125 0.5510204078125 0.5464684015625 0.591836734375 0.5390334578125 0.6122448984375 0.5464684015625 0.6244897953125 0.535315984375 0.6326530609375001 0.5092936796875 0.634693878125 0.46468401562499995 0.6306122453125 0.4163568765625 0.6265306125000001 0.37918215625 0.6122448984375 0.3494423796875 0.591836734375 0.3197026015625 0.5734693875 0.323420075 0.5591836734375 0.33085501875 0.544897959375 0.3494423796875 0.5326530609375 0.37918215625 0.5204081625 0.41263940468750004 0.5183673468750001 0.438661709375 0.5244897953125001 0.47955390312499996
3 0.7571428578125 0.617100371875 0.771428571875 0.6059479546875 0.771428571875 0.57249070625 0.7734693874999999 0.520446096875 0.771428571875 0.516728625 0.7612244890625 0.513011153125 0.744897959375 0.5018587359375 0.7346938781250001 0.486988846875 0.7244897953125 0.483271375 0.7204081625 0.486988846875 0.7224489796875 0.4944237921875 0.718367346875 0.513011153125 0.718367346875 0.57249070625 0.7142857140625 0.6133829000000001 0.73673469375 0.617100371875 0.7571428578125 0.617100371875
3 0.6387755109375 0.5650557625 0.6428571421875 0.5464684015625 0.6428571421875 0.5241635687499999 0.6428571421875 0.5055762078125 0.63673469375 0.47583643125 0.634693878125 0.47583643125 0.6326530609375001 0.513011153125 0.6244897953125 0.535315984375 0.6142857140625 0.5427509296874999 0.5938775515625 0.5390334578125 0.5755102046875 0.5427509296874999 0.5734693875 0.5464684015625 0.5693877546875 0.5873605953125 0.58367346875 0.6022304828125 0.6387755109375 0.5985130109375 0.6387755109375 0.5650557625
3 0.308163265625 0.5873605953125 0.33265306093749997 0.5947955390625 0.3591836734375 0.5947955390625 0.3591836734375 0.520446096875 0.3428571421875 0.516728625 0.3265306125 0.5018587359375 0.31632653125 0.49070632031250006 0.31224489843750003 0.4684014875 0.3040816328125 0.47211895937500004 0.291836734375 0.5055762078125 0.2877551015625 0.5799256500000001 0.308163265625 0.5873605953125
3 0.828571428125 0.4423791828125 0.8244897953124999 0.46096654218750005 0.828571428125 0.4684014875 0.8387755109375 0.47583643125 0.8489795921875001 0.47211895937500004 0.853061225 0.44609665468750004 0.8612244890625 0.4014869890625 0.8612244890625 0.3643122671875 0.8571428578125 0.34200743437500003 0.853061225 0.3159851296875 0.8489795921875001 0.3122676578125 0.8387755109375 0.327137546875 0.834693878125 0.34200743437500003 0.834693878125 0.390334571875 0.828571428125 0.4423791828125
3 0.7244897953125 0.46096654218750005 0.728571428125 0.47955390312499996 0.744897959375 0.5018587359375 0.7612244890625 0.513011153125 0.771428571875 0.513011153125 0.7775510203125 0.49070632031250006 0.78367346875 0.4423791828125 0.791836734375 0.382899628125 0.78979591875 0.3643122671875 0.7795918375 0.3457249078125 0.7673469390625 0.3457249078125 0.7591836734374999 0.3494423796875 0.744897959375 0.36802973906249997 0.7306122453125 0.4014869890625 0.7244897953125 0.42007435 0.7244897953125 0.46096654218750005
3 0.6448979593749999 0.5092936796875 0.655102040625 0.527881040625 0.6673469390625 0.535315984375 0.6795918375000001 0.535315984375 0.68979591875 0.5315985125 0.7 0.5315985125 0.7122448984374999 0.527881040625 0.7224489796875 0.4944237921875 0.7224489796875 0.4423791828125 0.718367346875 0.390334571875 0.71020408125 0.3643122671875 0.6959183671875 0.35315985156249996 0.6795918375000001 0.3568773234375 0.66326530625 0.3717472125 0.646938775 0.3940520453125 0.63673469375 0.4163568765625 0.6326530609375001 0.438661709375 0.6387755109375 0.47211895937500004 0.6448979593749999 0.5092936796875
3 0.1877551015625 0.5501858734375 0.19795918437499999 0.5576208171875 0.21020408124999998 0.5650557625 0.2204081625 0.561338290625 0.2306122453125 0.5427509296874999 0.2326530609375 0.5055762078125 0.23673469374999997 0.483271375 0.2428571421875 0.47211895937500004 0.2408163265625 0.4684014875 0.2306122453125 0.4684014875 0.22448979531250002 0.4684014875 0.2204081625 0.4684014875 0.2122448984375 0.4684014875 0.208163265625 0.47211895937500004 0.2 0.49070632031250006 0.1938775515625 0.513011153125 0.1877551015625 0.535315984375 0.1877551015625 0.5501858734375