3 0.20701754375 0.5593220343749999 0.224561403125 0.59887005625 0.245614034375 0.6045197734375 0.2631578953125 0.5819209046875 0.2701754390625 0.57062146875 0.2526315796875 0.54237288125 0.24912280625 0.502824859375 0.2526315796875 0.45762711874999995 0.2561403515625 0.40677966093749995 0.2526315796875 0.3672316390625 0.224561403125 0.327683615625 0.20701754375 0.299435028125 0.2 0.271186440625 0.1859649125 0.25423728749999996 0.17543859687500002 0.25988700625 0.171929825 0.282485875 0.168421053125 0.33898305156249997 0.171929825 0.41242937812499997 0.1859649125 0.502824859375 0.20701754375 0.5593220343749999
3 0.5087719296875 0.5875706218750001 0.5122807015624999 0.615819209375 0.5368421046875 0.6214689265625 0.582456140625 0.6214689265625 0.6280701750000001 0.6214689265625 0.645614034375 0.6045197734375 0.6561403515625 0.5649717515625 0.6526315796875 0.46892655312500003 0.6526315796875 0.40677966093749995 0.6491228062500001 0.34463276875000004 0.63508771875 0.299435028125 0.6140350875 0.282485875 0.57894736875 0.282485875 0.561403509375 0.28813559375 0.5543859656250001 0.31073446250000003 0.5368421046875 0.33898305156249997 0.5157894734374999 0.4237288140625 0.5052631578125 0.51412429375 0.5087719296875 0.5875706218750001
3 0.6561403515625 0.5480225984375 0.6596491234374999 0.5932203390625 0.6666666671875 0.59887005625 0.6912280703125 0.6101694921874999 0.7263157890625 0.59887005625 0.7473684203125 0.5819209046875 0.7578947375 0.5480225984375 0.7578947375 0.4519774015625 0.754385965625 0.384180790625 0.7473684203125 0.33898305156249997 0.7438596484375 0.31073446250000003 0.7333333328125 0.30508474531249996 0.7192982453125001 0.31073446250000003 0.6877192984375 0.3502824859375 0.6596491234374999 0.40677966093749995 0.6526315796875 0.4350282484375 0.6561403515625 0.5480225984375
3 0.47017543906250003 0.7627118640624999 0.4842105265625 0.7627118640624999 0.5087719296875 0.717514125 0.5263157890625 0.68361581875 0.5403508765625 0.65536723125 0.5333333328125 0.6327683609375 0.5333333328125 0.6214689265625 0.5157894734374999 0.615819209375 0.5087719296875 0.6045197734375 0.5052631578125 0.5932203390625 0.49473684218749997 0.59887005625 0.4842105265625 0.615819209375 0.44912280625 0.6214689265625 0.44561403437499997 0.644067796875 0.4421052625 0.6610169484374999 0.44912280625 0.7118644062499999 0.4561403515625 0.7514124296875 0.47017543906250003 0.7627118640624999
3 0.3578947375 0.757062146875 0.371929825 0.7514124296875 0.39649122812500004 0.7231638421875 0.417543859375 0.6892655375000001 0.42807017500000005 0.672316384375 0.438596490625 0.644067796875 0.4421052625 0.6214689265625 0.42456140312499996 0.615819209375 0.382456140625 0.6045197734375 0.36491228124999997 0.5819209046875 0.3578947375 0.5819209046875 0.35087719375000004 0.5932203390625 0.34035087656249996 0.59887005625 0.3368421046875 0.6045197734375 0.3368421046875 0.65536723125 0.34035087656249996 0.7062146890625 0.3438596484375 0.7344632765625 0.3578947375 0.757062146875
3 0.9298245609375 0.68361581875 0.9333333328125001 0.6384180796875001 0.9263157890624999 0.57062146875 0.9228070171875 0.54237288125 0.8912280703125001 0.525423728125 0.8842105265625 0.51412429375 0.8736842109375 0.502824859375 0.8701754390625001 0.502824859375 0.8701754390625001 0.51412429375 0.8526315796875 0.57062146875 0.8666666671875 0.6384180796875001 0.8842105265625 0.6666666671875 0.9017543859374999 0.700564971875 0.9192982453124999 0.700564971875 0.9298245609375 0.68361581875
3 0.1578947375 0.5480225984375 0.17894736875 0.553672315625 0.2 0.5480225984375 0.2 0.54237288125 0.1859649125 0.502824859375 0.171929825 0.41242937812499997 0.168421053125 0.3333333328125 0.154385965625 0.299435028125 0.14385964843750002 0.2768361578125 0.1368421046875 0.271186440625 0.12631578906250002 0.2768361578125 0.1228070171875 0.3333333328125 0.13333333281249998 0.45762711874999995 0.14385964843750002 0.5084745765625 0.1578947375 0.5480225984375
3 0.8491228062499999 0.7514124296875 0.8631578953125001 0.7231638421875 0.8631578953125001 0.6497175140625 0.8561403515625001 0.5932203390625 0.8526315796875 0.57062146875 0.845614034375 0.5762711859375 0.82105263125 0.59887005625 0.7964912281250001 0.59887005625 0.782456140625 0.5932203390625 0.775438596875 0.5875706218750001 0.782456140625 0.6666666671875 0.8 0.700564971875 0.8140350875 0.7231638421875 0.8315789468749999 0.7457627125 0.8491228062499999 0.7514124296875
3 0.7368421046875 0.7796610171875 0.768421053125 0.7909604515625 0.77894736875 0.7627118640624999 0.782456140625 0.7118644062499999 0.775438596875 0.65536723125 0.771929825 0.6101694921874999 0.771929825 0.5819209046875 0.754385965625 0.5649717515625 0.7473684203125 0.5819209046875 0.7228070171875001 0.59887005625 0.6947368421875 0.6101694921874999 0.6596491234374999 0.59887005625 0.6631578953124999 0.62711864375 0.6666666671875 0.6610169484374999 0.6982456140625 0.700564971875 0.7192982453125001 0.7514124296875 0.7368421046875 0.7796610171875
3 0.2526315796875 0.54237288125 0.2701754390625 0.57062146875 0.2807017546875 0.5875706218750001 0.3087719296875 0.5932203390625 0.3298245609375 0.5932203390625 0.35087719375000004 0.5932203390625 0.361403509375 0.5762711859375 0.3578947375 0.5197740109375 0.354385965625 0.44067796562500006 0.354385965625 0.41807909531250004 0.3333333328125 0.3672316390625 0.3122807015625 0.327683615625 0.2982456140625 0.30508474531249996 0.2842105265625 0.28813559375 0.2701754390625 0.282485875 0.2596491234375 0.28813559375 0.2526315796875 0.30508474531249996 0.2526315796875 0.37288135625 0.2561403515625 0.42937853125 0.2526315796875 0.502824859375 0.2526315796875 0.54237288125
3 0.196491228125 0.7457627125 0.210526315625 0.728813559375 0.22807017499999999 0.7062146890625 0.238596490625 0.672316384375 0.24210526250000003 0.644067796875 0.24210526250000003 0.59887005625 0.22807017499999999 0.59887005625 0.20701754375 0.5649717515625 0.196491228125 0.5480225984375 0.18245614062499999 0.553672315625 0.168421053125 0.553672315625 0.168421053125 0.5762711859375 0.16491228125 0.62711864375 0.171929825 0.6779661015625 0.189473684375 0.728813559375 0.196491228125 0.7457627125
3 0.76491228125 0.3785310734375 0.7578947375 0.384180790625 0.7578947375 0.48587570625 0.7578947375 0.553672315625 0.77894736875 0.5875706218750001 0.7964912281250001 0.59887005625 0.82105263125 0.59887005625 0.845614034375 0.5819209046875 0.8631578953125001 0.5367231640625 0.8701754390625001 0.5084745765625 0.8701754390625001 0.44632768437500003 0.8736842109375 0.327683615625 0.8666666671875 0.271186440625 0.8596491234375 0.2485875703125 0.845614034375 0.2259887 0.8245614031249999 0.23163841875000002 0.8140350875 0.2655367234375 0.8 0.327683615625 0.782456140625 0.3502824859375 0.76491228125 0.3785310734375
3 0.645614034375 0.7514124296875 0.6491228062500001 0.717514125 0.6526315796875 0.68361581875 0.6526315796875 0.62711864375 0.6526315796875 0.6045197734375 0.645614034375 0.6045197734375 0.6280701750000001 0.62711864375 0.5543859656250001 0.6214689265625 0.5543859656250001 0.6384180796875001 0.561403509375 0.6779661015625 0.582456140625 0.7231638421875 0.6140350875 0.757062146875 0.645614034375 0.7514124296875
3 0.8982456140625 0.4237288140625 0.8771929828125 0.497175140625 0.8877192984375 0.5197740109375 0.9228070171875 0.54237288125 0.9403508765625 0.5367231640625 0.9578947375 0.48587570625 0.961403509375 0.39548022656250004 0.9578947375 0.30508474531249996 0.954385965625 0.2259887 0.9368421046875 0.23163841875000002 0.9087719296874999 0.2768361578125 0.8947368421874999 0.31073446250000003 0.9017543859374999 0.3898305078125 0.8982456140625 0.4237288140625
3 0.3087719296875 0.6666666671875 0.3298245609375 0.6214689265625 0.3333333328125 0.59887005625 0.3087719296875 0.5932203390625 0.2842105265625 0.5932203390625 0.2701754390625 0.57062146875 0.2631578953125 0.5819209046875 0.24912280625 0.59887005625 0.24210526250000003 0.6045197734375 0.24210526250000003 0.672316384375 0.24210526250000003 0.717514125 0.2631578953125 0.728813559375 0.2877192984375 0.7062146890625 0.3087719296875 0.6666666671875
3 0.361403509375 0.531073446875 0.36491228124999997 0.5762711859375 0.382456140625 0.6045197734375 0.4140350875 0.615819209375 0.44561403437499997 0.6214689265625 0.4842105265625 0.615819209375 0.49824561406249995 0.5875706218750001 0.5052631578125 0.531073446875 0.5017543859375 0.44067796562500006 0.4877192984375 0.3672316390625 0.47017543906250003 0.3220338984375 0.438596490625 0.282485875 0.39649122812500004 0.2768361578125 0.37894736875 0.29378531093750004 0.36491228124999997 0.35593220312499996 0.361403509375 0.41242937812499997 0.3578947375 0.4632768359375 0.361403509375 0.531073446875