3 0.906828703125 0.4001736109375 0.911651234375 0.37789351875 0.91705246875 0.342303240625 0.9203317906249999 0.31539351875 0.9209104937499999 0.2887731484375 0.9178240734375 0.2702546296875 0.915509259375 0.264178240625 0.91107253125 0.2633101859375 0.9050925921875 0.2711226859375 0.896026234375 0.281828703125 0.8946759265625 0.29600694375000003 0.890625 0.3284143515625 0.8817515437500001 0.365740740625 0.871527778125 0.3943865734375 0.8678626546875 0.399884259375 0.8782793203124999 0.4079861109375 0.8908179015625001 0.41637731406249995 0.8967978390625 0.41319444375 0.906828703125 0.4001736109375
3 0.055555556250000006 0.41319444375 0.07021605 0.42766203750000004 0.0734953703125 0.4348958328125 0.0837191359375 0.42621527812500004 0.0779320984375 0.4094328703125 0.07233796249999999 0.3802083328125 0.0680941359375 0.3504050921875 0.06770833281250001 0.33159722187499996 0.0526620375 0.32118055624999997 0.0408950625 0.3125 0.03125 0.306134259375 0.035686728125 0.3339120375 0.045524690625 0.3703703703125 0.048225309375 0.390625 0.055555556250000006 0.41319444375
3 0.50289351875 0.2835648140625 0.5032793203125 0.3101851859375 0.5032793203125 0.3683449078125 0.50289351875 0.3926504625 0.5094521609375 0.40248842656250006 0.5410879625 0.40133101875 0.5952932093750001 0.39930555624999997 0.6386959875 0.390046296875 0.6437114203125 0.3825231484375 0.646990740625 0.3645833328125 0.6466049375 0.3263888890625 0.6394675921874999 0.272858796875 0.627507715625 0.223090278125 0.61824845625 0.20138888906250002 0.6062885796875 0.18142361093749998 0.5887345671875 0.1750578703125 0.5738811734375 0.1750578703125 0.5597993828125001 0.1799768515625 0.5378086421875 0.20891203749999998 0.51658950625 0.2511574078125 0.50289351875 0.2835648140625
3 0.7546296296875 0.3151041671875 0.7530864203125 0.3385416671875 0.7521219140625 0.34809027812500004 0.7602237656249999 0.3570601859375 0.765625 0.35648148125 0.7800925921874999 0.3596643515625 0.7918595671875 0.366608796875 0.799382715625 0.3732638890625 0.8125 0.3796296296875 0.8312114203125001 0.3848379625 0.8406635796874999 0.3723958328125 0.8524305562500001 0.352141203125 0.8614969140625 0.3362268515625 0.86419753125 0.3269675921875 0.8717206796875001 0.311053240625 0.8730709875 0.2971643515625 0.8728780859375 0.2766203703125 0.86419753125 0.2421875 0.8520447531249999 0.20804398124999998 0.8416280859375 0.1739004625 0.8312114203125001 0.15277777812499999 0.8260030859375 0.1446759265625 0.8169367281250001 0.1429398140625 0.8092206796875001 0.1458333328125 0.8015046296874999 0.15190972187500001 0.7771990734374999 0.1901041671875 0.7609953703125 0.257233796875 0.7530864203125 0.2745949078125 0.7546296296875 0.3151041671875
3 0.1603009265625 0.5694444437499999 0.1660879625 0.584490740625 0.1784336421875 0.5706018515625 0.1927083328125 0.5350115734374999 0.2092978390625 0.5069444437499999 0.222608025 0.49450231406249995 0.2324459875 0.4392361109375 0.23804012343749997 0.4192708328125 0.230902778125 0.4129050921875 0.2146990734375 0.4236111109375 0.20216049374999998 0.431134259375 0.1898148140625 0.4348958328125 0.1838348765625 0.42910879687500003 0.1780478390625 0.43055555625 0.166473765625 0.4143518515625 0.15644290156250001 0.42737268593750005 0.1543209875 0.43402777812500004 0.1502700625 0.4620949078125 0.14911265468749998 0.48726851875 0.1529706796875 0.5271990734374999 0.1603009265625 0.5694444437499999
3 0.420331790625 0.5176504625 0.433641975 0.5231481484375 0.4440586421875 0.5234375 0.45351080312500003 0.5231481484375 0.4602623453125 0.51273148125 0.46392746875 0.48726851875 0.4801311734375 0.44097222187499996 0.48090277812500004 0.404803240625 0.43441357968750005 0.40914351875 0.41068672812499996 0.4079861109375 0.3904320984375 0.404803240625 0.39332561718750003 0.43402777812500004 0.40586419687499997 0.4782986109375 0.41319444375 0.5031828703125 0.420331790625 0.5176504625
0 0.191936728125 0.5173611109375 0.1927083328125 0.515625 0.19232253125 0.5138888890625 0.1915509265625 0.5130208328125 0.1907793203125 0.5133101859375 0.1898148140625 0.514178240625 0.1902006171875 0.5167824078125001 0.1907793203125 0.5176504625 0.191936728125 0.5173611109375
3 0.873649690625 0.48842592656250006 0.885223765625 0.49594907343749994 0.9006558640625 0.5026041671875 0.9149305562500001 0.49913194375 0.9226466046875 0.48842592656250006 0.9239969140625 0.46498842656250006 0.9220679015625001 0.44589120312499997 0.9172453703125001 0.4192708328125 0.9085648140625 0.39496527812500004 0.9064429015625001 0.40133101875 0.8971836421875 0.4129050921875 0.8913966046875 0.4166666671875 0.8678626546875 0.399884259375 0.8655478390625 0.404803240625 0.8584104937499999 0.40335648125 0.858024690625 0.4059606484375 0.8634259265625 0.41608796249999996 0.868634259375 0.44039351875 0.8717206796875001 0.45717592656250006 0.873649690625 0.48842592656250006
3 0.350115740625 0.5208333328125 0.35976080312500003 0.5164930562500001 0.369598765625 0.5078125 0.3699845671875 0.4797453703125 0.3786651234375 0.4421296296875 0.390046296875 0.404803240625 0.3767361109375 0.4010416671875 0.3649691359375 0.3885995375 0.3613040125 0.381365740625 0.353009259375 0.39496527812500004 0.3260030859375 0.40625 0.313078703125 0.40972222187499996 0.302276234375 0.40972222187499996 0.3155864203125 0.4285300921875 0.32021605000000003 0.48032407343749994 0.3371913578125 0.5133101859375 0.350115740625 0.5208333328125
0 0.7206790125 0.41840277812500004 0.7204861109375 0.41695601875 0.7195216046875 0.41608796249999996 0.7185570984375 0.4157986109375 0.71778549375 0.4172453703125 0.718364196875 0.41898148125 0.719135803125 0.4192708328125 0.7206790125 0.41840277812500004
3 0.7199074078125001 0.538483796875 0.7370756171874999 0.53414351875 0.7469135796875 0.5254629625 0.7581018515625 0.4670138890625 0.7636959875 0.42766203750000004 0.7673611109375 0.3909143515625 0.7636959875 0.3703703703125 0.7586805562500001 0.35590277812500004 0.7527006171874999 0.3492476859375 0.7472993828125001 0.3732638890625 0.7262731484375 0.38628472187499996 0.72164351875 0.38715277812500004 0.7170138890625 0.390625 0.7073688265625 0.3903356484375 0.6726466046875 0.37586805624999997 0.670524690625 0.43952546249999996 0.6770833328125 0.48003472187499996 0.699652778125 0.5237268515625 0.7199074078125001 0.538483796875
3 0.7648533953125 0.40972222187499996 0.7636959875 0.4299768515625 0.762152778125 0.4441550921875 0.761766975 0.4557291671875 0.7679398140625 0.46440972187499996 0.7814429015625 0.48495370312499997 0.7914737656249999 0.5011574078125001 0.803240740625 0.5243055562500001 0.8121141968750001 0.538483796875 0.8209876546875 0.540509259375 0.8269675921875 0.53414351875 0.8296682093750001 0.52054398125 0.8341049375 0.5023148140625 0.8381558640625 0.4869791671875 0.8396990734375 0.467303240625 0.840277778125 0.43952546249999996 0.8369984562499999 0.40682870312499997 0.8331404328125 0.3839699078125 0.8314043203124999 0.3845486109375 0.8009259265625 0.3738425921875 0.7914737656249999 0.3660300921875 0.7779706796875 0.359375 0.77334105 0.3619791671875 0.769483025 0.3654513890625 0.7629243828125001 0.3712384265625 0.7644675921874999 0.376446759375 0.766010803125 0.3848379625 0.76658950625 0.3946759265625 0.7648533953125 0.40972222187499996
3 0.1369598765625 0.337384259375 0.1385030859375 0.3631365734375 0.1425540125 0.3770254625 0.1738040125 0.42737268593750005 0.1778549375 0.4308449078125 0.1842206796875 0.43026620312499997 0.1898148140625 0.43460648125 0.2010030859375 0.4314236109375 0.219135803125 0.4207175921875 0.2363040125 0.4079861109375 0.25347222187499996 0.39149305624999997 0.2557870375 0.3865740734375 0.24903549374999998 0.374421296875 0.2453703703125 0.350983796875 0.245563271875 0.33246527812500004 0.24903549374999998 0.3072916671875 0.2488425921875 0.2991898140625 0.239776234375 0.290509259375 0.233989196875 0.2800925921875 0.22723765468749998 0.2578125 0.2146990734375 0.2366898140625 0.2010030859375 0.222222221875 0.18846450625 0.212384259375 0.18055555625 0.21122685156249998 0.1697530859375 0.2155671296875 0.15875771562500002 0.2277199078125 0.1521990734375 0.243634259375 0.1458333328125 0.27690972187499996 0.140046296875 0.311921296875 0.1369598765625 0.337384259375
3 0.2320601859375 0.5682870375 0.255401234375 0.5636574078125001 0.2957175921875 0.5040509265625001 0.3180941359375 0.4765625 0.31404320937499997 0.42737268593750005 0.3015046296875 0.41001157343749994 0.2903163578125 0.41059027812500004 0.27777777812500004 0.40538194375 0.26485339531249996 0.39756944375000003 0.2542438265625 0.390046296875 0.24710648124999998 0.39756944375000003 0.24247685156249998 0.404803240625 0.230516975 0.4453125 0.22125771562500002 0.5078125 0.22550154375 0.5506365734374999 0.2320601859375 0.5682870375
3 0.8643904328125 0.40393518593750005 0.8719135796874999 0.39351851875 0.8815586421875 0.3651620375 0.890625 0.3278356484375 0.8950617281250001 0.2957175921875 0.896026234375 0.2737268515625 0.8939043203124999 0.2540509265625 0.891975309375 0.24421296250000002 0.890046296875 0.23148148124999998 0.885223765625 0.228009259375 0.880401234375 0.22743055625 0.8717206796875001 0.23408564843750002 0.864776234375 0.2410300921875 0.872492284375 0.2760416671875 0.8734567906249999 0.29774305624999997 0.8717206796875001 0.31163194375000003 0.86419753125 0.3260995375 0.8616898140625 0.3362268515625 0.8406635796874999 0.3723958328125 0.8331404328125 0.38368055624999997 0.8508873453125 0.4016203703125 0.856867284375 0.40567129687500003 0.8589891968750001 0.40335648125 0.8643904328125 0.40393518593750005
3 0.5196759265625001 0.515046296875 0.533757715625 0.5069444437499999 0.54205246875 0.49710648125 0.5520833328125 0.46469907343749994 0.5657793203125 0.4296875 0.5715663578125 0.4016203703125 0.5100308640625 0.40248842656250006 0.503858025 0.39496527812500004 0.5021219140625 0.39351851875 0.49961419687499997 0.40422453750000004 0.48341049375 0.4030671296875 0.4801311734375 0.40538194375 0.48148148125 0.44241898125 0.5 0.4826388890625 0.511766975 0.5095486109375 0.5196759265625001 0.515046296875
0 0.12847222187500001 0.538483796875 0.129436728125 0.5364583328125 0.1280864203125 0.5335648140625 0.1271219140625 0.5338541671875 0.12577160468749998 0.53616898125 0.1261574078125 0.538483796875 0.1277006171875 0.5393518515625 0.12847222187500001 0.538483796875
3 0.36207561718750003 0.2867476859375 0.35802469062500003 0.313078703125 0.3570601859375 0.3483796296875 0.3570601859375 0.366608796875 0.36284722187499996 0.3851273140625 0.37461419687499997 0.3995949078125 0.38985339531249996 0.40422453750000004 0.40586419687499997 0.4079861109375 0.43190586406250003 0.4094328703125 0.46682098749999995 0.40422453750000004 0.49980709843750004 0.40277777812500004 0.503858025 0.36631944375000003 0.5030864203125 0.31336805624999997 0.49980709843750004 0.279803240625 0.48842592656250006 0.24479166718749998 0.47241512343750003 0.21903935156249998 0.4573688265625 0.203125 0.4471450625 0.19704861093749998 0.42804783906250005 0.1906828703125 0.412615740625 0.1927083328125 0.396026234375 0.20052083281250002 0.3815586421875 0.2155671296875 0.37229938281249997 0.24392361093749998 0.36207561718750003 0.2867476859375
3 0.24903549374999998 0.2989004625 0.24942129687499998 0.3046875 0.2453703703125 0.3313078703125 0.245563271875 0.3515625 0.24903549374999998 0.373553240625 0.2565586421875 0.390625 0.27353394999999997 0.40335648125 0.28915894999999997 0.4108796296875 0.3113425921875 0.40914351875 0.33487654375 0.40248842656250006 0.35262345625 0.39554398125 0.36091820937499997 0.3816550921875 0.35667438281249997 0.36429398125 0.356867284375 0.3336226859375 0.358796296875 0.305266203125 0.36284722187499996 0.2832754625 0.351080246875 0.26649305624999997 0.3379629625 0.245659721875 0.3283179015625 0.23524305625 0.31385030937499997 0.22858796250000002 0.3011188265625 0.22743055625 0.2907021609375 0.22916666718749998 0.2781635796875 0.23611111093749998 0.2667824078125 0.24797453749999998 0.2606095671875 0.258391203125 0.254436728125 0.27835648125 0.24903549374999998 0.2989004625
3 0.08854166718749999 0.4372106484375 0.0960648140625 0.45225694375 0.1082175921875 0.4499421296875 0.11882716093750001 0.43373842656250006 0.1091820984375 0.41348379687500003 0.10358796249999999 0.3932291671875 0.10127314843749999 0.3752893515625 0.0960648140625 0.34809027812500004 0.09375 0.32320601875 0.08603395 0.3171296296875 0.07523148125 0.3107638890625 0.06770833281250001 0.3113425921875 0.0680941359375 0.3417245375 0.070794753125 0.3651620375 0.077739196875 0.4079861109375 0.08854166718749999 0.4372106484375
3 0.113811728125 0.5060763890625 0.11612654375 0.5338541671875 0.11747685156250001 0.553240740625 0.12114197499999999 0.56741898125 0.1307870375 0.5671296296875 0.1356095671875 0.5578703703125 0.1427469140625 0.5387731484375 0.1525848765625 0.5251736109375 0.148919753125 0.48668981406249995 0.1504629625 0.46180555625 0.15451388906250002 0.43258101875 0.15528549375 0.4293981484375 0.1487268515625 0.431134259375 0.13368055625 0.4406828703125 0.129436728125 0.44618055625 0.1238425921875 0.4427083328125 0.122492284375 0.44328703750000004 0.11863425937500001 0.45515046249999996 0.11805555625 0.47309027812500004 0.11554783906249999 0.4904513890625 0.113811728125 0.5060763890625
3 0.593171296875 0.5026041671875 0.5993441359375 0.515046296875 0.6101466046875 0.5196759265625001 0.624614196875 0.5153356484375 0.634259259375 0.501446759375 0.6433256171874999 0.47714120312499997 0.6550925921874999 0.4479166671875 0.6720679015625 0.40682870312499997 0.67283950625 0.3767361109375 0.6678240734374999 0.374421296875 0.6554783953125 0.3729745375 0.6504629625 0.36805555624999997 0.6475694437499999 0.3605324078125 0.6446759265625001 0.3810763890625 0.63966049375 0.390046296875 0.5740740734374999 0.40190972187499996 0.5715663578125 0.4030671296875 0.5679012343750001 0.431134259375 0.580632715625 0.44241898125 0.5868055562500001 0.470196759375 0.593171296875 0.5026041671875
3 0.65914351875 0.25434027812500004 0.6471836421875 0.2702546296875 0.6413966046875 0.2745949078125 0.6471836421875 0.32465277812500004 0.6475694437499999 0.3596643515625 0.6500771609375 0.3668981484375 0.6547067906249999 0.3726851859375 0.6682098765625 0.3738425921875 0.7081404328125 0.3909143515625 0.7164351859375 0.3909143515625 0.721257715625 0.38715277812500004 0.72646605 0.38628472187499996 0.7351466046875 0.3807870375 0.746527778125 0.3732638890625 0.7498070984375 0.360821759375 0.7536651234375 0.3376736109375 0.75482253125 0.3171296296875 0.7507716046875 0.2679398140625 0.7459490734374999 0.2421875 0.7418981484375 0.22598379687499998 0.7351466046875 0.21354166718749998 0.727044753125 0.20225694375 0.7170138890625 0.1976273140625 0.7081404328125 0.195891203125 0.6981095671875 0.196759259375 0.6873070984375 0.20515046250000002 0.67476851875 0.22482638906250002 0.665509259375 0.24131944375 0.65914351875 0.25434027812500004
3 0.06500771562499999 0.5089699078125001 0.0709876546875 0.5245949078125001 0.08063271562499999 0.5416666671875 0.0914351859375 0.5390625 0.108989196875 0.5231481484375 0.1140046296875 0.5133101859375 0.113811728125 0.506365740625 0.11824845625 0.4733796296875 0.1190200625 0.45543981406249995 0.122492284375 0.4441550921875 0.1228780859375 0.44184027812500004 0.11863425937500001 0.43402777812500004 0.108989196875 0.44936342656250006 0.0964506171875 0.45225694375 0.0877700625 0.43663194375 0.084490740625 0.42621527812500004 0.0744598765625 0.43402777812500004 0.0740740734375 0.4363425921875 0.0686728390625 0.45515046249999996 0.0657793203125 0.47280092656250006 0.0636574078125 0.49565972187499996 0.06500771562499999 0.5089699078125001
3 0.0960648140625 0.3478009265625 0.10532407343750001 0.3995949078125 0.11844135781250001 0.43344907343749994 0.1230709875 0.44155092656250006 0.129436728125 0.44618055625 0.13368055625 0.44126157343749994 0.14834105 0.431134259375 0.15528549375 0.42910879687500003 0.165509259375 0.4137731484375 0.1417824078125 0.3752893515625 0.1373456796875 0.3567708328125 0.13773148125 0.3339120375 0.1385030859375 0.3226273140625 0.1305941359375 0.3171296296875 0.11709105 0.29976851875 0.1082175921875 0.288483796875 0.10320216093750001 0.2815393515625 0.0979938265625 0.2815393515625 0.0964506171875 0.2931134265625 0.0960648140625 0.3070023140625 0.09375 0.32118055624999997 0.0960648140625 0.3478009265625
0 0.06770833281250001 0.4817708328125 0.06944444375 0.4817708328125 0.07021605 0.48032407343749994 0.0700231484375 0.47858796249999996 0.06905864218749999 0.4765625 0.0675154328125 0.4765625 0.066936728125 0.47858796249999996 0.0667438265625 0.48061342656250006 0.06770833281250001 0.4817708328125
3 0.8381558640625 0.48495370312499997 0.8398919749999999 0.4921875 0.8497299375 0.5101273140625 0.8591820984374999 0.5289351859375 0.8640046296874999 0.5370370375 0.8676697531249999 0.5364583328125 0.8692129625 0.5254629625 0.8734567906249999 0.4895833328125 0.8719135796874999 0.4557291671875 0.8632330250000001 0.4143518515625 0.8584104937499999 0.4059606484375 0.8505015437500001 0.40219907343749994 0.834490740625 0.3851273140625 0.83294753125 0.3859953703125 0.8371913578125 0.4074074078125 0.8396990734375 0.44155092656250006 0.8395061734375 0.4713541671875 0.8381558640625 0.48495370312499997