0 0.5535248046875 0.48148148125 0.5509138375 0.477777778125 0.548302871875 0.48518518593750004 0.54569190625 0.49259259218749996 0.543080940625 0.503703703125 0.548302871875 0.5111111109375 0.5509138375 0.5111111109375 0.5561357703125 0.49629629687500004 0.5535248046875 0.48148148125
3 0.561357703125 0.522222221875 0.561357703125 0.5518518515624999 0.5535248046875 0.5888888890625 0.5639686687500001 0.6074074078125 0.5770234984375 0.6370370375000001 0.60052219375 0.659259259375 0.6292428203125 0.6740740734374999 0.6501305484375 0.6333333328124999 0.663185378125 0.603703703125 0.6684073109375 0.540740740625 0.6710182765625 0.5148148140625 0.6840731078125 0.48148148125 0.6710182765625 0.46666666718750005 0.657963446875 0.45555555625000005 0.6422976499999999 0.459259259375 0.6161879890625 0.477777778125 0.5979112265625 0.5 0.5691906 0.5148148140625 0.561357703125 0.522222221875
3 0.21409921718749997 0.7481481484375 0.2297650125 0.777777778125 0.2375979109375 0.7888888890625 0.2584856390625 0.7814814812499999 0.2689295046875 0.7518518515625 0.27937336875 0.7296296296875 0.300261096875 0.6851851859375 0.3028720625 0.6666666671875 0.3028720625 0.622222221875 0.263707571875 0.603703703125 0.23498694531250003 0.5851851859375 0.2375979109375 0.5518518515624999 0.22454308125 0.5481481484375 0.21148825000000002 0.5518518515624999 0.1984334203125 0.559259259375 0.18798955625 0.6111111109375 0.1827676234375 0.6777777781250001 0.1827676234375 0.696296296875 0.21409921718749997 0.7481481484375
3 0.010443864062499999 0.5370370375 0.018276762499999998 0.5740740734374999 0.0443864234375 0.5925925921874999 0.09660574375 0.6 0.1644908609375 0.6 0.190600521875 0.5851851859375 0.20104438593750001 0.5481481484375 0.1827676234375 0.522222221875 0.1775456921875 0.48518518593750004 0.1801566578125 0.4481481484375 0.185378590625 0.42222222187499997 0.16710182812500002 0.3925925921875 0.13315926875 0.38148148125 0.1018276765625 0.38148148125 0.07832898125 0.3851851859375 0.041775456249999995 0.4074074078125 0.015665796875 0.4481481484375 0.0078328984375 0.4888888890625 0.010443864062499999 0.5370370375
3 0.11488250625 0.7666666671875 0.14099216718750002 0.7518518515625 0.154046996875 0.7111111109375 0.1618798953125 0.6888888890625 0.1592689296875 0.6 0.093994778125 0.6 0.0496083546875 0.5962962968750001 0.041775456249999995 0.6 0.041775456249999995 0.64444444375 0.0704960828125 0.7074074078125 0.0913838125 0.75555555625 0.11488250625 0.7666666671875
3 0.2375979109375 0.5851851859375 0.2584856390625 0.6 0.305483028125 0.622222221875 0.36553524843749996 0.640740740625 0.394255875 0.6370370375000001 0.4125326375 0.622222221875 0.43080939999999995 0.5851851859375 0.4412532640625 0.5296296296875 0.4281984328125 0.49259259218749996 0.41775456875000005 0.459259259375 0.40992167031250004 0.42222222187499997 0.38120104375 0.396296296875 0.3498694515625 0.403703703125 0.30809399531250004 0.4296296296875 0.2741514359375 0.4481481484375 0.2532637078125 0.46666666718750005 0.24020887656249998 0.5370370375 0.2375979109375 0.5851851859375
3 0.394255875 0.7888888890625 0.4125326375 0.75555555625 0.42297650156250005 0.7111111109375 0.43603133125 0.6740740734374999 0.43080939999999995 0.6296296296875 0.42036553593750003 0.6111111109375 0.40992167031250004 0.622222221875 0.39164490937499996 0.6370370375000001 0.36292428125 0.64444444375 0.3107049609375 0.622222221875 0.3159268921875 0.6888888890625 0.3446475203125 0.7370370375 0.3681462140625 0.7740740734375 0.394255875 0.7888888890625
3 0.561357703125 0.7518518515625 0.5587467359375 0.7259259265625 0.5535248046875 0.6518518515625 0.5404699734375 0.6148148140624999 0.532637075 0.622222221875 0.5039164484375 0.6333333328124999 0.4804177546875 0.622222221875 0.451697128125 0.622222221875 0.4412532640625 0.622222221875 0.4412532640625 0.6296296296875 0.4464751953125 0.696296296875 0.4830287203125 0.7370370375 0.5195822453125001 0.75555555625 0.561357703125 0.7518518515625
3 0.4412532640625 0.5296296296875 0.43080939999999995 0.58148148125 0.42558746718749996 0.5962962968750001 0.42558746718749996 0.6074074078125 0.4412532640625 0.622222221875 0.4595300265625 0.622222221875 0.4830287203125 0.622222221875 0.5039164484375 0.6333333328124999 0.532637075 0.622222221875 0.548302871875 0.6 0.561357703125 0.5555555562500001 0.561357703125 0.5074074078125 0.561357703125 0.46666666718750005 0.5561357703125 0.440740740625 0.54569190625 0.4296296296875 0.532637075 0.4296296296875 0.506527415625 0.45185185156249996 0.48563968593749995 0.48518518593750004 0.46214099218750004 0.5074074078125 0.4412532640625 0.5296296296875
0 0.4986945171875 0.51851851875 0.5039164484375 0.51851851875 0.506527415625 0.5259259265625 0.50913838125 0.5259259265625 0.5117493468750001 0.522222221875 0.5117493468750001 0.51851851875 0.5039164484375 0.5148148140625 0.4986945171875 0.5148148140625 0.4960835515625 0.5148148140625 0.4986945171875 0.51851851875
0 0.6266318531249999 0.5333333328125 0.6292428203125 0.5259259265625 0.63707571875 0.5296296296875 0.639686684375 0.51851851875 0.6422976499999999 0.5111111109375 0.6344647515624999 0.49629629687500004 0.6344647515624999 0.48518518593750004 0.6292428203125 0.477777778125 0.6240208875000001 0.477777778125 0.61879895625 0.48148148125 0.61879895625 0.4888888890625 0.6161879890625 0.49629629687500004 0.6135770234375 0.5074074078125 0.605744125 0.522222221875 0.608355090625 0.5296296296875 0.61879895625 0.5296296296875 0.6266318531249999 0.5333333328125
1 0.6266318531249999 0.5703703703125 0.639686684375 0.5555555562500001 0.6527415140625 0.5518518515624999 0.663185378125 0.5518518515624999 0.6657963453125 0.540740740625 0.6684073109375 0.5111111109375 0.676240209375 0.4888888890625 0.6736292421875001 0.4703703703125 0.657963446875 0.45555555625000005 0.6422976499999999 0.459259259375 0.61879895625 0.477777778125 0.5979112265625 0.5 0.5926892953125 0.5111111109375 0.5874673625 0.5370370375 0.5926892953125 0.5481481484375 0.605744125 0.5629629625 0.6266318531249999 0.5703703703125
1 0.4438642296875 0.5370370375 0.451697128125 0.5518518515624999 0.46736292500000004 0.5555555562500001 0.48563968593749995 0.540740740625 0.5039164484375 0.5259259265625 0.5117493468750001 0.5370370375 0.524804178125 0.54444444375 0.543080940625 0.5370370375 0.5535248046875 0.5333333328125 0.5561357703125 0.51851851875 0.5587467359375 0.49629629687500004 0.5587467359375 0.477777778125 0.5561357703125 0.46666666718750005 0.5561357703125 0.45555555625000005 0.5509138375 0.44444444375 0.543080940625 0.4370370375 0.532637075 0.4370370375 0.5221932109375 0.44444444375 0.4960835515625 0.4703703703125 0.4830287203125 0.4888888890625 0.4438642296875 0.5296296296875 0.4438642296875 0.5370370375
1 0.318537859375 0.54444444375 0.3342036546875 0.5481481484375 0.3524804171875 0.5481481484375 0.3707571796875 0.559259259375 0.39164490937499996 0.5481481484375 0.4073107046875 0.5333333328125 0.42036553593750003 0.5111111109375 0.42297650156250005 0.49259259218749996 0.4125326375 0.46296296249999996 0.4020887734375 0.4370370375 0.3838120109375 0.4148148140625 0.355091384375 0.41111111093749997 0.3446475203125 0.4148148140625 0.3263707578125 0.42592592656250006 0.3107049609375 0.440740740625 0.2845953 0.477777778125 0.2924281984375 0.5 0.30809399531250004 0.51851851875 0.318537859375 0.54444444375
0 0.057441253125 0.5259259265625 0.09660574375 0.5370370375 0.117493471875 0.5333333328125 0.1253263703125 0.522222221875 0.13315926875 0.4888888890625 0.14099216718750002 0.44444444375 0.1383812015625 0.4296296296875 0.1227154046875 0.41111111093749997 0.1018276765625 0.3925925921875 0.08093994843749999 0.3888888890625 0.0678851171875 0.3888888890625 0.041775456249999995 0.41111111093749997 0.039164490625 0.4370370375 0.033942559375 0.47407407343749997 0.0313315921875 0.5 0.041775456249999995 0.522222221875 0.057441253125 0.5259259265625