0 0.581146409375 0.2822371828125 0.5809737562499999 0.2856033140625 0.5795925421875 0.29285344375 0.57872928125 0.30191610625 0.57872928125 0.3089073015625 0.5790745859374999 0.3166752984375 0.5821823203125 0.32366649375 0.5854627078125 0.327809425 0.586843921875 0.32936302500000003 0.5882251375 0.33272915625 0.58926105 0.3303987578125 0.58649861875 0.327291559375 0.5854627078125 0.323148628125 0.5842541437500001 0.318228896875 0.583390884375 0.3166752984375 0.58200966875 0.314862765625 0.581146409375 0.313309165625 0.580628453125 0.309943034375 0.5801104968749999 0.3055411703125 0.5804558015625 0.30165717187499996 0.5818370171875 0.30165717187499996 0.582527625 0.297773175 0.583390884375 0.295701709375 0.5827002765625 0.2933713109375 0.5830455796875 0.2902641125 0.5839088390625 0.2871569140625 0.5847721 0.28404971562500003 0.5849447515625 0.2817193171875 0.585117403125 0.27861211875 0.5854627078125 0.2755049203125 0.5854627078125 0.2744691875 0.5858080109375 0.272397721875 0.5840814921875 0.269031590625 0.582527625 0.274987053125 0.582872928125 0.2780942515625 0.582354971875 0.2814603828125 0.581146409375 0.2822371828125
0 0.6959599453124999 0.29932677343749997 0.698377071875 0.29621957499999996 0.7016574578125 0.29363024375 0.7040745859374999 0.29181771093750003 0.707354971875 0.2933713109375 0.7102900546875001 0.29492490937500004 0.7130524859375 0.29596064218749996 0.7144337015625 0.295442775 0.7158149171875 0.2972553078125 0.7161602203124999 0.29880890781249997 0.71426105 0.302433971875 0.712016575 0.3055411703125 0.7102900546875001 0.3076126359375 0.7090814921875 0.309943034375 0.7111533156250001 0.30942516875 0.7151243093749999 0.3055411703125 0.7180593921875 0.3034697046875 0.720131215625 0.30088037343749996 0.7213397796875001 0.297514240625 0.721857734375 0.295701709375 0.7159875687499999 0.285862246875 0.7089088390625 0.27628171875 0.7051104968749999 0.274987053125 0.7013121546875001 0.27861211875 0.6969958562499999 0.290781978125 0.6968232046875 0.29285344375 0.694233425 0.29596064218749996 0.6921616015625001 0.298291040625 0.693370165625 0.30113930624999996 0.6959599453124999 0.29932677343749997
0 0.4229972375 0.2980321078125 0.42472375625 0.29647850781249996 0.42610497187499996 0.2972553078125 0.4273135359375 0.29880890781249997 0.4285221 0.29958570625 0.42869475156250003 0.2972553078125 0.427140884375 0.29621957499999996 0.4252417125 0.29285344375 0.423860496875 0.29155877812500003 0.42230662968750005 0.2902641125 0.42127071875000005 0.29000517812500004 0.4200621546875 0.28974624531250004 0.4197168515625 0.2910409109375 0.42023480625 0.2933713109375 0.421098065625 0.295442775 0.42161602187499997 0.297773175 0.4229972375 0.2980321078125
0 0.4520027625 0.3493008796875 0.4530386734375 0.34852408125 0.453901934375 0.34852408125 0.45372928124999995 0.34697048124999996 0.45338397812500003 0.34412221718749997 0.4521754140625 0.34360435 0.44924033124999996 0.3454168828125 0.44906767968750005 0.34852408125 0.44993093906250003 0.3508544796875 0.4520027625 0.3493008796875
0 0.72600138125 0.34360435 0.7275552484375 0.343086484375 0.7284185078125 0.34438114999999997 0.7289364640625 0.34852408125 0.729627071875 0.34360435 0.73049033125 0.33972035156249997 0.7303176796875 0.33557742031250004 0.7306629828125 0.33195235625 0.73049033125 0.32522009375 0.729627071875 0.321595028125 0.7282458562499999 0.3218539609375 0.7272099453124999 0.322371828125 0.725483425 0.323148628125 0.725483425 0.33117555625 0.72600138125 0.3337648890625 0.7263466843749999 0.33972035156249997 0.72600138125 0.34360435
0 0.6659185078125 0.276540653125 0.66799033125 0.28430864843750003 0.6683356359375 0.2755049203125 0.668853590625 0.264629725 0.6683356359375 0.26074572812499996 0.6667817671875 0.2576385296875 0.6636740328124999 0.26074572812499996 0.6633287296875 0.2656654578125 0.6650552484375 0.270844121875 0.6659185078125 0.276540653125
0 0.67575966875 0.3674262046875 0.6774861875 0.3676851375 0.6752417125 0.3632832734375 0.6750690609375 0.3555152765625 0.674378453125 0.35189021249999997 0.6723066296875 0.3474883484375 0.6700621546875001 0.354738478125 0.6700621546875001 0.359399275 0.6723066296875 0.365613671875 0.67575966875 0.3674262046875
3 0.48031767968750005 0.3360952875 0.4899861875 0.34464008281249997 0.501381215625 0.34722941406249996 0.5143301109375 0.35214914531249997 0.530386740625 0.345675815625 0.5391919890625 0.338166753125 0.5509323203125 0.323148628125 0.553349446875 0.31538063125 0.5526588390625 0.2925945109375 0.551104971875 0.2602278609375 0.54627071875 0.2503884 0.5124309390625 0.24236147031250002 0.4922306625 0.23795960625 0.4810082875 0.23718280625000002 0.47720994531249994 0.24210253750000002 0.4708218234375 0.263335059375 0.47151243125000003 0.29285344375 0.47479281718750005 0.3226307609375 0.48031767968750005 0.3360952875
0 0.650897790625 0.269031590625 0.652106353125 0.2705851890625 0.653142265625 0.27032625625 0.653142265625 0.26877265625 0.6526243093749999 0.2573795953125 0.65227900625 0.2568617296875 0.6498618781250001 0.2568617296875 0.6484806625 0.2571206625 0.6477900546875001 0.2581563953125 0.648135359375 0.2589331953125 0.647099446875 0.2581563953125 0.6469267953125 0.258415328125 0.6469267953125 0.259968928125 0.6474447515625 0.26281719375 0.6483080109375 0.265406525 0.6496892265625 0.2677369234375 0.650897790625 0.269031590625
3 0.3820787296875 0.3363542203125 0.39088397812500003 0.37027446875000003 0.398135359375 0.3819264625 0.40348756874999997 0.389435525 0.41022099375 0.39357845625 0.4195441984375 0.39357845625 0.42506906093749997 0.393060590625 0.4300759671875 0.384774728125 0.4430248625 0.3726048671875 0.4507941984375 0.360693940625 0.45804557968750004 0.34619368125 0.45286602187499997 0.32522009375 0.44285220937499997 0.30631797031249997 0.43594613281249994 0.29285344375 0.4309392265625 0.283272915625 0.4245511046875 0.2721387875 0.4105662984375 0.282496115625 0.3919198890625 0.3029518390625 0.3851864640625 0.317452096875 0.3820787296875 0.3363542203125
1 0.6484806625 0.2721387875 0.6491712703125 0.2731745203125 0.6502071828125 0.2830139828125 0.6515883984374999 0.30036250625 0.6524516578124999 0.3166752984375 0.6546961328124999 0.3210771625 0.6569406078125 0.322371828125 0.6586671265625 0.3203003625 0.656595303125 0.2980321078125 0.65452348125 0.2718798546875 0.6536602203124999 0.2622993265625 0.6527969609375 0.2542723984375 0.65124309375 0.2501294671875 0.6467541437500001 0.2501294671875 0.6460635359375 0.2571206625 0.647099446875 0.264111859375 0.648135359375 0.26644225781249997 0.6484806625 0.2721387875
3 0.5908149171875 0.33997928593750004 0.5989295578125 0.34023821875000004 0.6174033156250001 0.3459347484375 0.6262085640625 0.3511134125 0.643128453125 0.35214914531249997 0.6534875687499999 0.3500776796875 0.6590124312500001 0.3454168828125 0.6657458562499999 0.34282755 0.6704074578125 0.3363542203125 0.6726519343749999 0.32470222656250003 0.6717886734375 0.31175556718749997 0.6704074578125 0.2951838421875 0.6690262437500001 0.282496115625 0.67023480625 0.264888659375 0.6704074578125 0.2542723984375 0.6605662984375 0.24702226875000002 0.6441643640625 0.24365613593750002 0.626381215625 0.24365613593750002 0.61101519375 0.24650440156250003 0.5963397796875001 0.25349559843749997 0.5861533156250001 0.2594510609375 0.5808011046875 0.28042465 0.5780386734375 0.30631797031249997 0.57872928125 0.317452096875 0.5908149171875 0.33997928593750004
3 0.6719613265625 0.3329880890625 0.669371546875 0.3511134125 0.6686809390625 0.3632832734375 0.67351519375 0.37027446875000003 0.680593921875 0.3733816671875 0.68577348125 0.3816675296875 0.6869820437499999 0.38736405937499996 0.6954419890625 0.399792853125 0.7039019343749999 0.40678405 0.7121892265625 0.409632315625 0.7159875687499999 0.40548938437500004 0.7265193375 0.4098912484375 0.7367058015625 0.41066804687499997 0.7425759671875001 0.40807871562500003 0.750863259375 0.3933195234375 0.7543162984375 0.3788192640625 0.7537983421875001 0.3557742109375 0.7487914359375 0.338166753125 0.7370511046875 0.3164163640625 0.7249654703124999 0.2985499734375 0.7161602203124999 0.28482651406250004 0.7087361875 0.27628171875 0.7054558015625 0.2744691875 0.7018301109375 0.27705851875 0.6969958562499999 0.29000517812500004 0.687845303125 0.3001035734375 0.6781767953125 0.317452096875 0.6719613265625 0.3329880890625
0 0.6527969609375 0.2884515796875 0.6541781765625 0.2871569140625 0.654005525 0.2827550484375 0.6538328734375 0.28042465 0.654005525 0.2780942515625 0.6534875687499999 0.27628171875 0.653142265625 0.275763853125 0.653142265625 0.274987053125 0.6533149171875 0.274210253125 0.6529696125 0.2734334546875 0.652106353125 0.2734334546875 0.6514157453125 0.2736923875 0.650897790625 0.2734334546875 0.650897790625 0.2726566546875 0.65124309375 0.2718798546875 0.650897790625 0.271620921875 0.6500345296875001 0.271620921875 0.6496892265625 0.272397721875 0.6496892265625 0.2739513203125 0.6502071828125 0.27912998437500003 0.6507251375 0.28456758125000003 0.6510704421875 0.2884515796875 0.6527969609375 0.2884515796875
0 0.682147790625 0.3275504921875 0.68249309375 0.3360952875 0.6831837015625 0.34153288437499996 0.6849102203124999 0.3425686171875 0.6869820437499999 0.34023821875000004 0.6907803875 0.3342827546875 0.6931975140625 0.3324702234375 0.6952693375 0.328586225 0.6971685078125 0.32366649375 0.697859115625 0.31615743125 0.6982044203125 0.3135681 0.6971685078125 0.3112377 0.6954419890625 0.30787156875 0.687154696875 0.309943034375 0.68352900625 0.314085965625 0.682147790625 0.32366649375 0.682147790625 0.3275504921875
1 0.6949240328124999 0.33013982343750004 0.7011395031250001 0.315639565625 0.7045925421875 0.309943034375 0.7089088390625 0.3122734328125 0.7121892265625 0.31149663437499997 0.7152969609375 0.3135681 0.7194406078125 0.3135681 0.7230662984375 0.30787156875 0.7239295578125 0.3187467640625 0.724102209375 0.3303987578125 0.725483425 0.33272915625 0.7251381218749999 0.3459347484375 0.727382596875 0.35447954375 0.7294544203125 0.3537027453125 0.7315262437500001 0.3342827546875 0.7306629828125 0.314862765625 0.7284185078125 0.3050233046875 0.715642265625 0.28534438125 0.7087361875 0.27628171875 0.705628453125 0.2744691875 0.7018301109375 0.2780942515625 0.6968232046875 0.290781978125 0.687845303125 0.30036250625 0.678349446875 0.3166752984375 0.6759323203125 0.3239254265625 0.6767955796875 0.3303987578125 0.678349446875 0.34697048124999996 0.6831837015625 0.3500776796875 0.6890538671875001 0.338943553125 0.6949240328124999 0.33013982343750004
0 0.388639503125 0.33997928593750004 0.3872582875 0.33764888593750003 0.3855317671875 0.33480062187500004 0.3850138125 0.3329880890625 0.38674033125 0.3309166234375 0.38587707187500003 0.329104090625 0.3848411609375 0.326514759375 0.38380524843749997 0.325737959375 0.382596684375 0.33272915625 0.38225138125 0.33557742031250004 0.382596684375 0.33738995312500003 0.38449585625 0.3412739515625 0.3870856359375 0.34360435 0.3884668515625 0.34360435 0.388639503125 0.33997928593750004
0 0.42696823281249996 0.3883997921875 0.428349446875 0.3863283265625 0.42800414375000007 0.3850336609375 0.42610497187499996 0.38684619374999996 0.4236878453125 0.388140859375 0.42247928124999995 0.3891765921875 0.421098065625 0.3907301921875 0.42023480625 0.39176592499999996 0.42023480625 0.39254272343749996 0.4205801109375 0.393060590625 0.4209254140625 0.3933195234375 0.4240331484375 0.391506990625 0.42489640937499995 0.39176592499999996 0.4252417125 0.39047125781249997 0.42696823281249996 0.3883997921875
0 0.39088397812500003 0.36354220625 0.39243784531250003 0.364836871875 0.39450966875 0.364060071875 0.3969267953125 0.3676851375 0.3977900546875 0.3728638015625 0.3977900546875 0.3775245984375 0.398135359375 0.3795960640625 0.40124309374999995 0.384774728125 0.4060773484375 0.3883997921875 0.4088397796875 0.38736405937499996 0.4041781765625 0.38063179687500004 0.39226519375 0.3549974109375 0.39226519375 0.359917140625 0.3919198890625 0.361470740625 0.39088397812500003 0.36354220625