3 0.4486666671875 0.609 0.4446666671875 0.617 0.4436666671875 0.635 0.45199999999999996 0.638 0.458 0.6475 0.4573333328125 0.662 0.4603333328125 0.6645 0.4676666671875 0.659 0.4763333328125 0.653 0.4853333328125 0.6475 0.49233333281249997 0.64 0.4926666671875 0.631 0.49133333281249997 0.6195 0.49066666718749996 0.61 0.4876666671875 0.603 0.4823333328125 0.5985 0.47533333281249995 0.596 0.4676666671875 0.593 0.46299999999999997 0.5915 0.45599999999999996 0.5965 0.4486666671875 0.609
0 0.4966666671875 0.4135 0.496 0.4165 0.49466666718749996 0.42000000000000004 0.4943333328125 0.42350000000000004 0.49633333281249997 0.4255 0.49866666718749997 0.42400000000000004 0.49800000000000005 0.4215 0.49766666718749997 0.4165 0.49866666718749997 0.4135 0.4993333328125 0.41 0.4996666671875 0.40750000000000003 0.499 0.4035 0.49833333281250003 0.40199999999999997 0.49733333281250003 0.40049999999999997 0.497 0.39849999999999997 0.4966666671875 0.397 0.4956666671875 0.39649999999999996 0.49533333281249997 0.3975 0.495 0.3995 0.4966666671875 0.4025 0.49733333281250003 0.409 0.4966666671875 0.4135
3 0.4693333328125 0.5205 0.4756666671875 0.528 0.4823333328125 0.5269999999999999 0.492 0.533 0.5003333328124999 0.542 0.507 0.5519999999999999 0.5166666671875 0.55 0.5233333328125 0.538 0.5316666671875 0.505 0.533 0.496 0.529 0.4725 0.529 0.46399999999999997 0.526 0.4535 0.521 0.44349999999999995 0.5126666671875 0.4405 0.502 0.44299999999999995 0.49466666718749996 0.437 0.4843333328125 0.4425 0.47766666718749995 0.449 0.4733333328125 0.45899999999999996 0.4686666671875 0.47850000000000004 0.46566666718749994 0.49450000000000005 0.4653333328125 0.5105000000000001 0.4693333328125 0.5205
3 0.472 0.3955 0.47000000000000003 0.41500000000000004 0.47066666718750005 0.42699999999999994 0.47400000000000003 0.4365 0.479 0.442 0.48333333281249996 0.44400000000000006 0.49000000000000005 0.43899999999999995 0.495 0.4385 0.5003333328124999 0.4425 0.5086666671875 0.442 0.5136666671875 0.441 0.522 0.446 0.5293333328125 0.442 0.5343333328125001 0.43200000000000005 0.5346666671875 0.417 0.5326666671875 0.404 0.53 0.3865 0.5293333328125 0.3715 0.528 0.3635 0.5223333328125 0.3525 0.5176666671875 0.348 0.5023333328125 0.34950000000000003 0.492 0.34950000000000003 0.48733333281249996 0.351 0.4813333328125 0.355 0.4763333328125 0.3645 0.4733333328125 0.376 0.472 0.3955
3 0.4606666671875 0.538 0.45599999999999996 0.5525 0.45599999999999996 0.5615 0.4556666671875 0.5755 0.45933333281250005 0.5865 0.4636666671875 0.591 0.4796666671875 0.5980000000000001 0.487 0.6014999999999999 0.49066666718749996 0.6105 0.4956666671875 0.6065 0.501 0.5974999999999999 0.5036666671875001 0.5845 0.5066666671875 0.5695 0.5076666671875001 0.562 0.507 0.5535 0.5033333328125 0.5465 0.492 0.533 0.48166666718749995 0.5269999999999999 0.47400000000000003 0.528 0.4663333328125 0.5305 0.4606666671875 0.538
3 0.4216666671875 0.6405000000000001 0.41600000000000004 0.6485000000000001 0.4136666671875 0.6559999999999999 0.41333333281250006 0.6675 0.417 0.6825 0.42699999999999994 0.6865 0.43533333281250003 0.6839999999999999 0.45133333281250004 0.6725 0.4563333328125 0.667 0.457 0.661 0.458 0.6475 0.4516666671875 0.6375 0.4443333328125 0.6355000000000001 0.43 0.639 0.4216666671875 0.6405000000000001
0 0.476 0.387 0.47766666718749995 0.385 0.4766666671875 0.383 0.475 0.382 0.47300000000000003 0.384 0.47300000000000003 0.3875 0.4743333328125 0.388 0.476 0.387
0 0.5066666671875 0.489 0.507 0.489 0.507 0.4885 0.5063333328125 0.487 0.506 0.48600000000000004 0.5056666671875 0.48550000000000004 0.505 0.48600000000000004 0.5043333328124999 0.48600000000000004 0.504 0.48650000000000004 0.504 0.487 0.505 0.489 0.5056666671875 0.489 0.506 0.489 0.5066666671875 0.489
0 0.5046666671875 0.46950000000000003 0.5046666671875 0.46900000000000003 0.5046666671875 0.46799999999999997 0.5043333328124999 0.46749999999999997 0.504 0.46749999999999997 0.5036666671875001 0.46849999999999997 0.5036666671875001 0.47050000000000003 0.504 0.47050000000000003 0.5046666671875 0.46950000000000003
0 0.4903333328125 0.48650000000000004 0.4916666671875 0.487 0.49233333281249997 0.48650000000000004 0.4926666671875 0.48600000000000004 0.49233333281249997 0.485 0.4916666671875 0.485 0.49066666718749996 0.4845 0.49000000000000005 0.485 0.489 0.485 0.4893333328125 0.48600000000000004 0.4903333328125 0.48650000000000004
0 0.4966666671875 0.506 0.496 0.5075000000000001 0.4956666671875 0.5085 0.496 0.5085 0.497 0.507 0.49866666718749997 0.504 0.4996666671875 0.502 0.5003333328124999 0.5005 0.5003333328124999 0.4995 0.5003333328124999 0.49800000000000005 0.5003333328124999 0.49749999999999994 0.4996666671875 0.497 0.4996666671875 0.4995 0.499 0.5015 0.49766666718749997 0.504 0.4966666671875 0.506
0 0.5093333328125 0.496 0.5096666671875 0.495 0.5096666671875 0.49450000000000005 0.5096666671875 0.49349999999999994 0.509 0.49400000000000005 0.5086666671875 0.49400000000000005 0.5086666671875 0.493 0.5086666671875 0.4925 0.5083333328124999 0.4925 0.508 0.49349999999999994 0.5076666671875001 0.493 0.5073333328125 0.492 0.507 0.4925 0.5066666671875 0.49349999999999994 0.5073333328125 0.49450000000000005 0.508 0.496 0.5086666671875 0.4965 0.5093333328125 0.496
0 0.5036666671875001 0.481 0.504 0.48150000000000004 0.5046666671875 0.48200000000000004 0.5053333328125 0.48150000000000004 0.5056666671875 0.481 0.5056666671875 0.48 0.505 0.47850000000000004 0.5056666671875 0.47850000000000004 0.5053333328125 0.47750000000000004 0.5043333328124999 0.47850000000000004 0.5033333328125 0.4795 0.5033333328125 0.4805 0.5036666671875001 0.481
0 0.5006666671875 0.4915 0.5006666671875 0.491 0.5003333328124999 0.49000000000000005 0.5 0.49050000000000005 0.4993333328125 0.48949999999999994 0.499 0.49000000000000005 0.4993333328125 0.491 0.4996666671875 0.492 0.5003333328124999 0.4925 0.5006666671875 0.4915
0 0.49533333281249997 0.39449999999999996 0.4966666671875 0.394 0.49733333281250003 0.3935 0.49766666718749997 0.3895 0.499 0.389 0.5016666671875 0.39 0.504 0.3915 0.5053333328125 0.39049999999999996 0.506 0.38849999999999996 0.505 0.3875 0.502 0.387 0.499 0.3865 0.49866666718749997 0.385 0.499 0.3835 0.4993333328125 0.3815 0.49833333281250003 0.3805 0.49733333281250003 0.3815 0.49633333281249997 0.3845 0.496 0.388 0.495 0.39 0.49533333281249997 0.39449999999999996
0 0.5126666671875 0.4765 0.5126666671875 0.4755 0.513 0.47450000000000003 0.5133333328125 0.47400000000000003 0.5126666671875 0.47400000000000003 0.5123333328124999 0.47450000000000003 0.512 0.475 0.5116666671875 0.47400000000000003 0.5113333328125 0.47450000000000003 0.511 0.476 0.5113333328125 0.477 0.512 0.477 0.5126666671875 0.4765
0 0.504 0.4625 0.5043333328124999 0.4615 0.5043333328124999 0.45949999999999996 0.5043333328124999 0.4585 0.5043333328124999 0.458 0.504 0.4575 0.5033333328125 0.45899999999999996 0.5033333328125 0.461 0.5036666671875001 0.4615 0.504 0.4625