0 0.1665 0.44375 0.1648333328125 0.442 0.1633333328125 0.4405 0.1616666671875 0.4375 0.1628333328125 0.442 0.16499999999999998 0.445 0.1665 0.445 0.1665 0.44375
0 0.8671666671875 0.429 0.8681666671875 0.426 0.8686666671875001 0.4245 0.8695 0.42325 0.8691666671875 0.42300000000000004 0.8683333328125 0.42350000000000004 0.8675 0.42374999999999996 0.8668333328125 0.4245 0.8666666671875 0.42699999999999994 0.866 0.4295 0.8663333328125 0.43 0.8671666671875 0.429
0 0.8116666671875 0.6627500000000001 0.8138333328125 0.6665 0.8168333328124999 0.67125 0.8181666671875 0.67375 0.8178333328124999 0.671 0.8148333328125 0.66425 0.8101666671875 0.657 0.806 0.649 0.8046666671875 0.64125 0.8055 0.63625 0.8061666671875001 0.63375 0.8058333328125 0.63075 0.8048333328125 0.62725 0.8031666671875 0.628 0.8023333328125 0.6445000000000001 0.8041666671875 0.64925 0.8078333328125 0.65725 0.8116666671875 0.6627500000000001
0 0.17450000000000002 0.50575 0.17466666718749999 0.5042500000000001 0.1741666671875 0.5037499999999999 0.173 0.504 0.173 0.50675 0.17366666718749998 0.50675 0.17450000000000002 0.50625 0.17450000000000002 0.50575
0 0.1911666671875 0.5862499999999999 0.1935 0.5865 0.1946666671875 0.5865 0.196 0.5862499999999999 0.1935 0.58525 0.1911666671875 0.5845 0.19083333281249998 0.58525 0.1911666671875 0.5862499999999999
3 0.1423333328125 0.63575 0.14350000000000002 0.65525 0.14666666718750002 0.6745 0.1513333328125 0.6912499999999999 0.1705 0.7144999999999999 0.1885 0.727 0.2033333328125 0.7292500000000001 0.22633333281249998 0.7195 0.257 0.69775 0.2756666671875 0.6795 0.2856666671875 0.66225 0.2908333328125 0.6315000000000001 0.2896666671875 0.6115 0.2835 0.58825 0.272 0.5702499999999999 0.25833333281250004 0.5589999999999999 0.24900000000000003 0.55425 0.2273333328125 0.5465 0.20833333281250002 0.54325 0.1755 0.5515 0.1575 0.56125 0.1463333328125 0.585 0.14316666718749999 0.60275 0.14350000000000002 0.61575 0.1423333328125 0.63575
1 0.8631666671874999 0.381 0.8554999999999999 0.371 0.8551666671874999 0.3625 0.845 0.3565 0.8401666671875001 0.36124999999999996 0.8380000000000001 0.36775 0.8391666671875001 0.37625000000000003 0.8631666671874999 0.381
3 0.7315 0.7865 0.7315 0.8102499999999999 0.7318333328125 0.8150000000000001 0.7408333328125 0.8322499999999999 0.7488333328125 0.8637499999999999 0.7538333328125 0.8755000000000001 0.7658333328125 0.8765000000000001 0.7811666671874999 0.8707499999999999 0.8 0.86525 0.8125 0.8625 0.8385 0.827 0.8525 0.8074999999999999 0.8608333328125 0.7825 0.8571666671875 0.7615000000000001 0.8481666671875001 0.7394999999999999 0.8341666671875 0.7205 0.8226666671875 0.72 0.8086666671874999 0.71675 0.7898333328125 0.71075 0.7653333328125 0.693 0.7553333328125 0.6995 0.7441666671875 0.71675 0.7351666671875 0.753 0.7315 0.7865
3 0.5338333328125 0.8772500000000001 0.5245 0.8965 0.514 0.921 0.5118333328125 0.9564999999999999 0.54 0.95975 0.6014999999999999 0.9570000000000001 0.6443333328125 0.9555 0.6461666671875 0.93125 0.6426666671875 0.9177500000000001 0.6353333328125 0.8880000000000001 0.6336666671875 0.8744999999999999 0.6238333328125 0.86525 0.6163333328125 0.85075 0.6073333328125 0.8345 0.6018333328125001 0.8247500000000001 0.5896666671874999 0.8172499999999999 0.5778333328125 0.8167500000000001 0.5673333328125 0.8237500000000001 0.5586666671875 0.8335000000000001 0.5475 0.8480000000000001 0.5338333328125 0.8772500000000001
3 0.8646666671875 0 0.8456666671875 0.02525 0.8320000000000001 0.06575 0.8248333328124999 0.09725 0.8223333328125 0.11925 0.8295 0.149 0.8363333328125 0.1565 0.8493333328125001 0.1555 0.8683333328125 0.16425 0.9036666671875 0.175 0.9285 0.20525000000000002 0.9365 0.2165 0.9526666671875 0.22149999999999997 0.9728333328125001 0.21225 0.9818333328125 0.1895 0.9853333328125 0.15825 0.9843333328125 0.13075 0.9818333328125 0.09775 0.9793333328125 0.0755 0.9724999999999999 0.05500000000000001 0.9644999999999999 0.03725 0.9548333328125 0.02425 0.9403333328124999 0.01125 0.9259999999999999 0.00575 0.9173333328125001 0.0005 0.8716666671875 0 0.8646666671875 0
3 0.2 0.8160000000000001 0.21233333281250003 0.83825 0.22949999999999998 0.8545 0.23933333281250002 0.869 0.2465 0.8755000000000001 0.2688333328125 0.8815 0.2796666671875 0.882 0.2878333328125 0.86625 0.2998333328125 0.8425 0.3076666671875 0.8247500000000001 0.31266666718749997 0.794 0.3085 0.7545 0.30416666718749996 0.727 0.2968333328125 0.7055 0.28500000000000003 0.6995 0.2648333328125 0.6940000000000001 0.2573333328125 0.69775 0.23199999999999998 0.7162499999999999 0.2006666671875 0.7302500000000001 0.1888333328125 0.753 0.18316666718750002 0.7735000000000001 0.1885 0.7945 0.2 0.8160000000000001
3 0.30333333281249997 0.92425 0.3265 0.9369999999999999 0.3516666671875 0.94525 0.3681666671875 0.94725 0.3811666671875 0.94475 0.3883333328125 0.94025 0.3966666671875 0.917 0.40499999999999997 0.89175 0.4028333328125 0.867 0.3926666671875 0.83125 0.3826666671875 0.8009999999999999 0.37283333281250003 0.7955 0.35950000000000004 0.8 0.3491666671875 0.7955 0.3393333328125 0.8 0.32 0.8154999999999999 0.3095 0.8220000000000001 0.30016666718749996 0.8425 0.2856666671875 0.8707499999999999 0.2861666671875 0.89225 0.2903333328125 0.9112500000000001 0.2983333328125 0.92425 0.30333333281249997 0.92425
3 0.7773333328125 0.43525 0.774 0.45625 0.7769999999999999 0.48025 0.7833333328125 0.49800000000000005 0.7981666671875 0.518 0.8201666671875 0.5375 0.8320000000000001 0.53425 0.859 0.5455 0.8658333328125 0.55425 0.8803333328124999 0.5525 0.8928333328125 0.545 0.9055 0.5335 0.9176666671874999 0.5185 0.9223333328125 0.493 0.9223333328125 0.47050000000000003 0.9201666671875 0.45575 0.9179999999999999 0.44125 0.917 0.4245 0.9111666671875 0.40225 0.9005000000000001 0.3915 0.8816666671875 0.38625 0.8630000000000001 0.38075000000000003 0.8506666671875 0.379 0.8323333328125001 0.377 0.8183333328125 0.379 0.8018333328124999 0.39249999999999996 0.7866666671875 0.41100000000000003 0.7773333328125 0.43525
3 0.6418333328125 0.8494999999999999 0.6378333328125 0.86575 0.6336666671875 0.881 0.6383333328125 0.9015000000000001 0.6458333328125 0.9275 0.6538333328125 0.9397500000000001 0.6666666671875 0.94525 0.6793333328125 0.944 0.688 0.9355 0.7066666671874999 0.9275 0.7296666671875001 0.9025000000000001 0.7398333328125 0.8867499999999999 0.7473333328125 0.8605 0.7405 0.8345 0.7326666671875001 0.8150000000000001 0.7184999999999999 0.8019999999999999 0.7048333328124999 0.7917500000000001 0.6833333328125 0.7809999999999999 0.6685 0.7809999999999999 0.6563333328125001 0.79025 0.6501666671875 0.79875 0.6448333328125 0.8167500000000001 0.6415 0.8414999999999999 0.6418333328125 0.8494999999999999
3 0.1153333328125 0 0.1086666671875 0.0085 0.095 0.01225 0.0831666671875 0.01975 0.06983333281250001 0.034999999999999996 0.060833332812499995 0.062 0.05550000000000001 0.0975 0.0546666671875 0.12775 0.053000000000000005 0.151 0.0551666671875 0.18575 0.068 0.20400000000000001 0.0856666671875 0.21325 0.098 0.21475 0.1173333328125 0.1895 0.1408333328125 0.1715 0.1653333328125 0.15925 0.1778333328125 0.15275 0.1901666671875 0.156 0.20016666718749998 0.13974999999999999 0.2081666671875 0.122 0.2113333328125 0.10200000000000001 0.2088333328125 0.08025 0.20016666718749998 0.0505 0.1871666671875 0.027250000000000003 0.1793333328125 0.01775 0.16933333281250001 0 0.1153333328125 0
3 0.40449999999999997 0.8875 0.4006666671875 0.9035 0.3923333328125 0.9285 0.3855 0.943 0.3851666671875 0.9625 0.46283333281249994 0.9602499999999999 0.5118333328125 0.95975 0.514 0.9215 0.508 0.89925 0.49466666718749996 0.8787499999999999 0.47766666718749995 0.8425 0.4693333328125 0.83125 0.4578333328125 0.8237500000000001 0.4431666671875 0.8242499999999999 0.43116666718749996 0.83825 0.4183333328125 0.8615 0.40449999999999997 0.8875
3 0.7495 0.58925 0.7438333328125 0.614 0.742 0.6367499999999999 0.7445 0.659 0.7491666671874999 0.67525 0.7631666671875 0.69075 0.7693333328125 0.69675 0.7916666671875 0.71075 0.8130000000000001 0.72 0.8378333328125 0.721 0.8561666671875001 0.7075 0.8713333328124999 0.69575 0.8785000000000001 0.6855 0.8875 0.6627500000000001 0.8903333328124999 0.63775 0.8871666671874999 0.60975 0.8828333328125 0.59475 0.8795 0.5845 0.8763333328125 0.5702499999999999 0.867 0.5535 0.859 0.5469999999999999 0.8496666671875 0.5417500000000001 0.8335000000000001 0.5347500000000001 0.8021666671875 0.5427500000000001 0.779 0.55575 0.7621666671875 0.572 0.7495 0.58925
3 0.0938333328125 0.3915 0.10600000000000001 0.39849999999999997 0.1221666671875 0.40725 0.132 0.399 0.1583333328125 0.38825 0.1676666671875 0.38825 0.1896666671875 0.379 0.20833333281250002 0.36825 0.223 0.36025 0.2368333328125 0.344 0.24100000000000002 0.32125 0.2425 0.298 0.2385 0.277 0.23716666718749999 0.24775 0.2281666671875 0.20950000000000002 0.21833333281249998 0.184 0.2046666671875 0.16575 0.1916666671875 0.156 0.1755 0.155 0.1543333328125 0.16299999999999998 0.12833333281249998 0.182 0.1165 0.19 0.1056666671875 0.20350000000000001 0.0916666671875 0.22525 0.0801666671875 0.26525 0.0758333328125 0.3155 0.0768333328125 0.357 0.0938333328125 0.3915
3 0.1128333328125 0.492 0.1128333328125 0.504 0.11616666718749999 0.52275 0.1276666671875 0.54375 0.13883333281250002 0.5515 0.1553333328125 0.5595 0.1603333328125 0.56125 0.1695 0.55425 0.1875 0.54775 0.20366666718749998 0.545 0.21400000000000002 0.538 0.2363333328125 0.51675 0.24866666718750002 0.49850000000000005 0.254 0.472 0.2565 0.45149999999999996 0.2548333328125 0.43324999999999997 0.2471666671875 0.41050000000000003 0.2325 0.39475 0.2213333328125 0.38775 0.20833333281250002 0.38125 0.19683333281249998 0.377 0.1676666671875 0.3895 0.1561666671875 0.39049999999999996 0.14350000000000002 0.39525 0.1286666671875 0.4035 0.1211666671875 0.41525 0.1118333328125 0.43525 0.11216666718749999 0.46925 0.1128333328125 0.492
3 0.7931666671875 0.28825 0.7901666671875 0.31375000000000003 0.791 0.33475 0.7985 0.35425 0.8115 0.36724999999999997 0.8263333328125 0.37475 0.858 0.37975 0.8866666671875001 0.38625 0.9029999999999999 0.39425 0.9126666671875 0.4035 0.925 0.399 0.9386666671875 0.38675000000000004 0.9493333328125001 0.37475 0.9573333328125001 0.34500000000000003 0.9591666671875 0.3095 0.9541666671875 0.26125 0.9418333328124999 0.229 0.9278333328124999 0.20249999999999999 0.9011666671875 0.1755 0.877 0.1675 0.8593333328125 0.15925 0.8460000000000001 0.155 0.8310000000000001 0.15775 0.8233333328124999 0.16299999999999998 0.8125 0.17925 0.805 0.19775 0.7969999999999999 0.22799999999999998 0.7941666671875 0.26125 0.7931666671875 0.28825