1 0.5045 0.4535 0.5053333328125 0.44875 0.5098333328125 0.43775000000000003 0.5166666671875 0.43425 0.525 0.43499999999999994 0.5318333328125 0.4345 0.5356666671875 0.4375 0.5363333328125 0.42774999999999996 0.5398333328125 0.42024999999999996 0.5425 0.4175 0.5481666671875 0.41150000000000003 0.5505 0.40975 0.5543333328125 0.40824999999999995 0.5585 0.40149999999999997 0.5585 0.39625 0.5546666671875 0.39225 0.545 0.39 0.5261666671875 0.40125 0.5171666671875 0.41200000000000003 0.5075000000000001 0.429 0.5015 0.44000000000000006 0.5018333328125 0.44800000000000006 0.5033333328125 0.45725 0.5048333328125 0.46375 0.5045 0.4535
0 0.588 0.47050000000000003 0.5886666671875 0.46775 0.5886666671875 0.46449999999999997 0.5883333328125 0.45999999999999996 0.5883333328125 0.4575 0.5878333328124999 0.4565 0.587 0.45525000000000004 0.5866666671874999 0.45575 0.5855 0.4575 0.5855 0.46325000000000005 0.5858333328125 0.46749999999999997 0.5866666671874999 0.47050000000000003 0.588 0.47050000000000003
0 0.6048333328125 0.48724999999999996 0.6056666671875 0.48475 0.6053333328125 0.47925000000000006 0.6054999999999999 0.47675 0.6051666671875 0.47400000000000003 0.6043333328125 0.47125000000000006 0.604 0.46950000000000003 0.6031666671875 0.47000000000000003 0.6036666671875001 0.4725 0.604 0.47450000000000003 0.6045 0.47775 0.6045 0.47975 0.6043333328125 0.48250000000000004 0.6043333328125 0.48475 0.6043333328125 0.487 0.6048333328125 0.48724999999999996
0 0.5963333328125 0.46299999999999997 0.5956666671875 0.465 0.5973333328125 0.46749999999999997 0.599 0.47000000000000003 0.6013333328125 0.4725 0.6026666671875 0.47375 0.6021666671875 0.47074999999999995 0.5996666671875001 0.46675000000000005 0.5963333328125 0.46299999999999997
0 0.5886666671875 0.44125 0.5888333328125 0.44275000000000003 0.5891666671875 0.44675000000000004 0.5894999999999999 0.44975 0.5903333328125 0.4525 0.5921666671875 0.45549999999999996 0.5931666671875 0.45599999999999996 0.5945 0.4545 0.5955 0.45675 0.5968333328125001 0.458 0.5966666671875 0.457 0.5956666671875 0.45425000000000004 0.595 0.45275 0.5941666671875 0.4505 0.5934999999999999 0.45025000000000004 0.5916666671875 0.45149999999999996 0.591 0.4505 0.5905 0.449 0.5901666671875 0.4455 0.5901666671875 0.44075 0.5893333328125 0.43975 0.589 0.44000000000000006 0.5886666671875 0.44125
0 0.5626666671875 0.489 0.5628333328124999 0.48925 0.5631666671875 0.48925 0.5633333328125001 0.48925 0.5636666671875 0.48925 0.564 0.489 0.5638333328125 0.48825 0.5635 0.488 0.5628333328124999 0.48825 0.5623333328125 0.4885 0.5626666671875 0.489
3 0.4623333328125 0.5389999999999999 0.466 0.54925 0.471 0.554 0.47766666718749995 0.55675 0.48616666718749996 0.55575 0.49483333281249997 0.549 0.5015 0.53725 0.5065000000000001 0.52975 0.5093333328125 0.52175 0.5083333328124999 0.51225 0.5066666671875 0.5077499999999999 0.5075000000000001 0.49874999999999997 0.5028333328125 0.49349999999999994 0.49850000000000005 0.49749999999999994 0.4943333328125 0.50175 0.48166666718749995 0.50225 0.47400000000000003 0.50075 0.4611666671875 0.49024999999999996 0.4601666671875 0.49024999999999996 0.45899999999999996 0.501 0.45933333281250005 0.515 0.45999999999999996 0.52975 0.4623333328125 0.5389999999999999
3 0.6910000000000001 0.537 0.6973333328125 0.5395 0.7045 0.53625 0.7143333328125 0.52625 0.7208333328125 0.51825 0.726 0.50925 0.7255 0.4955 0.7208333328125 0.4805 0.7173333328125 0.46725000000000005 0.7110000000000001 0.45099999999999996 0.7043333328125 0.44175000000000003 0.7001666671875 0.44475 0.6988333328125 0.45075000000000004 0.6965 0.46075 0.6913333328125 0.47725 0.6863333328125 0.49424999999999997 0.6825 0.49824999999999997 0.6771666671875 0.502 0.673 0.50225 0.6703333328125 0.501 0.6696666671875 0.51 0.6719999999999999 0.5175 0.6803333328125001 0.5269999999999999 0.6910000000000001 0.537
3 0.3741666671875 0.44725000000000004 0.378 0.4585 0.3835 0.47225 0.386 0.481 0.3876666671875 0.48674999999999996 0.39216666718750004 0.49400000000000005 0.3943333328125 0.49824999999999997 0.3986666671875 0.50125 0.40416666718750005 0.5015 0.40766666718750005 0.4995 0.41100000000000003 0.49625 0.4171666671875 0.48674999999999996 0.42083333281249996 0.48224999999999996 0.4246666671875 0.47800000000000004 0.4263333328125 0.47325 0.42933333281249997 0.47074999999999995 0.4325 0.46725000000000005 0.4346666671875 0.45975 0.4386666671875 0.453 0.43949999999999995 0.44575 0.4373333328125 0.44000000000000006 0.42750000000000005 0.43200000000000005 0.41500000000000004 0.41825 0.409 0.41100000000000003 0.3946666671875 0.40225 0.38616666718750003 0.39725 0.3818333328125 0.39425 0.3781666671875 0.397 0.3745 0.40625 0.3713333328125 0.42225 0.371 0.4295 0.3741666671875 0.44725000000000004
3 0.596 0.466 0.6008333328125001 0.47325 0.6038333328125 0.47800000000000004 0.6041666671875 0.48375 0.603 0.49275 0.6033333328125 0.49725 0.6053333328125 0.5005 0.6121666671875 0.504 0.6193333328125 0.50575 0.634 0.50625 0.641 0.50625 0.6426666671875 0.5045 0.6446666671875 0.5042500000000001 0.6456666671875 0.502 0.648 0.49874999999999997 0.6523333328125 0.4965 0.6541666671875 0.49024999999999996 0.6571666671874999 0.475 0.6595 0.45499999999999996 0.6601666671875 0.4425 0.6535 0.43025 0.6436666671875 0.41375 0.6335 0.4035 0.6221666671875 0.40075000000000005 0.6081666671875 0.40700000000000003 0.5973333328125 0.413 0.589 0.42074999999999996 0.5843333328125 0.42675 0.5876666671875 0.4465 0.5898333328125 0.45899999999999996 0.5921666671875 0.46025 0.596 0.466
1 0.6921666671875 0.5309999999999999 0.6956666671875 0.53325 0.7001666671875 0.5315000000000001 0.704 0.5285 0.7045 0.52625 0.7013333328125 0.523 0.6996666671875 0.52175 0.6990000000000001 0.518 0.6990000000000001 0.514 0.6993333328125 0.5115000000000001 0.6971666671875 0.51025 0.6963333328125 0.5125 0.6951666671875001 0.51775 0.6923333328125 0.524 0.6918333328124999 0.5269999999999999 0.6921666671875 0.5309999999999999
3 0.6675 0.43200000000000005 0.6606666671875 0.4425 0.6596666671875 0.4545 0.6573333328125 0.476 0.6553333328125001 0.48525 0.6588333328125 0.49000000000000005 0.6648333328125 0.49625 0.673 0.5015 0.6778333328125 0.50125 0.682 0.49850000000000005 0.6858333328125 0.49424999999999997 0.6923333328125 0.47400000000000003 0.6963333328125 0.46075 0.6991666671875 0.44825 0.701 0.43624999999999997 0.7003333328125 0.425 0.7 0.413 0.6925 0.41125 0.6845 0.41475 0.6768333328125 0.42125 0.6675 0.43200000000000005
3 0.7205 0.42350000000000004 0.7121666671875 0.43324999999999997 0.7033333328125 0.4405 0.7113333328125 0.45149999999999996 0.7168333328125 0.46475 0.7271666671875 0.48324999999999996 0.7344999999999999 0.48875 0.7416666671875001 0.48975 0.7501666671875 0.48250000000000004 0.7526666671875 0.475 0.755 0.46525 0.7588333328125 0.449 0.7645 0.422 0.7651666671874999 0.41 0.765 0.39375 0.7635 0.38775 0.7625 0.3845 0.7576666671875001 0.384 0.7413333328125 0.39575 0.734 0.40525 0.7295 0.41425 0.7205 0.42350000000000004
3 0.5051666671875 0.43200000000000005 0.5013333328125 0.43975 0.502 0.44975 0.5063333328125 0.47325 0.511 0.49074999999999996 0.5158333328125 0.5005 0.5226666671875 0.503 0.5333333328125 0.5037499999999999 0.5491666671875 0.504 0.5578333328125 0.5045 0.5591666671875 0.504 0.571 0.5045 0.5773333328125 0.502 0.5813333328125 0.49800000000000005 0.587 0.4885 0.5891666671875 0.47800000000000004 0.5896666671874999 0.46025 0.5868333328124999 0.44375 0.5835 0.42575 0.5778333328125 0.417 0.5701666671875001 0.40599999999999997 0.5618333328125 0.39849999999999997 0.5543333328125 0.39225 0.545 0.3895 0.5348333328125 0.39475 0.526 0.40049999999999997 0.5173333328124999 0.41125 0.5051666671875 0.43200000000000005
1 0.5549999999999999 0.49124999999999996 0.5533333328125 0.49275 0.5519999999999999 0.49450000000000005 0.5488333328125 0.4965 0.5458333328125 0.49874999999999997 0.5453333328125 0.49974999999999997 0.5466666671875 0.5005 0.5483333328125 0.5 0.5508333328125 0.49775 0.5533333328125 0.49474999999999997 0.5561666671875 0.49375 0.5585 0.49275 0.5615 0.49074999999999996 0.5635 0.48975 0.5643333328125 0.48925 0.5643333328125 0.48825 0.564 0.4875 0.5621666671875001 0.48775 0.5605 0.48875 0.5578333328125 0.49000000000000005 0.5549999999999999 0.49124999999999996
1 0.5898333328125 0.45949999999999996 0.5918333328125 0.46025 0.5958333328125 0.46675000000000005 0.6008333328125001 0.47225 0.6036666671875001 0.47750000000000004 0.6033333328125 0.49400000000000005 0.6053333328125 0.48949999999999994 0.6056666671875 0.48425 0.606 0.47925000000000006 0.6061666671875 0.47450000000000003 0.6051666671875 0.47225 0.6046666671875001 0.46875 0.5976666671875 0.4605 0.5956666671875 0.44975 0.5934999999999999 0.44400000000000006 0.5921666671875 0.43775000000000003 0.5901666671875 0.43475 0.5860000000000001 0.42699999999999994 0.5848333328125 0.42750000000000005 0.587 0.44175000000000003 0.5898333328125 0.45949999999999996
0 0.5143333328125 0.4255 0.5138333328125 0.4265 0.5138333328125 0.42725 0.5143333328125 0.42699999999999994 0.5155000000000001 0.42525 0.5165 0.42374999999999996 0.5173333328124999 0.42325 0.5181666671875 0.4225 0.517 0.42225 0.5158333328125 0.42325 0.5148333328125 0.42474999999999996 0.5143333328125 0.4255
0 0.5501666671875001 0.41025 0.5475 0.4125 0.5469999999999999 0.4165 0.5491666671875 0.41600000000000004 0.5503333328125 0.41574999999999995 0.5515 0.41475 0.5525 0.41375 0.5536666671875 0.41425 0.5549999999999999 0.414 0.5558333328125 0.41275000000000006 0.5566666671875 0.41174999999999995 0.5581666671875001 0.41075 0.5591666671875 0.4095 0.5591666671875 0.40675 0.5591666671875 0.4035 0.5586666671875 0.40149999999999997 0.5568333328125 0.40499999999999997 0.5551666671875 0.40800000000000003 0.5526666671875 0.40975 0.5501666671875001 0.41025
0 0.45999999999999996 0.42874999999999996 0.46299999999999997 0.4255 0.46449999999999997 0.42275 0.4665 0.4185 0.4665 0.41525 0.4655 0.41050000000000003 0.4615 0.41100000000000003 0.45866666718750004 0.41174999999999995 0.4543333328125 0.4145 0.45 0.4185 0.4493333328125 0.42625 0.4491666671875 0.43125 0.4511666671875 0.43574999999999997 0.4526666671875 0.43775000000000003 0.4573333328125 0.43375 0.45999999999999996 0.42874999999999996
0 0.5555 0.4925 0.5559999999999999 0.4925 0.5568333328125 0.492 0.5573333328125 0.49175 0.5578333328125 0.49124999999999996 0.5578333328125 0.49074999999999996 0.5566666671875 0.491 0.5558333328125 0.4915 0.5553333328125001 0.49175 0.5555 0.4925
3 0.4471666671875 0.45549999999999996 0.4491666671875 0.46775 0.4531666671875 0.47824999999999995 0.4556666671875 0.48175 0.45866666718750004 0.48375 0.461 0.48949999999999994 0.46399999999999997 0.4925 0.47400000000000003 0.5005 0.4805 0.502 0.4943333328125 0.50175 0.4971666671875 0.4995 0.503 0.49225 0.5095 0.48550000000000004 0.5068333328125 0.4755 0.5046666671875 0.46425 0.5011666671875 0.446 0.5015 0.434 0.4898333328125 0.41950000000000004 0.47816666718749995 0.4095 0.46566666718749994 0.40975 0.4591666671875 0.41125 0.45416666718750004 0.41425 0.4495 0.41875 0.449 0.42824999999999996 0.44566666718750003 0.43550000000000005 0.4465 0.44425 0.4471666671875 0.45549999999999996
1 0.403 0.42824999999999996 0.4125 0.43274999999999997 0.4225 0.43224999999999997 0.425 0.43075 0.4158333328125 0.42225 0.40800000000000003 0.41200000000000003 0.3993333328125 0.40675 0.39249999999999996 0.40175 0.3871666671875 0.399 0.3906666671875 0.41025 0.395 0.42024999999999996 0.3976666671875 0.42300000000000004 0.403 0.42824999999999996
3 0.513 0.538 0.5198333328125 0.55125 0.5268333328125 0.5585 0.5371666671875001 0.56125 0.5466666671875 0.5575 0.5536666671875 0.548 0.5571666671875 0.538 0.5608333328125 0.5277499999999999 0.5646666671875 0.518 0.5643333328125 0.504 0.5593333328125001 0.504 0.558 0.505 0.5223333328125 0.503 0.5158333328125 0.50075 0.5118333328125 0.49225 0.5106666671875 0.49050000000000005 0.5095 0.496 0.509 0.51 0.51 0.52575 0.513 0.538
3 0.5785 0.554 0.5838333328124999 0.55975 0.592 0.5615 0.5998333328125 0.5585 0.6056666671875 0.55275 0.6123333328125 0.5425 0.6183333328125 0.5287499999999999 0.62 0.523 0.6191666671875 0.51375 0.62 0.506 0.6121666671875 0.504 0.6054999999999999 0.50075 0.6035 0.49749999999999994 0.603 0.49225 0.6043333328125 0.48375 0.6035 0.47775 0.6005 0.47275 0.596 0.47275 0.5908333328125 0.47375 0.5891666671875 0.47474999999999995 0.5891666671875 0.47775 0.5871666671875 0.48825 0.5818333328125 0.49725 0.5776666671874999 0.50175 0.5713333328125 0.5045 0.5646666671875 0.504 0.5651666671875 0.5235000000000001 0.5676666671875 0.52825 0.5741666671875 0.5417500000000001 0.5785 0.554
3 0.6261666671875 0.53275 0.6336666671875 0.544 0.6401666671874999 0.5525 0.6521666671874999 0.55575 0.6578333328125 0.5515 0.6638333328125 0.5445 0.6665 0.53625 0.6685 0.5255 0.6685 0.5117499999999999 0.6688333328125 0.50525 0.6696666671875 0.49924999999999997 0.6651666671875 0.49675 0.6613333328125 0.49124999999999996 0.6576666671875 0.488 0.6553333328125001 0.48550000000000004 0.6543333328125 0.49050000000000005 0.6523333328125 0.49625 0.6488333328125 0.49824999999999997 0.6461666671875 0.502 0.6448333328125 0.5045 0.6431666671875 0.5045 0.641 0.50625 0.6241666671874999 0.506 0.6201666671875 0.50625 0.6191666671875 0.513 0.6203333328125 0.52025 0.6205 0.5275000000000001 0.6261666671875 0.53275
0 0.4138333328125 0.53625 0.42033333281249996 0.5417500000000001 0.4325 0.5455 0.4425 0.5445 0.4503333328125 0.5365 0.4565 0.52925 0.457 0.5125 0.45083333281250004 0.50175 0.4455 0.493 0.44166666718750003 0.488 0.43616666718749997 0.47975 0.42800000000000005 0.47450000000000003 0.4255 0.47675 0.4205 0.48224999999999996 0.41500000000000004 0.49000000000000005 0.41100000000000003 0.49675 0.40750000000000003 0.5005 0.40549999999999997 0.5115000000000001 0.4058333328125 0.522 0.4085 0.52825 0.4138333328125 0.53625