3 0.12185505 0.5392847078125 0.126924521875 0.5573078 0.136124671875 0.5708251203125 0.151145325 0.5789918328125 0.17198648125 0.57927344375 0.1791212921875 0.5657561249999999 0.19620728437499999 0.5513939734375 0.218738265625 0.5491410875 0.23338340156249998 0.5468881999999999 0.251220428125 0.5249225562500001 0.257979721875 0.5145029562500001 0.260983853125 0.49366375625 0.2645512578125 0.4747958328125 0.2617348859375 0.448324415625 0.254224559375 0.42579554999999997 0.24183252031250002 0.41227823125 0.22831393125 0.40777245781250004 0.2123544875 0.4041115171875 0.19733383437500002 0.40749084687500003 0.1721742390625 0.4100253453125 0.1494555015625 0.410870178125 0.1344348484375 0.42579554999999997 0.126924521875 0.4424105890625 0.12373263281249999 0.453675021875 0.12110401875000001 0.483807378125 0.12016522656249999 0.505773021875 0.12185505 0.5392847078125
3 0.801351859375 0.3807378203125 0.7914006765625 0.3891861453125 0.7814494937500001 0.4004505765625 0.774126925 0.41960011250000007 0.7675553890625 0.45649112968749994 0.7686819375 0.47254294531249996 0.7752534734375 0.48774992968750003 0.7893353359375 0.5009856375 0.809988734375 0.511968459375 0.8268869703125 0.509997184375 0.84265865625 0.5054914109374999 0.8616222312499999 0.5085891296875 0.8760796093750001 0.522388059375 0.8813368374999999 0.53337088125 0.8905369890625 0.528583496875 0.9016147203125 0.5201351734374999 0.9078107390625 0.505773021875 0.914382275 0.484933821875 0.9147577921875 0.46916361562500003 0.9138190015625 0.46465784218749995 0.9147577921875 0.45029569062499997 0.9123169359375 0.42889326875 0.9096883218749999 0.414812728125 0.907247465625 0.396226415625 0.9057454 0.38439876093750003 0.90274126875 0.3776401015625 0.8954186999999999 0.3728527171875 0.8824633875 0.36975499843750004 0.85561396875 0.371726275 0.8370259109375 0.368910165625 0.801351859375 0.3807378203125
1 0.8092377015625001 0.0822303578125 0.8009763421875 0.09490284375 0.7957191140625001 0.10447761250000001 0.7882087875 0.1391157421875 0.7930905 0.157138834375 0.7996620359375 0.1520698390625 0.8073601203124999 0.12362714687500001 0.8131806234375001 0.10644888749999999 0.8278257609375 0.08983385 0.8375891843750001 0.0847648546875 0.8432219296874999 0.07941424999999999 0.8417198640624999 0.0695578703125 0.847915884375 0.052661221875 0.8497934656250001 0.0459025625 0.845475028125 0.0439312875 0.8357116031249999 0.045339340625 0.8259481781250001 0.05125316875 0.8159969953124999 0.0664601515625 0.8092377015625001 0.0822303578125
0 0.83233195625 0.5491410875 0.8336462640625 0.5477330328125001 0.8347728125 0.5457617578125 0.83289523125 0.5457617578125 0.8306421328125 0.548577865625 0.8298911 0.5508307515624999 0.8302666171875 0.5516755843750001 0.83233195625 0.5491410875
0 0.861997746875 0.410870178125 0.8631242953125 0.40749084687500003 0.862561021875 0.40467473906249996 0.86049568125 0.4100253453125 0.8599324078125001 0.4131230640625 0.86049568125 0.41340467500000005 0.861997746875 0.410870178125
0 0.1920766046875 0.5130949031250001 0.1920766046875 0.511968459375 0.1917010890625 0.510842015625 0.1913255734375 0.5094339625 0.1898235078125 0.508870740625 0.1886969578125 0.511968459375 0.189072475 0.513658125 0.19113781406250002 0.513658125 0.1920766046875 0.5130949031250001
1 0.8496057078125 0.37059983124999996 0.8452872703125 0.3593353984375 0.8467893359374999 0.35285835 0.8417198640624999 0.3508870734375 0.8357116031249999 0.34750774375 0.8340217796875 0.3506054625 0.8289523093750001 0.3593353984375 0.8289523093750001 0.3641227828125 0.8285767937499999 0.3686285546875 0.8321441984375 0.3694733875 0.8379647015625 0.36834694375 0.8496057078125 0.37059983124999996
0 0.8287645515625 0.6271472828125 0.8248216296875001 0.6234863421875 0.82069095 0.6181357359375 0.8178745781250001 0.6108138546874999 0.8178745781250001 0.6026471421874999 0.8180623359375 0.5953252609375 0.8159969953124999 0.58969304375 0.8141194140625 0.5849056609375001 0.8146826890625001 0.5916643203125 0.8144949312499999 0.6074345250000001 0.8152459625 0.6130667421875 0.8180623359375 0.6198254015625 0.8229440484375001 0.62517600625 0.8278257609375 0.631089834375 0.831393165625 0.6358772171875 0.8325197140625 0.634750775 0.8287645515625 0.6271472828125
3 0.1601577171875 0.6620670234375 0.1614720234375 0.6798085046875 0.16804355937499998 0.7031822015625 0.177243709375 0.719797240625 0.190574540625 0.7282455640625 0.2101013890625 0.730216840625 0.2271873828125 0.7288087859375 0.23638753281249997 0.719797240625 0.2519714609375 0.7152914671875 0.2664288390625 0.707687975 0.2844536234375 0.6964235421875 0.3004130671875 0.6755843421875001 0.306984603125 0.644607153125 0.307547878125 0.6260208390625001 0.3049192640625 0.6108138546874999 0.2975966953125 0.59194593125 0.2889598203125 0.5744860609375 0.28144949375 0.5657561249999999 0.273939165625 0.5618135734374999 0.257416446875 0.557871021875 0.23338340156249998 0.5482962546875 0.20935035625 0.54998591875 0.1960195265625 0.5511123625 0.1841907625 0.5612503515625 0.17611716093750002 0.5699802875 0.170484415625 0.58349760625 0.1652271875 0.6003942546875 0.163725121875 0.6203886234375 0.1605332328125 0.6395381578125 0.1601577171875 0.6620670234375
3 0.3327074734375 0.8254012953125001 0.324070596875 0.8484933828125 0.322756290625 0.855533653125 0.32256853125 0.8724303015625001 0.32801351875 0.8935511125 0.3413443484375 0.9188960859374999 0.3586181 0.929034075 0.3922268125 0.9363559562500001 0.4098760796875 0.9304421296875001 0.42226811875000003 0.9188960859374999 0.433909125 0.9017178265625001 0.439729628125 0.882568290625 0.43597446562500003 0.8541255984375 0.4267743140625 0.8287806249999999 0.41381900156249996 0.8051253171875 0.40311678593750006 0.7935792734375 0.3875328578125 0.7932976625 0.380398046875 0.7918896078125 0.3734509953125 0.79217121875 0.3651896359375 0.7941424953125 0.3548629359375 0.8003379328125 0.3409688328125 0.8121655875 0.3327074734375 0.8254012953125001
3 0.6697333828125 0.833568009375 0.6701089 0.8434243875 0.679684565625 0.8552520421875001 0.689072475 0.891861446875 0.6932031546874999 0.89974655 0.701088996875 0.904533934375 0.7174239578125 0.9036891015625 0.72887720625 0.8994649390625 0.7397671796874999 0.8932695015625001 0.7499061203124999 0.8820050687500001 0.7583552390625 0.8662348640624999 0.767743146875 0.8437059984375 0.7748779578125 0.8270909609375 0.7771310546875 0.8118839765624999 0.774502440625 0.7899183328125 0.768306421875 0.7769642359375 0.7577919640624999 0.7682343 0.740893728125 0.76513658125 0.729252721875 0.761475640625 0.7155463765625 0.75894114375 0.7014645140625 0.7575330890624999 0.687945925 0.759504365625 0.680247840625 0.764573359375 0.67198648125 0.7758377921874999 0.6699211421875 0.7851309484375 0.670484415625 0.8028724296874999 0.6717987234375 0.8203322999999999 0.6697333828125 0.833568009375
3 0.7940292906249999 0.1061672765625 0.7868944796874999 0.133483525 0.78389035 0.1520698390625 0.792527225 0.1776964234375 0.7955313562499999 0.1867079703125 0.8116785578125001 0.172627428125 0.8266992109375 0.17319065 0.8445362375000001 0.1793860890625 0.8798347734374999 0.19740918125 0.907247465625 0.21317938593750002 0.9153210671875 0.2272599265625 0.9198272624999999 0.24471979687499998 0.93146826875 0.2388059703125 0.9365377390624999 0.23261053281250002 0.9410439359374999 0.209236834375 0.9459256484375 0.1875528015625 0.9463011640625 0.1740354828125 0.94179496875 0.14925373125000002 0.935974465625 0.1348915796875 0.93146826875 0.1140523796875 0.9239579421874999 0.0906786828125 0.91494555 0.07406364374999999 0.9074352234375 0.06786820625 0.8912880203125001 0.058293439062499994 0.8813368374999999 0.056885384375 0.8760796093750001 0.05744860625 0.8603079234375001 0.0456209515625 0.8537363875 0.038017459375 0.8490424328125 0.03238524375 0.8409688328125 0.031258799999999996 0.82369508125 0.0444945078125 0.8116785578125001 0.0591382703125 0.8028539234375 0.0768797515625 0.7940292906249999 0.1061672765625
3 0.767743146875 0.5508307515624999 0.75272249375 0.5820895515625 0.748779571875 0.60546325 0.7504693953125 0.6341875531250001 0.7589185125 0.64714165 0.7746901984375001 0.6637566875 0.7947803234374999 0.673894678125 0.8287645515625 0.682061390625 0.8550506953125 0.6860039421875 0.872324446875 0.6736130671875 0.8860307921875 0.6567164171875 0.8939166359374999 0.6248943953125 0.8956064593749999 0.6125035203125 0.89466766875 0.600675865625 0.8903492296875 0.576738946875 0.8837776937499999 0.5477330328125001 0.8817123546875001 0.534497325 0.8751408187499999 0.5212616171875 0.8621855046875 0.50830751875 0.842470896875 0.5054914109374999 0.8257604203125 0.5097155734375 0.79440480625 0.52717544375 0.767743146875 0.5508307515624999
3 0.0803604953125 0.419036890625 0.09256477656249999 0.43790481562499994 0.107397671875 0.436778371875 0.1271122796875 0.44184736718749995 0.1329327828125 0.4283300484375 0.1500187765625 0.4100253453125 0.1701089 0.40946212343750005 0.20578295156249998 0.4058011828125 0.22493428437500002 0.398197690625 0.23338340156249998 0.381582653125 0.2354487421875 0.3410306953125 0.23450995156249999 0.33568009062500004 0.22981599687499998 0.3049845109375 0.2217423953125 0.25654745156250003 0.21179121250000002 0.2258518734375 0.19677055937500001 0.206139115625 0.1862561015625 0.198817234375 0.1721742390625 0.19825401250000002 0.14926774375000001 0.2095184453125 0.1366879453125 0.21909321249999997 0.12016522656249999 0.2258518734375 0.10908749531249999 0.23486341875 0.096319940625 0.254294565625 0.08486669218750001 0.27344409999999997 0.07228689375 0.3072373984375 0.068907246875 0.346099690625 0.07341344375 0.3886229234375 0.0803604953125 0.419036890625
3 0.7938415328125 0.19065052031250002 0.7870822375000001 0.19656434843749998 0.7773188140625 0.23063925625 0.768306421875 0.27879470624999997 0.7703717609375 0.309490284375 0.7675553890625 0.3441284140625 0.773939165625 0.35820895468749997 0.7814494937500001 0.36722050156249997 0.792902740625 0.371726275 0.809425459375 0.37482399375000003 0.8266992109375 0.372007884375 0.8385279765625 0.3694733875 0.8481036421875 0.3708814421875 0.8601201656249999 0.371726275 0.87814495 0.3694733875 0.887720615625 0.3708814421875 0.8976717984375 0.372007884375 0.9053698828125001 0.38186426406249996 0.9059331578125001 0.390875809375 0.91194141875 0.3942551390625 0.9239579421874999 0.38524359375 0.9324070593749999 0.3686285546875 0.9344724 0.3396226421875 0.9318437859375001 0.29963390625 0.927525346875 0.289777528125 0.9233946671875 0.25654745156250003 0.9192639874999999 0.24303013281250002 0.914382275 0.22613348281249998 0.906308675 0.21317938593750002 0.8847164859375001 0.20022528906249998 0.87082238125 0.191495353125 0.85073225625 0.1824838078125 0.8315809234374999 0.1754435375 0.8131806234375001 0.171219375 0.8043559890624999 0.17854125625 0.7938415328125 0.19065052031250002
3 0.0454374765625 0.25091523437499996 0.052196770312499995 0.2675302734375 0.0704093125 0.27457054375 0.0858054828125 0.271472825 0.096319940625 0.25401295468749996 0.1088997375 0.2359898625 0.121479534375 0.22528865156250003 0.13912880156250002 0.217685159375 0.15245963125 0.20754717031249997 0.1731130296875 0.1979724015625 0.1843785203125 0.198817234375 0.1888847171875 0.1819205859375 0.187007134375 0.1551675578125 0.176492678125 0.12390875781249999 0.1641006390625 0.1030695578125 0.1518963578125 0.086172909375 0.13218175000000001 0.0667417625 0.1188509203125 0.05857505 0.1119038671875 0.05744860625 0.101952684375 0.063080821875 0.09312805156250001 0.0749084765625 0.08486669218750001 0.0847648546875 0.0692827640625 0.0906786828125 0.056890724999999996 0.0982821734375 0.048066090625 0.1092649953125 0.04036800625 0.127851309375 0.034171985937499996 0.16023655312500001 0.037363875000000005 0.2112081109375 0.0454374765625 0.25091523437499996
3 0.4382275625 0.8724303015625001 0.4389785953125 0.882568290625 0.43447240000000004 0.900309771875 0.42940292968750005 0.908758096875 0.4290274125 0.9341030703125 0.43203154374999997 0.952407771875 0.43428464062499994 0.96141931875 0.44611340625 0.9687412 0.46507698125 0.970149253125 0.500938790625 0.9639538156249999 0.543747653125 0.9569135453125 0.5525722875 0.952407771875 0.5591438234375 0.9402985078125001 0.5632745031249999 0.9281892421875 0.5612091625 0.9084764859375 0.5548253843750001 0.8831315125 0.5351107765625 0.8583497609374999 0.517461509375 0.8377921718750001 0.50732256875 0.8234300203125 0.49962448437500007 0.8169529703125 0.48892226875 0.8121655875 0.4759669546875 0.8118839765624999 0.46282388281250003 0.820895521875 0.4530604578125 0.8392002250000001 0.44292151718749995 0.86116586875 0.4382275625 0.8724303015625001
3 0.562147953125 0.8566600953125001 0.5563274500000001 0.8755280203125 0.55444986875 0.8820050687500001 0.5604581296875 0.9073500421875 0.56365001875 0.9284708531250001 0.562147953125 0.9329766265625 0.5649643265625001 0.94142495 0.5707848296875 0.9507181078125001 0.5904994375 0.9512813296875 0.62110401875 0.949310053125 0.6517086 0.9467755562500001 0.6674802859375 0.940016896875 0.677806984375 0.9284708531250001 0.6853173109374999 0.9191776968750001 0.689447990625 0.8955223875 0.6864438609375 0.8820050687500001 0.6794968078125 0.8541255984375 0.6717987234375 0.8473669390625 0.66090875 0.8375105609375 0.6509575671875 0.82765418125 0.634998121875 0.80906786875 0.62485918125 0.8017459875 0.61565903125 0.7972402140625 0.6057078484375 0.7966769921875 0.5929402921875 0.80259081875 0.5831768687500001 0.8149816953125001 0.5758543 0.8282174031249999 0.56665415 0.8451140531249999 0.562147953125 0.8566600953125001
3 0.756102140625 0.700929315625 0.7529102515625 0.718670796875 0.7521592187499999 0.74007321875 0.7534735265625 0.753027315625 0.7557266234375 0.765699803125 0.762861434375 0.7718952406249999 0.7698084859375001 0.7786539 0.7746901984375001 0.7899183328125 0.776380021875 0.8099126999999999 0.7778820875 0.826246128125 0.7799474281250001 0.8394818359375 0.7835148328125 0.8499014359375 0.7975966953125 0.8549704312499999 0.8148704468749999 0.8493382140625 0.8291400671875 0.8369473390625 0.8419076234375 0.8223035765625 0.8518588062499999 0.8056885390625 0.857679309375 0.7918896078125 0.865001878125 0.7769642359375 0.872324446875 0.7637285265625 0.87814495 0.7473951 0.8785204656250001 0.732188115625 0.8743897859375 0.719797240625 0.8685692828124999 0.7096592515625 0.8634998125 0.7017741484375 0.8537363875 0.68797521875 0.8505444984375 0.6848775 0.8383402171875 0.6829062234375 0.8178745781250001 0.6803717265625 0.8034171984375 0.6761475640625 0.792151709375 0.6730498453125 0.7806984609375001 0.6722050125 0.7705595187500001 0.676992396875 0.76248591875 0.6865671640625 0.756102140625 0.700929315625
3 0.217611715625 0.7949873281250001 0.22512204218749998 0.8163897499999999 0.23263236874999998 0.8403266687500001 0.24277131093749998 0.8583497609374999 0.25272249375 0.8682061390625 0.2709350359375 0.8839763453125 0.28032294375 0.8893269500000001 0.296470146875 0.8884821171875 0.311866315625 0.8718670796874999 0.322193015625 0.8529991546875 0.330454375 0.8313151218750001 0.33796470156249997 0.814700084375 0.341156590625 0.7851309484375 0.33796470156249997 0.7611940296874999 0.330454375 0.7411996624999999 0.3244461140625 0.7214869046875 0.3088621859375 0.700929315625 0.28144949375 0.6981132078125001 0.27300037499999996 0.7048718671875001 0.2373263234375 0.7200788515625 0.22512204218749998 0.7310616734375001 0.21723620000000002 0.7476767109375 0.213856553125 0.76513658125 0.21479534375 0.7761194031249999 0.217611715625 0.7949873281250001