3 0.7294117640625 0.6343612328125 0.7470588234375 0.656387665625 0.7588235296875 0.6740088109375 0.7764705875 0.678414096875 0.78823529375 0.6696035250000001 0.794117646875 0.6475770921875 0.7970588234375 0.607929515625 0.7970588234375 0.572687225 0.794117646875 0.5418502203125 0.78823529375 0.5154185015625 0.7794117640625 0.49779735625 0.7764705875 0.4933920703125 0.7617647062499999 0.49779735625 0.7617647062499999 0.50220264375 0.75 0.524229075 0.7352941171875 0.5286343609374999 0.71176470625 0.5286343609374999 0.7088235296875001 0.533039646875 0.71176470625 0.5638766515625 0.71176470625 0.59471365625 0.7147058828125 0.6123348015625 0.7294117640625 0.6343612328125
3 0.694117646875 0.392070484375 0.6970588234374999 0.45374449375000003 0.6970588234374999 0.48017621093749996 0.694117646875 0.511013215625 0.7088235296875001 0.524229075 0.7352941171875 0.5286343609374999 0.7529411765625 0.524229075 0.7617647062499999 0.50220264375 0.7647058828125 0.47577092499999996 0.7647058828125 0.427312775 0.755882353125 0.3392070484375 0.7529411765625 0.30837004375 0.7470588234375 0.29515418437499996 0.732352940625 0.321585903125 0.7235294125 0.348017621875 0.7088235296875001 0.3744493390625 0.694117646875 0.392070484375
0 0.7852941171875 0.6696035250000001 0.78823529375 0.651982378125 0.7852941171875 0.64317180625 0.7823529406249999 0.6343612328125 0.7794117640625 0.629955946875 0.7705882359375 0.6387665203124999 0.7647058828125 0.64317180625 0.7617647062499999 0.6475770921875 0.7529411765625 0.656387665625 0.7617647062499999 0.6696035250000001 0.7705882359375 0.6740088109375 0.7735294125000001 0.6696035250000001 0.7852941171875 0.6696035250000001
0 0.667647059375 0.3039647578125 0.6647058828125 0.29515418437499996 0.66176470625 0.29515418437499996 0.6588235296875 0.2863436125 0.655882353125 0.2863436125 0.65 0.2863436125 0.65 0.2907488984375 0.655882353125 0.2907488984375 0.655882353125 0.299559471875 0.66176470625 0.299559471875 0.667647059375 0.3039647578125
0 0.6852941171875 0.7048458156249999 0.6852941171875 0.700440528125 0.68823529375 0.6960352421875 0.6852941171875 0.69162995625 0.6794117640625 0.6960352421875 0.6764705875 0.700440528125 0.6735294125 0.700440528125 0.6705882359374999 0.700440528125 0.667647059375 0.700440528125 0.6735294125 0.7136563875 0.6764705875 0.7136563875 0.6794117640625 0.7048458156249999 0.6852941171875 0.7048458156249999
0 0.7411764703125 0.3171806171875 0.7411764703125 0.30837004375 0.732352940625 0.321585903125 0.7294117640625 0.33480176250000004 0.7294117640625 0.3392070484375 0.7382352937500001 0.343612334375 0.7470588234375 0.3392070484375 0.744117646875 0.3259911890625 0.7411764703125 0.3171806171875
0 0.6323529406249999 0.321585903125 0.6352941171875 0.3259911890625 0.6441176468750001 0.3259911890625 0.65 0.3259911890625 0.6588235296875 0.3259911890625 0.667647059375 0.3259911890625 0.667647059375 0.3171806171875 0.66176470625 0.3171806171875 0.655882353125 0.3127753296875 0.65 0.3127753296875 0.6441176468750001 0.3127753296875 0.6411764703125 0.30837004375 0.6441176468750001 0.29515418437499996 0.63823529375 0.29515418437499996 0.6323529406249999 0.3039647578125 0.6323529406249999 0.3127753296875 0.6323529406249999 0.321585903125
3 0.3235294125 0.73568281875 0.3352941171875 0.7533039640625 0.3470588234375 0.7621145375 0.3647058828125 0.7577092515625 0.3852941171875 0.7312775328125001 0.3970588234375 0.6960352421875 0.40294117656250006 0.6651982375000001 0.4 0.6387665203124999 0.3970588234375 0.6167400875 0.3852941171875 0.6167400875 0.31176470625 0.621145375 0.3 0.6035242296875001 0.3 0.6255506609375 0.30882352968750004 0.6696035250000001 0.31176470625 0.700440528125 0.3235294125 0.73568281875
3 0.1352941171875 0.585903084375 0.13823529375000002 0.6035242296875001 0.144117646875 0.621145375 0.15 0.6255506609375 0.167647059375 0.6255506609375 0.1911764703125 0.629955946875 0.22352941249999997 0.6255506609375 0.24705882343750002 0.621145375 0.25588235312499996 0.607929515625 0.267647059375 0.59471365625 0.282352940625 0.5991189421875001 0.294117646875 0.5770925109375 0.28823529375 0.5286343609374999 0.282352940625 0.48017621093749996 0.2588235296875 0.4317180609375 0.22647058750000001 0.4008810578125 0.2088235296875 0.3876651984375 0.1911764703125 0.3832599125 0.17941176406249998 0.3876651984375 0.16176470625 0.40969162968750006 0.1470588234375 0.440528634375 0.144117646875 0.48898678437500004 0.1352941171875 0.5638766515625 0.1352941171875 0.585903084375
3 0.0470588234375 0.572687225 0.05588235312499999 0.5991189421875001 0.0647058828125 0.5991189421875001 0.07647058749999999 0.6035242296875001 0.0970588234375 0.5991189421875001 0.1147058828125 0.5903083703124999 0.1352941171875 0.5770925109375 0.13823529375000002 0.5418502203125 0.1411764703125 0.511013215625 0.1411764703125 0.48898678437500004 0.12058823593750001 0.440528634375 0.1 0.4008810578125 0.08823529375 0.3876651984375 0.0735294125 0.3832599125 0.067647059375 0.3876651984375 0.06176470625 0.4008810578125 0.052941176562500004 0.440528634375 0.044117646875 0.50220264375 0.044117646875 0.5418502203125 0.0470588234375 0.572687225
3 0.767647059375 0.48017621093749996 0.7647058828125 0.4933920703125 0.7764705875 0.4933920703125 0.78823529375 0.50220264375 0.817647059375 0.49779735625 0.8294117640625001 0.4933920703125 0.8352941171875001 0.48017621093749996 0.83823529375 0.4317180609375 0.83823529375 0.370044053125 0.832352940625 0.330396475 0.8147058828124999 0.299559471875 0.8088235296875 0.2907488984375 0.8029411765625 0.2863436125 0.7911764703124999 0.2863436125 0.7823529406249999 0.299559471875 0.7705882359375 0.33480176250000004 0.755882353125 0.36123347968749997 0.7647058828125 0.427312775 0.767647059375 0.48017621093749996
3 0.31176470625 0.44493392031249995 0.305882353125 0.48017621093749996 0.30294117656249997 0.5286343609374999 0.3 0.5682819390625 0.3 0.5903083703124999 0.30294117656249997 0.607929515625 0.3147058828125 0.621145375 0.3852941171875 0.6167400875 0.44117647031249996 0.6123348015625 0.45294117656250005 0.585903084375 0.455882353125 0.533039646875 0.45294117656250005 0.48017621093749996 0.44117647031249996 0.41850220312499997 0.42941176406250003 0.3744493390625 0.417647059375 0.348017621875 0.405882353125 0.343612334375 0.38823529375 0.3392070484375 0.3647058828125 0.35242290781249996 0.3411764703125 0.370044053125 0.3235294125 0.40528634375 0.31176470625 0.44493392031249995
3 0.17941176406249998 0.74008810625 0.194117646875 0.7312775328125001 0.20588235312499997 0.7224669609375 0.2147058828125 0.6872246703125 0.2147058828125 0.6696035250000001 0.2029411765625 0.629955946875 0.167647059375 0.6255506609375 0.15 0.6255506609375 0.144117646875 0.621145375 0.13823529375000002 0.607929515625 0.1352941171875 0.5903083703124999 0.1352941171875 0.629955946875 0.1470588234375 0.6872246703125 0.1529411765625 0.7092511015625 0.17941176406249998 0.74008810625
3 0.25 0.7577092515625 0.2647058828125 0.7621145375 0.2794117640625 0.7577092515625 0.2911764703125 0.7444933921875 0.3 0.7136563875 0.30294117656249997 0.678414096875 0.3 0.629955946875 0.3 0.5991189421875001 0.2970588234375 0.585903084375 0.2911764703125 0.585903084375 0.282352940625 0.5991189421875001 0.267647059375 0.59471365625 0.25588235312499996 0.6123348015625 0.24705882343750002 0.6255506609375 0.22352941249999997 0.6255506609375 0.2029411765625 0.6255506609375 0.2029411765625 0.629955946875 0.2088235296875 0.656387665625 0.2205882359375 0.6960352421875 0.23529411718749998 0.74008810625 0.25 0.7577092515625
3 0.5352941171875 0.7224669609375 0.5647058828125 0.7665198234374999 0.5735294125 0.770925109375 0.5911764703125 0.770925109375 0.61176470625 0.7444933921875 0.6176470593750001 0.7048458156249999 0.6205882359375 0.656387665625 0.6205882359375 0.5903083703124999 0.6176470593750001 0.5550660796875 0.6029411765625 0.533039646875 0.5970588234374999 0.5286343609374999 0.5764705875 0.5286343609374999 0.5647058828125 0.5198237890625 0.53823529375 0.5154185015625 0.5205882359375 0.533039646875 0.5029411765625 0.559471365625 0.5029411765625 0.6123348015625 0.505882353125 0.64317180625 0.517647059375 0.678414096875 0.5352941171875 0.7224669609375
3 0.444117646875 0.7312775328125001 0.46176470625 0.73568281875 0.4764705875 0.7224669609375 0.48823529375 0.700440528125 0.49705882343749996 0.6740088109375 0.5 0.64317180625 0.5029411765625 0.559471365625 0.49705882343749996 0.5418502203125 0.4911764703125 0.5374449343750001 0.4647058828125 0.5374449343750001 0.455882353125 0.533039646875 0.45294117656250005 0.581497796875 0.44117647031249996 0.6123348015625 0.3970588234375 0.6123348015625 0.4 0.621145375 0.4088235296875 0.6696035250000001 0.417647059375 0.6960352421875 0.43235294062499996 0.7136563875 0.444117646875 0.7312775328125001
3 0.6205882359375 0.629955946875 0.63823529375 0.6651982375000001 0.66176470625 0.700440528125 0.6705882359374999 0.7136563875 0.6794117640625 0.7136563875 0.694117646875 0.69162995625 0.7029411765625 0.6651982375000001 0.7147058828125 0.6167400875 0.71176470625 0.5682819390625 0.71176470625 0.54625550625 0.7088235296875001 0.524229075 0.694117646875 0.511013215625 0.68823529375 0.533039646875 0.6705882359374999 0.5550660796875 0.6529411765625001 0.5550660796875 0.63823529375 0.5550660796875 0.6205882359375 0.5418502203125 0.6029411765625 0.5286343609374999 0.6029411765625 0.533039646875 0.6176470593750001 0.5550660796875 0.6176470593750001 0.5903083703124999 0.6205882359375 0.629955946875
3 0.5911764703125 0.3876651984375 0.567647059375 0.40528634375 0.5529411765625001 0.40969162968750006 0.544117646875 0.41409691562499995 0.55 0.427312775 0.5529411765625001 0.44493392031249995 0.5647058828125 0.462555065625 0.5705882359375 0.47577092499999996 0.5764705875 0.49779735625 0.58823529375 0.511013215625 0.6 0.524229075 0.6176470593750001 0.5418502203125 0.63823529375 0.5550660796875 0.6529411765625001 0.5550660796875 0.6705882359374999 0.5550660796875 0.68823529375 0.533039646875 0.6970588234374999 0.48017621093749996 0.694117646875 0.40528634375 0.694117646875 0.3656387671875 0.6852941171875 0.3259911890625 0.6705882359374999 0.3039647578125 0.6588235296875 0.2819383265625 0.6352941171875 0.2907488984375 0.6147058828125 0.3171806171875 0.6058823531249999 0.343612334375 0.5911764703125 0.3876651984375
3 0.0705882359375 0.770925109375 0.0794117640625 0.7797356828125 0.09117647031250001 0.770925109375 0.10588235312500001 0.7444933921875 0.1235294125 0.7048458156249999 0.144117646875 0.6651982375000001 0.1352941171875 0.6343612328125 0.1352941171875 0.607929515625 0.1352941171875 0.5770925109375 0.1 0.5991189421875001 0.07647058749999999 0.6035242296875001 0.05588235312499999 0.5991189421875001 0.05 0.581497796875 0.0470588234375 0.581497796875 0.0470588234375 0.6387665203124999 0.052941176562500004 0.69162995625 0.06176470625 0.74008810625 0.0705882359375 0.770925109375