0 0.6278333328125 0.30225 0.625 0.29725 0.623 0.29125 0.624 0.28675 0.6231666671875 0.28325 0.6213333328124999 0.28425 0.6191666671875 0.284 0.6183333328125 0.28625 0.6196666671875 0.29300000000000004 0.623 0.2975 0.625 0.30225 0.6278333328125 0.30225
0 0.7956666671875 0.47424999999999995 0.8036666671875 0.49375 0.8058333328125 0.513 0.8083333328125001 0.52825 0.8123333328125 0.54375 0.8178333328124999 0.55525 0.8230000000000001 0.55275 0.8251666671875 0.53625 0.8295 0.521 0.8320000000000001 0.5085 0.829 0.4965 0.8251666671875 0.48075 0.8228333328125 0.46299999999999997 0.82 0.4445 0.817 0.43150000000000005 0.8136666671875 0.41925 0.8096666671875001 0.40675 0.8058333328125 0.396 0.7983333328125 0.3825 0.7958333328125 0.37925 0.7911666671875001 0.37075 0.7865 0.36924999999999997 0.7821666671874999 0.37425 0.782 0.39775 0.7831666671875 0.441 0.7876666671875 0.4625 0.7956666671875 0.47424999999999995
0 0.7105 0.51775 0.7113333328125 0.5195000000000001 0.7121666671875 0.5207499999999999 0.7116666671874999 0.52425 0.7146666671874999 0.52125 0.717 0.51725 0.7218333328125001 0.51425 0.7253333328125 0.512 0.7285 0.51125 0.7293333328125 0.50975 0.7288333328125 0.5077499999999999 0.7276666671875 0.50725 0.7228333328125001 0.5095 0.7183333328125 0.5117499999999999 0.7133333328125 0.51525 0.7105 0.51775
1 0.5956666671875 0.3915 0.6053333328125 0.37725 0.6163333328125 0.3745 0.6283333328125 0.369 0.6253333328124999 0.34675 0.6416666671875 0.34525 0.651 0.34625 0.6608333328125 0.35125 0.6568333328125 0.343 0.6531666671874999 0.3235 0.6581666671875 0.3235 0.6626666671875 0.31175 0.6751666671875001 0.29225 0.6991666671875 0.286 0.7055 0.28225 0.7191666671875 0.2785 0.7208333328125 0.26675 0.7133333328125 0.25 0.7091666671875 0.24175 0.6593333328125001 0.23199999999999998 0.629 0.24874999999999997 0.5916666671875 0.29175 0.5618333328125 0.3345 0.5641666671875 0.41275000000000006 0.572 0.39449999999999996 0.5823333328125 0.39325 0.5956666671875 0.3915
0 0.6965 0.5325 0.6933333328125 0.53525 0.6901666671875 0.53725 0.6903333328125 0.5389999999999999 0.693 0.5385 0.6956666671875 0.5375 0.6978333328125 0.5365 0.7001666671875 0.5325 0.7033333328125 0.5315000000000001 0.7048333328124999 0.53025 0.7053333328125 0.528 0.7071666671875 0.5265 0.7085 0.5247499999999999 0.7103333328125 0.52275 0.7108333328125 0.52225 0.71 0.5207499999999999 0.7076666671875 0.5225 0.7033333328125 0.52625 0.7001666671875 0.52825 0.6965 0.5325
0 0.5845 0.31025 0.5843333328125 0.31275 0.5861666671875 0.31275 0.5916666671875 0.307 0.6025 0.296 0.6071666671875 0.29075 0.6085 0.28625 0.6076666671875001 0.28475 0.6043333328125 0.28675 0.6036666671875001 0.28650000000000003 0.6036666671875001 0.28450000000000003 0.6036666671875001 0.28250000000000003 0.6011666671875 0.28250000000000003 0.6001666671875 0.28475 0.6 0.29 0.597 0.29300000000000004 0.5936666671874999 0.2935 0.5866666671874999 0.30125 0.5875 0.305 0.5863333328125 0.30775 0.5845 0.31025
0 0.3593333328125 0.45225 0.3695 0.45599999999999996 0.3775 0.4615 0.3846666671875 0.466 0.392 0.46325000000000005 0.3988333328125 0.45475000000000004 0.40416666718750005 0.44925 0.4073333328125 0.44375 0.41200000000000003 0.43975 0.4198333328125 0.44325000000000003 0.4228333328125 0.43775000000000003 0.4226666671875 0.4305 0.42533333281249996 0.42024999999999996 0.4308333328125 0.41174999999999995 0.43600000000000005 0.40325 0.4331666671875 0.4 0.4305 0.39725 0.4238333328125 0.40199999999999997 0.41616666718750006 0.40925 0.4108333328125 0.4125 0.40449999999999997 0.418 0.399 0.42325 0.3931666671875 0.4325 0.387 0.4385 0.38166666718750003 0.4405 0.377 0.441 0.3673333328125 0.44075 0.36183333281249996 0.43825000000000003 0.3566666671875 0.4345 0.3513333328125 0.43600000000000005 0.3593333328125 0.45225
1 0.38816666718750004 0.4335 0.398 0.41675000000000006 0.4138333328125 0.40374999999999994 0.4286666671875 0.3915 0.43666666718749997 0.383 0.4405 0.3655 0.4405 0.3525 0.4331666671875 0.34249999999999997 0.42533333281249996 0.33475 0.41566666718749995 0.33525 0.40316666718749994 0.3435 0.38616666718750003 0.3565 0.37333333281250003 0.35550000000000004 0.3681666671875 0.35924999999999996 0.3605 0.37174999999999997 0.3491666671875 0.41624999999999995 0.3611666671875 0.433 0.3785 0.438 0.38816666718750004 0.4335
0 0.6823333328125 0.282 0.6805 0.28900000000000003 0.6895 0.2885 0.6976666671875 0.28650000000000003 0.7013333328125 0.28175 0.7056666671875 0.28025 0.7086666671875 0.27999999999999997 0.7125 0.27599999999999997 0.717 0.26975 0.7150000000000001 0.25975000000000004 0.7118333328124999 0.2555 0.7093333328125 0.26349999999999996 0.7068333328125 0.268 0.7033333328125 0.26675 0.6991666671875 0.26525 0.6918333328124999 0.267 0.6873333328125 0.27425 0.6823333328125 0.282
0 0.5781666671875 0.35975 0.5671666671875 0.37625000000000003 0.5645 0.38849999999999996 0.5650000000000001 0.40075000000000005 0.5693333328125 0.39525 0.5788333328124999 0.38525 0.5896666671874999 0.3775 0.6033333328125 0.3695 0.613 0.36075 0.6173333328124999 0.34750000000000003 0.6193333328125 0.339 0.6171666671875 0.325 0.6171666671875 0.316 0.617 0.31 0.6143333328125 0.30175 0.6098333328125001 0.29700000000000004 0.5983333328125 0.3075 0.5881666671875 0.319 0.5836666671875 0.3365 0.5781666671875 0.35975
3 0.5974999999999999 0.54425 0.6151666671875 0.5575 0.6385 0.5645 0.6571666671874999 0.56125 0.71 0.5675 0.739 0.5635 0.7598333328125 0.5565 0.7856666671875 0.5215 0.7856666671875 0.489 0.7815000000000001 0.429 0.7696666671875 0.34125 0.7436666671875 0.282 0.7085 0.23925000000000002 0.6586666671875 0.22749999999999998 0.6275000000000001 0.2485 0.5855 0.3 0.5616666671874999 0.33425 0.5643333328125 0.43150000000000005 0.5638333328125 0.48425 0.5773333328125 0.517 0.5974999999999999 0.54425
3 0.356 0.54875 0.3741666671875 0.57475 0.3996666671875 0.5825 0.40016666718750005 0.591 0.41566666718749995 0.60325 0.4585 0.615 0.48949999999999994 0.61825 0.5141666671875 0.60725 0.538 0.5865 0.5518333328125 0.55925 0.5565 0.5365 0.5431666671875 0.5085 0.5285 0.4755 0.528 0.43674999999999997 0.5263333328125 0.39075000000000004 0.5103333328125 0.3485 0.4818333328125 0.32775 0.4528333328125 0.32125 0.4113333328125 0.33425 0.372 0.355 0.36 0.3685 0.3478333328125 0.41075 0.3396666671875 0.45425000000000004 0.3435 0.502 0.356 0.54875
2 0.708 0.5667500000000001 0.7303333328125 0.564 0.7543333328124999 0.5622499999999999 0.7675 0.54775 0.7765 0.5275000000000001 0.7663333328124999 0.52 0.7471666671875 0.49775 0.718 0.496 0.6945 0.5225 0.6801666671875 0.5509999999999999 0.6798333328124999 0.5627500000000001 0.6898333328125 0.5662499999999999 0.708 0.5667500000000001
3 0.7846666671875 0.47874999999999995 0.8038333328125 0.55125 0.8158333328125 0.59325 0.8288333328125 0.608 0.8568333328125 0.625 0.8998333328125 0.6327499999999999 0.9293333328125 0.622 0.9475 0.59875 0.9531666671875 0.5675 0.9578333328124999 0.506 0.9573333328125001 0.45 0.9480000000000001 0.3995 0.9345000000000001 0.34575 0.9163333328125001 0.3045 0.8858333328124999 0.28275 0.8526666671875001 0.28675 0.8158333328125 0.30225 0.779 0.33875 0.7733333328125 0.359 0.7805 0.42275 0.7846666671875 0.47874999999999995
3 0.0656666671875 0.493 0.0998333328125 0.5589999999999999 0.1253333328125 0.601 0.16683333281249998 0.6305 0.2238333328125 0.65475 0.2403333328125 0.64 0.2783333328125 0.5622499999999999 0.3005 0.5 0.30783333281249997 0.44075 0.26949999999999996 0.43224999999999997 0.244 0.38625 0.21033333281250002 0.34675 0.1896666671875 0.33125 0.14650000000000002 0.33825 0.1206666671875 0.34825 0.1045 0.38025000000000003 0.09 0.41974999999999996 0.0681666671875 0.45325 0.0656666671875 0.493