3 0.6066666671875 0.8511904765624999 0.63 0.8333333328125001 0.64 0.7619047625 0.6466666671875 0.684523809375 0.5533333328125 0.684523809375 0.5433333328125001 0.6785714281249999 0.5266666671875 0.672619046875 0.5366666671875 0.7738095234375 0.5633333328125001 0.8214285718750001 0.5833333328125 0.8511904765624999 0.6066666671875 0.8511904765624999
0 0.9800000000000001 0.8869047625 0.9833333328125 0.86904761875 0.9866666671875001 0.8511904765624999 0.9866666671875001 0.8333333328125001 0.9833333328125 0.815476190625 0.9800000000000001 0.809523809375 0.9733333328124999 0.8214285718750001 0.9666666671874999 0.827380953125 0.96 0.8333333328125001 0.9566666671874999 0.8511904765624999 0.9566666671874999 0.88095238125 0.9566666671874999 0.9047619046875001 0.9633333328125 0.9107142859374999 0.9733333328124999 0.9047619046875001 0.9800000000000001 0.8869047625
1 0.26 0.5 0.2666666671875 0.45238095312500004 0.2766666671875 0.3928571421875 0.29333333281249996 0.3869047625 0.3066666671875 0.3988095234375 0.3233333328125 0.3869047625 0.3366666671875 0.375 0.3533333328125 0.3571428578125 0.3633333328125 0.3452380953125 0.37333333281250003 0.3333333328125 0.3866666671875 0.327380953125 0.4 0.315476190625 0.41 0.2916666671875 0.4166666671875 0.2797619046875 0.43333333281249997 0.28571428593750003 0.4233333328125 0.2619047625 0.41333333281250006 0.2321428578125 0.3866666671875 0.20833333281250002 0.3566666671875 0.196428571875 0.32999999999999996 0.2142857140625 0.2966666671875 0.2797619046875 0.26 0.3988095234375 0.24333333281249997 0.49404761875 0.24333333281249997 0.5 0.25 0.5119047625 0.26 0.5
0 0.24666666718750002 0.49404761875 0.25 0.49404761875 0.25666666718750003 0.48809523749999995 0.25666666718750003 0.4761904765625 0.26 0.46428571406249997 0.2633333328125 0.46428571406249997 0.2633333328125 0.4583333328125 0.2633333328125 0.440476190625 0.2533333328125 0.45238095312500004 0.25 0.4702380953125 0.24666666718750002 0.48809523749999995 0.24666666718750002 0.49404761875
0 0.2366666671875 0.49404761875 0.24333333281249997 0.5 0.24333333281249997 0.440476190625 0.24 0.41071428593750003 0.2366666671875 0.3988095234375 0.22000000000000003 0.440476190625 0.22000000000000003 0.4583333328125 0.2233333328125 0.4761904765625 0.2366666671875 0.49404761875
3 0.24666666718750002 0.6071428578125 0.2733333328125 0.6547619046875 0.3133333328125 0.684523809375 0.39 0.684523809375 0.43333333281249997 0.6666666671875 0.47000000000000003 0.6547619046875 0.47000000000000003 0.5357142859375 0.4733333328125 0.4583333328125 0.46333333281250005 0.3571428578125 0.44000000000000006 0.2916666671875 0.41333333281250006 0.2321428578125 0.39 0.20833333281250002 0.36 0.196428571875 0.32999999999999996 0.20833333281250002 0.2966666671875 0.2797619046875 0.26 0.3928571421875 0.24333333281249997 0.49404761875 0.24666666718750002 0.6071428578125
3 0.0866666671875 0.4761904765625 0.0933333328125 0.5714285718750001 0.1066666671875 0.6130952375 0.13 0.61904761875 0.1866666671875 0.625 0.22999999999999998 0.61904761875 0.24666666718750002 0.6071428578125 0.24333333281249997 0.5535714281249999 0.24333333281249997 0.48809523749999995 0.24333333281249997 0.440476190625 0.2366666671875 0.3869047625 0.18 0.297619046875 0.1633333328125 0.2797619046875 0.14666666718750002 0.2678571421875 0.12 0.28571428593750003 0.1 0.375 0.0866666671875 0.4761904765625
3 0.8933333328125 0.4047619046875 0.8766666671875001 0.440476190625 0.8766666671875001 0.49404761875 0.8733333328124999 0.5297619046875 0.8866666671875001 0.559523809375 0.9 0.559523809375 0.9166666671874999 0.5952380953125 0.95 0.6547619046875 0.9766666671875001 0.690476190625 0.9933333328125 0.690476190625 0.9966666671875 0.6785714281249999 0.9966666671875 0.2916666671875 0.9633333328125 0.28571428593750003 0.93 0.3452380953125 0.8933333328125 0.4047619046875
3 0.44333333281250004 0.8035714281249999 0.45999999999999996 0.8214285718750001 0.4966666671875 0.8035714281249999 0.5033333328125 0.7797619046875 0.5133333328125 0.7142857140625 0.52 0.6488095234375 0.5033333328125 0.5892857140625 0.5033333328125 0.4761904765625 0.4733333328125 0.4761904765625 0.47000000000000003 0.5178571421875 0.47000000000000003 0.6547619046875 0.3966666671875 0.684523809375 0.3966666671875 0.7142857140625 0.4 0.75595238125 0.4166666671875 0.7738095234375 0.44333333281250004 0.8035714281249999
3 0.3 0.8511904765624999 0.32999999999999996 0.815476190625 0.36 0.75 0.37 0.7202380953125 0.37333333281250003 0.684523809375 0.3133333328125 0.684523809375 0.2733333328125 0.6547619046875 0.24666666718750002 0.6071428578125 0.23333333281250002 0.6130952375 0.24 0.690476190625 0.2633333328125 0.7857142859375 0.2866666671875 0.8511904765624999 0.3 0.8511904765624999
3 0 0.7261904765625 0.0033333328125 0.8928571421875 0.03 0.8511904765624999 0.0533333328125 0.797619046875 0.08 0.7321428578125 0.0866666671875 0.7202380953125 0.0866666671875 0.6607142859375 0.0933333328125 0.61904761875 0.08333333281250001 0.61904761875 0.06999999999999999 0.5892857140625 0.0533333328125 0.61904761875 0.03 0.6428571421875 0 0.6428571421875 0 0.7261904765625
3 0.1166666671875 0.9464285718750001 0.15 0.922619046875 0.18 0.8452380953124999 0.21000000000000002 0.7619047625 0.23333333281250002 0.7142857140625 0.2366666671875 0.6964285718750001 0.23333333281250002 0.6130952375 0.2166666671875 0.61904761875 0.19 0.625 0.1366666671875 0.625 0.1066666671875 0.6130952375 0.0966666671875 0.5952380953125 0.0866666671875 0.6666666671875 0.08333333281250001 0.8630952375 0.09 0.9285714281249999 0.1166666671875 0.9464285718750001
3 0.7366666671875 0.8511904765624999 0.75 0.815476190625 0.77 0.75595238125 0.78 0.7202380953125 0.78 0.63095238125 0.76 0.625 0.7466666671875 0.6071428578125 0.73 0.577380953125 0.7266666671875 0.5892857140625 0.7233333328125 0.63095238125 0.7 0.6666666671875 0.6733333328125 0.684523809375 0.6533333328125 0.690476190625 0.6666666671875 0.7380952375 0.7 0.809523809375 0.72 0.8511904765624999 0.7366666671875 0.8511904765624999
3 0.5066666671875 0.5892857140625 0.5166666671875 0.6488095234375 0.54 0.6785714281249999 0.5566666671875 0.684523809375 0.6366666671875 0.684523809375 0.67 0.6785714281249999 0.7 0.6666666671875 0.7233333328125 0.6369047625 0.7266666671875 0.5892857140625 0.73 0.5357142859375 0.7266666671875 0.4702380953125 0.7233333328125 0.3988095234375 0.7133333328125 0.3571428578125 0.6900000000000001 0.297619046875 0.6733333328125 0.24404761874999997 0.6466666671875 0.2142857140625 0.6233333328125 0.2202380953125 0.5866666671874999 0.22619047656250002 0.55 0.2797619046875 0.51 0.38095238125 0.5066666671875 0.49404761875 0.5066666671875 0.5892857140625
3 0.97 0.9285714281249999 0.9833333328125 0.8928571421875 0.99 0.8511904765624999 0.9933333328125 0.7797619046875 0.99 0.690476190625 0.9766666671875001 0.690476190625 0.95 0.6547619046875 0.9266666671875001 0.6071428578125 0.9033333328125 0.5714285718750001 0.89 0.5892857140625 0.8933333328125 0.6130952375 0.8933333328125 0.7142857140625 0.8966666671875 0.74404761875 0.9166666671874999 0.797619046875 0.9366666671875 0.8571428578125 0.9566666671874999 0.9166666671874999 0.97 0.9285714281249999
3 0.73 0.48214285781250005 0.7266666671875 0.5416666671875 0.73 0.5833333328125 0.76 0.61904761875 0.8166666671874999 0.63095238125 0.85 0.625 0.8733333328124999 0.565476190625 0.8766666671875001 0.48809523749999995 0.8699999999999999 0.3869047625 0.85 0.30357142812500004 0.8266666671875 0.2797619046875 0.7933333328125001 0.28571428593750003 0.7666666671875 0.33928571406249997 0.7466666671875 0.41071428593750003 0.73 0.4583333328125 0.73 0.48214285781250005
3 0.8699999999999999 0.9583333328125001 0.89 0.9166666671874999 0.89 0.8214285718750001 0.8933333328125 0.690476190625 0.8933333328125 0.6130952375 0.8866666671875001 0.565476190625 0.8733333328124999 0.5357142859375 0.8733333328124999 0.5714285718750001 0.8533333328125 0.61904761875 0.8166666671874999 0.63095238125 0.7833333328125 0.63095238125 0.78 0.7202380953125 0.8266666671875 0.8571428578125 0.85 0.940476190625 0.8699999999999999 0.9583333328125001
3 0 0.6428571421875 0.03 0.6428571421875 0.0533333328125 0.61904761875 0.0666666671875 0.5892857140625 0.08333333281250001 0.5833333328125 0.0866666671875 0.565476190625 0.0933333328125 0.565476190625 0.0866666671875 0.4702380953125 0.07666666718750001 0.434523809375 0.05 0.3869047625 0.0266666671875 0.3333333328125 0 0.2738095234375 0 0.625 0 0.6428571421875