3 0.42828571406249993 0.2928 0.42785714218750004 0.31720000000000004 0.43228571406249994 0.3428 0.4367142859375 0.3632 0.44171428593749995 0.4004 0.44271428593750006 0.42119999999999996 0.44414285781249996 0.42279999999999995 0.4527142859375 0.4144 0.462 0.404 0.4691428578125 0.3972 0.479 0.3832 0.4962857140625 0.3668 0.4968571421875 0.3584 0.496 0.3428 0.488 0.2868 0.4791428578125 0.2392 0.472 0.21000000000000002 0.4632857140625 0.1832 0.45771428593749997 0.1672 0.452571428125 0.15760000000000002 0.44671428593750007 0.1548 0.43871428593750006 0.1756 0.432571428125 0.202 0.429 0.2464 0.42828571406249993 0.2928
3 0.237571428125 0.5744 0.2438571421875 0.6035999999999999 0.252571428125 0.6392 0.263428571875 0.642 0.267571428125 0.6368 0.27214285781249997 0.628 0.27471428593749997 0.6155999999999999 0.2777142859375 0.6012 0.2798571421875 0.5900000000000001 0.28114285781250004 0.5748 0.2782857140625 0.5668 0.2748571421875 0.5532 0.2702857140625 0.5292 0.2668571421875 0.5107999999999999 0.259571428125 0.5035999999999999 0.2531428578125 0.4984 0.246 0.4932 0.24028571406250002 0.49119999999999997 0.2328571421875 0.49240000000000006 0.2301428578125 0.5004 0.228428571875 0.5112 0.2297142859375 0.522 0.235428571875 0.5599999999999999 0.237571428125 0.5744
3 0.2617142859375 0.46440000000000003 0.2672857140625 0.5084 0.2738571421875 0.5464 0.2781428578125 0.5660000000000001 0.2822857140625 0.5804 0.2861428578125 0.5876 0.29 0.5884 0.29228571406250003 0.5892000000000001 0.295428571875 0.588 0.298 0.5848 0.300571428125 0.5764 0.304428571875 0.5724 0.3061428578125 0.5732 0.3091428578125 0.5696 0.312428571875 0.5636 0.314 0.5591999999999999 0.3148571421875 0.5544 0.3182857140625 0.5492 0.3208571421875 0.5424 0.3228571421875 0.5352 0.32471428593749996 0.526 0.32599999999999996 0.5144 0.32671428593749996 0.5008 0.326571428125 0.4952 0.322571428125 0.4848 0.319 0.4704 0.3151428578125 0.45519999999999994 0.3108571421875 0.4368 0.3061428578125 0.422 0.299428571875 0.404 0.29228571406250003 0.3908 0.28700000000000003 0.38 0.28242857187500003 0.3776 0.27599999999999997 0.376 0.2702857140625 0.38039999999999996 0.2628571421875 0.3896 0.259571428125 0.4096 0.2588571421875 0.4316 0.2617142859375 0.46440000000000003
3 0.387571428125 0.7988000000000001 0.393 0.806 0.40199999999999997 0.792 0.41214285781250004 0.7772 0.4167142859375 0.7724 0.4247142859375 0.7652 0.4251428578125 0.7416 0.42442857187499994 0.7243999999999999 0.42142857187500005 0.6876 0.4182857140625 0.6632 0.4141428578125 0.6572 0.4028571421875 0.6628000000000001 0.3878571421875 0.6776 0.3758571421875 0.6924 0.373571428125 0.6996 0.372571428125 0.7264 0.375571428125 0.7556 0.3812857140625 0.78 0.387571428125 0.7988000000000001
3 0.23185714218750003 0.8904 0.24171428593750002 0.8932 0.25 0.898 0.2537142859375 0.8984 0.2582857140625 0.8747999999999999 0.2571428578125 0.8523999999999999 0.2578571421875 0.8276 0.2608571421875 0.8088 0.252428571875 0.8103999999999999 0.2441428578125 0.8168 0.2362857140625 0.8231999999999999 0.23328571406249998 0.8311999999999999 0.2297142859375 0.8492000000000001 0.2261428578125 0.8712 0.2237142859375 0.8824 0.23185714218750003 0.8904
3 0.207 0.6108 0.211 0.636 0.2151428578125 0.6612 0.2217142859375 0.6816 0.2261428578125 0.6872 0.23057142812500003 0.6884 0.2381428578125 0.6772 0.2428571421875 0.6639999999999999 0.24757142812500002 0.65 0.2511428578125 0.6336 0.2461428578125 0.612 0.241428571875 0.5928 0.237571428125 0.5736 0.235571428125 0.5664 0.231428571875 0.5616 0.22342857187499998 0.5564 0.2142857140625 0.5544 0.208571428125 0.554 0.20299999999999999 0.5604 0.200428571875 0.5708 0.20099999999999998 0.5860000000000001 0.207 0.6108
3 0.465428571875 0.7308 0.4798571421875 0.7088 0.4921428578125 0.6900000000000001 0.4922857140625 0.6424000000000001 0.487 0.562 0.47671428593750004 0.5700000000000001 0.4681428578125 0.584 0.4501428578125 0.6035999999999999 0.4472857140625 0.61 0.45071428593749996 0.624 0.45599999999999996 0.6704 0.45914285781249997 0.7032 0.465428571875 0.7308
3 0.508571428125 0.20600000000000002 0.509428571875 0.2124 0.5148571421875 0.2512 0.5162857140625 0.2924 0.517571428125 0.31920000000000004 0.517571428125 0.3328 0.5257142859374999 0.3388 0.531571428125 0.3312 0.534428571875 0.3036 0.5328571421875 0.264 0.5309999999999999 0.2352 0.5291428578125 0.2068 0.5232857140625 0.1736 0.514428571875 0.13240000000000002 0.509428571875 0.11679999999999999 0.507571428125 0.13040000000000002 0.5068571421875 0.15360000000000001 0.508428571875 0.1852 0.508571428125 0.20600000000000002
3 0.515 0.6476 0.5221428578125 0.636 0.523571428125 0.6024 0.5244285718749999 0.5744 0.523 0.5604 0.5177142859375 0.5504 0.5118571421875 0.5412 0.5072857140625 0.5384 0.49657142812500005 0.5448000000000001 0.490571428125 0.5492 0.4848571421875 0.554 0.480428571875 0.5604 0.4788571421875 0.5648 0.47942857187500004 0.5660000000000001 0.4867142859375 0.5616 0.48857142812500004 0.584 0.4922857140625 0.6408 0.4931428578125 0.6544 0.4968571421875 0.6639999999999999 0.5008571421875 0.6736 0.5077142859375 0.6599999999999999 0.515 0.6476
3 0.4248571421875 0.7256 0.434428571875 0.7384000000000001 0.4382857140625 0.7524 0.45328571406249996 0.7404 0.459428571875 0.7384000000000001 0.45899999999999996 0.706 0.458 0.6852 0.4512857140625 0.6232 0.4462857140625 0.6075999999999999 0.42285714218750003 0.63 0.41357142812500003 0.6392 0.412571428125 0.6456000000000001 0.414 0.6576 0.4182857140625 0.6636 0.42314285781249994 0.706 0.4248571421875 0.7256
3 0.33514285781250003 0.8272 0.34042857187500003 0.8688 0.348 0.8608 0.360571428125 0.8455999999999999 0.3672857140625 0.8336 0.370428571875 0.8164 0.3761428578125 0.7944 0.3807142859375 0.7788 0.3761428578125 0.7567999999999999 0.3728571421875 0.728 0.373428571875 0.7008 0.3751428578125 0.6944 0.37 0.6728 0.368 0.67 0.363571428125 0.6704 0.3547142859375 0.6796 0.3491428578125 0.6876 0.346 0.6984 0.3441428578125 0.7056 0.339 0.7064 0.33671428593749997 0.7112 0.33514285781250003 0.7292 0.3348571421875 0.7612 0.33342857187499997 0.7852 0.33514285781250003 0.8272
3 0.2617142859375 0.8952 0.262571428125 0.9064 0.2678571421875 0.9092 0.274428571875 0.9124000000000001 0.27799999999999997 0.9128000000000001 0.2822857140625 0.8932 0.288 0.8684 0.29114285781250004 0.852 0.29042857187500004 0.8204 0.29228571406250003 0.7852 0.29371428593750004 0.772 0.29042857187500004 0.7708 0.2847142859375 0.7652 0.278571428125 0.7636000000000001 0.2741428578125 0.7687999999999999 0.270571428125 0.7772 0.265571428125 0.788 0.263571428125 0.7928 0.262428571875 0.7968 0.2581428578125 0.8295999999999999 0.257 0.8523999999999999 0.259 0.882 0.2617142859375 0.8952
3 0.364428571875 0.2984 0.364 0.3324 0.363571428125 0.3776 0.3642857140625 0.3916 0.3742857140625 0.46040000000000003 0.380428571875 0.47800000000000004 0.3851428578125 0.48319999999999996 0.3892857140625 0.4784 0.3958571421875 0.4728 0.40800000000000003 0.46040000000000003 0.414 0.45 0.4272857140625 0.438 0.4368571421875 0.4276 0.44271428593750006 0.4224 0.44171428593749995 0.3988 0.4367142859375 0.3628 0.4298571421875 0.3292 0.42257142812500004 0.29359999999999997 0.41585714218750003 0.26680000000000004 0.411428571875 0.2532 0.4052857140625 0.242 0.3982857140625 0.23479999999999998 0.3898571421875 0.2292 0.3811428578125 0.2312 0.3748571421875 0.24 0.368571428125 0.2576 0.365428571875 0.27799999999999997 0.364428571875 0.2984
3 0.3098571421875 0.3908 0.311428571875 0.418 0.314571428125 0.446 0.317428571875 0.4636 0.32214285781249996 0.48319999999999996 0.328428571875 0.502 0.33414285781249997 0.508 0.3388571421875 0.5104 0.34185714218749996 0.5115999999999999 0.35357142812500003 0.5032 0.3597142859375 0.4984 0.372571428125 0.48 0.373428571875 0.47359999999999997 0.374 0.45919999999999994 0.3708571421875 0.4372 0.3661428578125 0.40679999999999994 0.363 0.39 0.352571428125 0.3648 0.34385714218749996 0.3444 0.3362857140625 0.3328 0.32928571406249996 0.3244 0.324 0.32480000000000003 0.3171428578125 0.3292 0.3128571421875 0.3416 0.3108571421875 0.368 0.3098571421875 0.3908
3 0.29157142812500003 0.8568 0.29285714218750003 0.8795999999999999 0.29685714218750003 0.9076000000000001 0.30085714218750004 0.9164 0.3058571421875 0.9124000000000001 0.313428571875 0.8936 0.3182857140625 0.8684 0.3237142859375 0.8468 0.3277142859375 0.8311999999999999 0.3317142859375 0.8228 0.33457142812499996 0.8164 0.3331428578125 0.7844 0.334428571875 0.764 0.3288571421875 0.748 0.3222857140625 0.7332 0.3207142859375 0.732 0.318 0.7236 0.3137142859375 0.7243999999999999 0.309571428125 0.726 0.306571428125 0.728 0.303428571875 0.734 0.2971428578125 0.7548 0.29242857187500004 0.7844 0.29028571406250003 0.8192 0.29157142812500003 0.8568
3 0.1707142859375 0.7203999999999999 0.17428571406249999 0.7372 0.1791428578125 0.7607999999999999 0.1822857140625 0.7615999999999999 0.1908571421875 0.7508 0.1962857140625 0.7332 0.1967142859375 0.7272000000000001 0.2017142859375 0.7232000000000001 0.2128571421875 0.7008 0.22000000000000003 0.6844 0.22128571406250003 0.6799999999999999 0.21542857187500003 0.6616 0.21014285781250003 0.634 0.206571428125 0.6252 0.1967142859375 0.6152 0.1872857140625 0.6123999999999999 0.179571428125 0.6123999999999999 0.17185714218749998 0.618 0.166428571875 0.626 0.160571428125 0.6436 0.16114285781249998 0.6624 0.16728571406249998 0.6908000000000001 0.1707142859375 0.7203999999999999
3 0.4797142859375 0.23959999999999998 0.483571428125 0.26280000000000003 0.4881428578125 0.2872 0.49128571406250005 0.30920000000000003 0.495571428125 0.3384 0.4988571421875 0.3464 0.5002857140625 0.3464 0.504571428125 0.3392 0.5087142859375 0.3372 0.5142857140625 0.3316 0.517 0.32320000000000004 0.516571428125 0.3012 0.514428571875 0.252 0.509571428125 0.2112 0.5067142859375 0.1964 0.5018571421875 0.1748 0.497 0.1592 0.49142857187500005 0.1476 0.4871428578125 0.1424 0.484428571875 0.1396 0.48328571406250004 0.1432 0.48328571406250004 0.1644 0.4828571421875 0.198 0.4811428578125 0.22400000000000003 0.4797142859375 0.23959999999999998