3 0.5549999999999999 0.6828571421875 0.5469999999999999 0.731428571875 0.548 0.7742857140625 0.593 0.78 0.608 0.768571428125 0.609 0.6771428578124999 0.618 0.648571428125 0.616 0.628571428125 0.607 0.6142857140625 0.584 0.6142857140625 0.564 0.6142857140625 0.5509999999999999 0.6057142859375 0.549 0.608571428125 0.542 0.6171428578125 0.541 0.64 0.55 0.6428571421875 0.5509999999999999 0.6542857140625 0.5549999999999999 0.6828571421875
3 0.34500000000000003 0.42571428593749994 0.343 0.468571428125 0.34500000000000003 0.48857142812500004 0.35 0.5028571421875 0.359 0.508571428125 0.376 0.5257142859374999 0.399 0.531428571875 0.41 0.531428571875 0.41500000000000004 0.5257142859374999 0.42699999999999994 0.508571428125 0.42699999999999994 0.44000000000000006 0.425 0.3657142859375 0.414 0.3142857140625 0.399 0.268571428125 0.389 0.22857142812500003 0.386 0.21142857187500003 0.38 0.1857142859375 0.377 0.1828571421875 0.369 0.1857142859375 0.359 0.24 0.352 0.308571428125 0.346 0.36 0.34500000000000003 0.42571428593749994
3 0.301 0.531428571875 0.31 0.54 0.329 0.531428571875 0.341 0.5142857140625 0.34500000000000003 0.49142857187500005 0.343 0.46571428593749997 0.346 0.39714285781249997 0.346 0.36 0.33399999999999996 0.28571428593750003 0.33199999999999996 0.2428571421875 0.32799999999999996 0.21142857187500003 0.321 0.2 0.311 0.21142857187500003 0.302 0.2257142859375 0.29500000000000004 0.26 0.29300000000000004 0.368571428125 0.29500000000000004 0.46571428593749997 0.301 0.531428571875
3 0.8099999999999999 0.5228571421875 0.8150000000000001 0.5457142859374999 0.825 0.548571428125 0.835 0.5228571421875 0.842 0.4971428578125 0.852 0.46571428593749997 0.861 0.371428571875 0.859 0.308571428125 0.852 0.2742857140625 0.843 0.23714285781250002 0.829 0.2971428578125 0.826 0.3171428578125 0.819 0.4 0.8099999999999999 0.5228571421875
3 0.475 0.78 0.475 0.6971428578125 0.475 0.648571428125 0.48200000000000004 0.628571428125 0.48 0.611428571875 0.45999999999999996 0.611428571875 0.438 0.6 0.43 0.5828571421875 0.42699999999999994 0.5742857140625001 0.41600000000000004 0.5771428578125 0.41 0.5857142859375 0.40700000000000003 0.6028571421875 0.404 0.6171428578125 0.409 0.7 0.414 0.7571428578125 0.434 0.7628571421875 0.475 0.78
3 0.766 0.5257142859374999 0.774 0.5542857140625 0.782 0.5657142859375 0.792 0.5714285718750001 0.799 0.5714285718750001 0.805 0.5457142859374999 0.8099999999999999 0.5171428578125 0.817 0.428571428125 0.827 0.3057142859375 0.8240000000000001 0.2428571421875 0.8220000000000001 0.1942857140625 0.8150000000000001 0.16857142812499998 0.807 0.1628571421875 0.8 0.1628571421875 0.792 0.18 0.782 0.2428571421875 0.769 0.3771428578125 0.77 0.42571428593749994 0.766 0.5257142859374999
3 0.5690000000000001 0.328571428125 0.5599999999999999 0.3857142859375 0.5519999999999999 0.4171428578125 0.554 0.5857142859375 0.557 0.608571428125 0.562 0.608571428125 0.568 0.6057142859375 0.575 0.611428571875 0.5860000000000001 0.608571428125 0.596 0.6057142859375 0.603 0.6057142859375 0.608 0.608571428125 0.614 0.6 0.613 0.5942857140625 0.63 0.5828571421875 0.639 0.58 0.643 0.5857142859375 0.65 0.5885714281250001 0.657 0.6057142859375 0.661 0.608571428125 0.663 0.608571428125 0.669 0.5971428578125 0.6759999999999999 0.6028571421875 0.679 0.5885714281250001 0.682 0.5542857140625 0.6839999999999999 0.508571428125 0.683 0.448571428125 0.6759999999999999 0.34857142812499997 0.67 0.3 0.6639999999999999 0.2542857140625 0.655 0.21142857187500003 0.636 0.1828571421875 0.618 0.18 0.607 0.1857142859375 0.591 0.21142857187500003 0.577 0.2657142859375 0.5690000000000001 0.328571428125
3 0.6799999999999999 0.7257142859375 0.688 0.668571428125 0.686 0.6371428578125 0.6769999999999999 0.6028571421875 0.67 0.6 0.661 0.611428571875 0.655 0.6057142859375 0.633 0.6342857140625 0.623 0.6428571421875 0.619 0.6457142859375 0.612 0.6657142859375 0.61 0.6771428578124999 0.614 0.768571428125 0.63 0.7628571421875 0.6599999999999999 0.7428571421875 0.6799999999999999 0.7257142859375
3 0.45199999999999996 0.2342857140625 0.441 0.27142857187499997 0.433 0.308571428125 0.429 0.368571428125 0.42800000000000005 0.39714285781249997 0.42699999999999994 0.48 0.429 0.551428571875 0.43099999999999994 0.5885714281250001 0.43600000000000005 0.6 0.45999999999999996 0.611428571875 0.483 0.6057142859375 0.493 0.6057142859375 0.496 0.6142857140625 0.51 0.6171428578125 0.533 0.611428571875 0.5469999999999999 0.608571428125 0.5509999999999999 0.5914285718750001 0.553 0.5628571421874999 0.5509999999999999 0.4142857140625 0.54 0.33999999999999997 0.525 0.2628571421875 0.513 0.2257142859375 0.502 0.21142857187500003 0.484 0.208571428125 0.46699999999999997 0.21142857187500003 0.45199999999999996 0.2342857140625
2 0.6519999999999999 0.5885714281250001 0.648 0.5428571421874999 0.639 0.548571428125 0.62 0.548571428125 0.613 0.548571428125 0.61 0.6028571421875 0.613 0.5942857140625 0.642 0.58 0.6519999999999999 0.5885714281250001
3 0.679 0.3742857140625 0.683 0.44000000000000006 0.6839999999999999 0.528571428125 0.6980000000000001 0.5657142859375 0.7070000000000001 0.5771428578125 0.713 0.5742857140625001 0.724 0.5628571421874999 0.731 0.5599999999999999 0.744 0.5657142859375 0.753 0.5571428578125001 0.764 0.528571428125 0.767 0.4971428578125 0.77 0.4171428578125 0.764 0.3257142859375 0.757 0.26 0.75 0.2171428578125 0.743 0.1857142859375 0.737 0.16 0.731 0.1542857140625 0.7230000000000001 0.16857142812499998 0.7110000000000001 0.2428571421875 0.7 0.308571428125 0.6849999999999999 0.3628571421875 0.679 0.3742857140625
3 0.546 0.7771428578124999 0.548 0.7257142859375 0.554 0.6828571421875 0.55 0.6428571421875 0.529 0.64 0.509 0.6257142859375 0.495 0.6171428578125 0.48 0.608571428125 0.48200000000000004 0.6342857140625 0.475 0.648571428125 0.47400000000000003 0.7 0.476 0.7742857140625 0.504 0.7771428578124999 0.546 0.7771428578124999
3 0.732 0.6857142859375001 0.74 0.6742857140625 0.737 0.6257142859375 0.726 0.5942857140625 0.71 0.5914285718750001 0.6990000000000001 0.5942857140625 0.689 0.6028571421875 0.686 0.6142857140625 0.6849999999999999 0.6257142859375 0.688 0.64 0.688 0.6657142859375 0.6839999999999999 0.72 0.701 0.708571428125 0.7190000000000001 0.6971428578125 0.732 0.6857142859375001