3 0.38095238125 0.828125 0.40211640156249995 0.83203125 0.41798941875000006 0.8203125 0.4365079359375 0.7890625 0.45502645468749997 0.7265625 0.47089947031249996 0.67578125 0.48148148125 0.625 0.47883597812499995 0.6171875 0.45238095312500004 0.61328125 0.44444444375 0.62890625 0.38624338593749996 0.62890625 0.3703703703125 0.6875 0.365079365625 0.734375 0.3677248671875 0.78515625 0.38095238125 0.828125
3 0.4920634921875 0.85546875 0.5 0.859375 0.5132275125 0.86328125 0.5291005296875 0.84375 0.5423280421875 0.8046875 0.552910053125 0.76953125 0.5634920640625001 0.7578125 0.5714285718750001 0.73046875 0.5740740734374999 0.6796875 0.5767195765625 0.6328125 0.5238095234375 0.6328125 0.4894179890625 0.6328125 0.48148148125 0.625 0.47089947031249996 0.6796875 0.46825396875 0.71875 0.4761904765625 0.7890625 0.48148148125 0.828125 0.4920634921875 0.85546875
3 0.1428571421875 0.47265625 0.14550264531249998 0.51953125 0.1507936515625 0.5703125 0.1613756609375 0.59765625 0.19312169375 0.60546875 0.20634920625 0.59765625 0.20370370312500002 0.55859375 0.21164021093750002 0.49609375 0.21164021093750002 0.4296875 0.21164021093750002 0.38671875 0.2195767203125 0.37109375 0.2142857140625 0.34765625 0.1984126984375 0.31640625 0.1851851859375 0.30078125 0.1666666671875 0.30078125 0.15873015937499999 0.3125 0.153439153125 0.3203125 0.14550264531249998 0.33984375 0.1375661375 0.37109375 0.140211640625 0.4296875 0.1428571421875 0.47265625
3 0.722222221875 0.8125 0.7380952375 0.84765625 0.7513227515625001 0.859375 0.7671957671875 0.84765625 0.775132275 0.82421875 0.777777778125 0.78125 0.775132275 0.7109375 0.7645502640624999 0.6484375 0.7513227515625001 0.609375 0.7354497359375001 0.58203125 0.7275132281250001 0.5703125 0.7142857140625 0.56640625 0.69312169375 0.5703125 0.6772486765625 0.57421875 0.66931216875 0.60546875 0.671957671875 0.65234375 0.6798941796875 0.71875 0.6957671953125 0.7578125 0.722222221875 0.8125
3 0.30687830625 0.51171875 0.3015873015625 0.5859375 0.30423280468749997 0.60546875 0.33068783125 0.62109375 0.35978835937500003 0.62890625 0.4126984125 0.62890625 0.44444444375 0.62890625 0.45502645468749997 0.6015625 0.46031746093750003 0.578125 0.45238095312500004 0.4765625 0.43386243437500005 0.4140625 0.4126984125 0.36328125 0.39417989375 0.33984375 0.37830687812499997 0.328125 0.3571428578125 0.33203125 0.3386243390625 0.34375 0.3201058203125 0.3828125 0.3121693125 0.4140625 0.30687830625 0.4453125 0.30687830625 0.51171875
3 0.2804232796875 0.796875 0.2830687828125 0.81640625 0.2883597890625 0.83203125 0.29365079375 0.8359375 0.3015873015625 0.8359375 0.325396825 0.80859375 0.346560846875 0.7578125 0.3624338625 0.734375 0.3730158734375 0.66796875 0.3730158734375 0.640625 0.365079365625 0.62890625 0.3333333328125 0.625 0.30687830625 0.60546875 0.296296296875 0.6015625 0.29365079375 0.61328125 0.27777777812500004 0.62109375 0.26455026406250004 0.625 0.26455026406250004 0.66015625 0.2698412703125 0.71875 0.275132275 0.7578125 0.2804232796875 0.796875
0 0.7460317453124999 0.8515625 0.7513227515625001 0.85546875 0.7619047625 0.85546875 0.7645502640624999 0.84765625 0.7698412703125 0.83984375 0.7671957671875 0.8359375 0.7566137562499999 0.83203125 0.7460317453124999 0.82421875 0.7433862437500001 0.8125 0.7380952375 0.82421875 0.7354497359375001 0.82421875 0.724867725 0.81640625 0.7301587296875 0.828125 0.7380952375 0.84375 0.7460317453124999 0.8515625
3 0.21164021093750002 0.41796875 0.21164021093750002 0.4765625 0.21164021093750002 0.49609375 0.20634920625 0.55078125 0.20634920625 0.56640625 0.20899470937500003 0.59765625 0.22486772500000002 0.609375 0.2486772484375 0.61328125 0.27248677187500003 0.62109375 0.2830687828125 0.6171875 0.29365079375 0.61328125 0.2989417984375 0.5703125 0.30687830625 0.5 0.30687830625 0.421875 0.3015873015625 0.3671875 0.29100529062499997 0.32421875 0.275132275 0.3125 0.259259259375 0.3125 0.240740740625 0.328125 0.2328042328125 0.3515625 0.227513228125 0.37890625 0.2142857140625 0.38671875 0.21164021093750002 0.41796875
3 0.1137566140625 0.76953125 0.124338625 0.765625 0.1428571421875 0.7421875 0.15873015937499999 0.71875 0.17989417968750002 0.703125 0.19312169375 0.65625 0.21164021093750002 0.61328125 0.20370370312500002 0.6015625 0.19312169375 0.609375 0.1613756609375 0.59375 0.15608465625 0.58203125 0.153439153125 0.58203125 0.124338625 0.625 0.1111111109375 0.69140625 0.1111111109375 0.7421875 0.1137566140625 0.76953125
0 0.88095238125 0.78515625 0.8862433859375001 0.79296875 0.9179894187500001 0.80078125 0.9365079359375 0.8046875 0.94973545 0.796875 0.9576719578124999 0.78515625 0.965608465625 0.7734375 0.965608465625 0.7578125 0.965608465625 0.75 0.9576719578124999 0.74609375 0.9444444437499999 0.7421875 0.9417989421874999 0.7265625 0.9444444437499999 0.70703125 0.9391534390625 0.69921875 0.9232804234374999 0.6875 0.9153439156250001 0.6875 0.9047619046875001 0.6953125 0.89417989375 0.70703125 0.8888888890625 0.72265625 0.88095238125 0.73046875 0.88095238125 0.77734375 0.88095238125 0.78515625
3 0.603174603125 0.828125 0.621693121875 0.85546875 0.6375661375 0.8515625 0.65608465625 0.81640625 0.671957671875 0.765625 0.6772486765625 0.734375 0.671957671875 0.65234375 0.66931216875 0.6171875 0.6613756609375 0.58984375 0.6481481484375 0.58203125 0.6322751328125 0.578125 0.6164021156249999 0.58203125 0.6111111109375 0.62890625 0.5925925921874999 0.63671875 0.5793650796875001 0.65625 0.5793650796875001 0.71484375 0.5820105812499999 0.7421875 0.5925925921874999 0.796875 0.603174603125 0.828125
3 0.1666666671875 0.8125 0.174603175 0.81640625 0.19312169375 0.8046875 0.2142857140625 0.7578125 0.24338624375 0.71484375 0.25661375625 0.71484375 0.259259259375 0.6875 0.259259259375 0.6640625 0.2619047625 0.6484375 0.26455026406250004 0.62109375 0.2354497359375 0.61328125 0.222222221875 0.61328125 0.2142857140625 0.60546875 0.19312169375 0.65625 0.1772486765625 0.7265625 0.16931216875 0.76171875 0.1666666671875 0.8125
0 0.5925925921874999 0.41796875 0.5952380953125 0.42578125 0.6005290999999999 0.42578125 0.6005290999999999 0.4140625 0.6005290999999999 0.40625 0.5978835984375 0.3984375 0.5925925921874999 0.3984375 0.5899470906250001 0.40234375 0.5899470906250001 0.4140625 0.5925925921874999 0.41796875
3 0.6269841265625 0.44140625 0.621693121875 0.44921875 0.624338625 0.48828125 0.6375661375 0.53515625 0.6613756609375 0.55859375 0.6878306875 0.56640625 0.703703703125 0.55859375 0.7195767203125001 0.53515625 0.7301587296875 0.5 0.7380952375 0.44921875 0.740740740625 0.41796875 0.740740740625 0.375 0.7380952375 0.34765625 0.7301587296875 0.328125 0.7142857140625 0.328125 0.7010582015625 0.3359375 0.6957671953125 0.34765625 0.6851851859375 0.37890625 0.6666666671875 0.41015625 0.6481481484375 0.43359375 0.6269841265625 0.44140625
3 0.45767195781250003 0.5078125 0.46031746093750003 0.57421875 0.46296296249999996 0.59375 0.47089947031249996 0.60546875 0.47883597812499995 0.61328125 0.4894179890625 0.62890625 0.51851851875 0.6328125 0.5608465609375 0.6328125 0.5820105812499999 0.63671875 0.6111111109375 0.62890625 0.6137566140625 0.6015625 0.6164021156249999 0.56640625 0.6164021156249999 0.515625 0.6164021156249999 0.4453125 0.603174603125 0.3828125 0.5873015875 0.36328125 0.5714285718750001 0.35546875 0.552910053125 0.35546875 0.5264550265625 0.359375 0.4947089953125 0.39453125 0.47883597812499995 0.421875 0.465608465625 0.4765625 0.45767195781250003 0.5078125
3 0.7698412703125 0.66796875 0.775132275 0.7109375 0.7804232796874999 0.734375 0.7989417984375 0.75 0.8227513234374999 0.7890625 0.8492063484375001 0.83203125 0.865079365625 0.84375 0.878306878125 0.83984375 0.878306878125 0.83203125 0.8730158734375 0.8046875 0.88095238125 0.765625 0.88095238125 0.72265625 0.875661375 0.69140625 0.865079365625 0.66015625 0.8518518515625001 0.62890625 0.84391534375 0.61328125 0.828042328125 0.59765625 0.8174603171875001 0.59375 0.8042328046874999 0.59765625 0.7857142859375 0.62109375 0.7804232796874999 0.6484375 0.7698412703125 0.6640625 0.7698412703125 0.66796875