0 0.44875 0.5436820390625 0.45199999999999996 0.5463067109375 0.4535 0.5485564296875001 0.45475000000000004 0.55155605625 0.45675 0.552680915625 0.46075 0.5523059625 0.462 0.551181103125 0.46224999999999994 0.5474315703125 0.4655 0.5444319453124999 0.46749999999999997 0.5425571796875001 0.46699999999999997 0.5403074609375 0.46525 0.5380577421875 0.46375 0.5384326953125 0.4615 0.5395575546875 0.45824999999999994 0.5403074609375 0.45575 0.5399325078125 0.45425000000000004 0.5395575546875 0.45175 0.5380577421875 0.4505 0.5373078359375 0.44775 0.5388076484375001 0.44749999999999995 0.5410573671875001 0.44875 0.5436820390625
1 0.53225 0.44881889687500004 0.5455 0.47131608593749996 0.56125 0.49268841406249997 0.571 0.5058117734375001 0.5822499999999999 0.5088113984375 0.5974999999999999 0.4735658046875 0.60675 0.422197225 0.6005 0.398575178125 0.58875 0.3847019125 0.5730000000000001 0.3697037875 0.55425 0.36295463125 0.5305 0.3787026625 0.518 0.389576303125 0.51925 0.4071991 0.522 0.41844769375 0.53225 0.44881889687500004
1 0.46425 0.5245594296875 0.457 0.5290588671875 0.4495 0.5305586796874999 0.4455 0.5234345703125001 0.4365 0.5275590546875 0.4345 0.5369328828125 0.44075 0.551931009375 0.44775 0.571803525 0.4495 0.5883014625 0.44575 0.60404949375 0.44625000000000004 0.6310461187499999 0.458 0.64154480625 0.465 0.6535433078125 0.47400000000000003 0.6666666671875 0.47450000000000003 0.6287963999999999 0.47175 0.608923884375 0.46925 0.5943007125 0.47024999999999995 0.56955380625 0.4715 0.55905511875 0.49074999999999996 0.5568054 0.5037499999999999 0.5474315703125 0.5155000000000001 0.5470566171875 0.5215 0.5380577421875 0.52925 0.5305586796874999 0.5455 0.5275590546875 0.562 0.5275590546875 0.5755 0.5301837265625 0.58425 0.5286839140625 0.5667500000000001 0.5009373828125 0.53675 0.46044244531249995 0.52225 0.43682039687499996 0.4875 0.4578177734375 0.47800000000000004 0.5125609296875 0.47450000000000003 0.5268091484374999 0.46425 0.5245594296875
0 0.58 0.5170603671875 0.5815 0.5200599921875 0.583 0.5196850390625001 0.5855 0.5163104609375 0.58525 0.5140607421875 0.58275 0.5103112109375 0.58025 0.5080614921875 0.57775 0.5103112109375 0.58 0.5170603671875
3 0.7875 0 0.76775 0.014998125000000001 0.7595 0.025871765624999998 0.75275 0.0506186734375 0.75475 0.0723659546875 0.7537499999999999 0.0963629546875 0.7635 0.10386201718750002 0.7785 0.1181102359375 0.78275 0.1218597671875 0.8007500000000001 0.156730409375 0.81975 0.22234720624999998 0.8385 0.23959505 0.8574999999999999 0.2410948625 0.875 0.23097112812499998 0.8915 0.218597675 0.907 0.181477315625 0.921 0.1496062984375 0.92925 0.1124859390625 0.9359999999999999 0.0806149234375 0.933 0.047619046875 0.92975 0.01724784375 0.9262499999999999 0.00037495312499999996 0.89225 0 0.7875 0
0 0.41600000000000004 0.6430446187500001 0.41675000000000006 0.64004499375 0.41675000000000006 0.637420321875 0.4125 0.63404574375 0.409 0.6310461187499999 0.40750000000000003 0.6302962125 0.40625 0.632170978125 0.40599999999999997 0.638920134375 0.40925 0.641919759375 0.413 0.6430446187500001 0.41600000000000004 0.6430446187500001
0 0.5335 0.7195350578124999 0.53575 0.7199100109375001 0.53575 0.7172853390625 0.5337500000000001 0.7139107609375 0.53275 0.7116610421875 0.53125 0.7109111359375 0.5309999999999999 0.7120359953125 0.53125 0.7139107609375 0.5305 0.7169103859375 0.53125 0.7180352453125 0.5325 0.7169103859375 0.5335 0.7195350578124999
0 0.504 0.6910386203125001 0.50575 0.6910386203125001 0.50725 0.6895388078125 0.50825 0.6876640421875 0.50875 0.6861642296875 0.5077499999999999 0.6850393703125001 0.50625 0.6861642296875 0.5042500000000001 0.6880389953125 0.50275 0.6887889015625 0.504 0.6910386203125001
3 0.646 0.167979003125 0.636 0.20284964374999997 0.6355000000000001 0.23547056562500002 0.63975 0.25871766093750004 0.6797500000000001 0.33108361406250003 0.693 0.354330709375 0.733 0.3832021 0.76375 0.393325834375 0.78325 0.38020247500000004 0.8025 0.35545556875 0.8252499999999999 0.30483689531249997 0.827 0.2538432703125 0.82075 0.22534683125 0.8125 0.1961004875 0.8005000000000001 0.15785526875 0.78325 0.1233595796875 0.7705 0.1109861265625 0.75575 0.0997375328125 0.7415 0.0952380953125 0.73125 0.0952380953125 0.7195 0.1008623921875 0.7122499999999999 0.10236220468749999 0.7045 0.0956130484375 0.6837500000000001 0.10498687656250001 0.6677500000000001 0.1196100484375 0.65 0.1451068609375 0.646 0.167979003125
3 0.22749999999999998 0.6974128234375 0.24700000000000003 0.7892763406250001 0.261 0.8383952000000001 0.27675 0.8920134984375 0.29900000000000004 0.9478815140625001 0.3145 0.9853768281249999 0.32175 0.9996250468750001 0.393 0.9996250468750001 0.409 0.973003375 0.42750000000000005 0.9520060000000001 0.43425 0.8912635921875 0.42975 0.832020996875 0.41825 0.790026246875 0.4095 0.77915260625 0.383 0.751031121875 0.3545 0.6857892765625 0.3395 0.6392950875000001 0.33625 0.62354705625 0.3275 0.61904761875 0.3005 0.59880015 0.261 0.6212973374999999 0.22475 0.64604424375 0.219 0.6617922765625 0.22749999999999998 0.6974128234375
3 0.5105000000000001 0.367829021875 0.5157499999999999 0.39632545937499997 0.523 0.431571053125 0.53275 0.45031871093750003 0.5519999999999999 0.47881514843749995 0.57325 0.5069366328125 0.58575 0.5125609296875 0.6075 0.5294338203125 0.6247499999999999 0.5444319453124999 0.6625 0.5388076484375001 0.68275 0.5076865390624999 0.69975 0.46044244531249995 0.705 0.415073115625 0.69475 0.36145481875 0.6785 0.33108361406250003 0.65475 0.2905886765625 0.6375 0.2572178484375 0.618 0.239220096875 0.5934999999999999 0.23547056562500002 0.568 0.24034495625000002 0.5519999999999999 0.2519685046875 0.54 0.2620922390625 0.52925 0.2782152234375 0.5225 0.3085864265625 0.51425 0.3382077234375 0.5105000000000001 0.367829021875
3 0.39125 0.42594675625 0.3805 0.45331833593750004 0.371 0.4728158984375 0.36025 0.4881889765625 0.34975 0.5148106484375 0.34049999999999997 0.5425571796875001 0.33325 0.577802775 0.33525 0.6141732281250001 0.3415 0.64004499375 0.357 0.6914135734375 0.3805 0.7450318703125001 0.39649999999999996 0.7675290593749999 0.41974999999999996 0.792275965625 0.45925000000000005 0.808023996875 0.48975 0.8031496062500001 0.51675 0.790026246875 0.5389999999999999 0.7589051375 0.54525 0.7386576671875 0.5742499999999999 0.7176602921875 0.5900000000000001 0.6944131984374999 0.6012500000000001 0.6602924640625 0.6054999999999999 0.62054743125 0.59925 0.568428946875 0.5905 0.5380577421875 0.5665 0.4990626171875 0.548 0.47506561718749996 0.52925 0.44694413125 0.523 0.42594675625 0.51375 0.39820022499999996 0.51275 0.38545181875 0.493 0.367079115625 0.47424999999999995 0.3637045375 0.45099999999999996 0.366329209375 0.4095 0.391826021875 0.39125 0.42594675625
3 0.93025 0 0.9269999999999999 0.00037495312499999996 0.9339999999999999 0.050993626562500005 0.93875 0.0896137984375 0.9475 0.1188601421875 0.958 0.1398575171875 0.974 0.15635545625 0.98525 0.166479190625 0.9977499999999999 0.17847769062500002 0.99975 0.17885264375 0.99975 0 0.93025 0