0 0.6950000000000001 0.3333333328125 0.6900000000000001 0.3333333328125 0.6900000000000001 0.3370786515625 0.6950000000000001 0.3370786515625 0.7150000000000001 0.3370786515625 0.725 0.3370786515625 0.74 0.3333333328125 0.745 0.325842696875 0.745 0.3146067421875 0.735 0.325842696875 0.72 0.329588015625 0.71 0.329588015625 0.6950000000000001 0.3333333328125
0 0.67 0.322097378125 0.6799999999999999 0.318352059375 0.6849999999999999 0.3146067421875 0.6799999999999999 0.3108614234375 0.675 0.3146067421875 0.67 0.318352059375 0.665 0.322097378125 0.67 0.322097378125
3 0.5 0.4868913859375 0.52 0.4868913859375 0.54 0.4831460671875 0.545 0.4719101125 0.545 0.4494382015625 0.53 0.445692884375 0.52 0.4494382015625 0.51 0.44194756562500004 0.485 0.44194756562500004 0.48 0.45692883906250004 0.465 0.4606741578125 0.45 0.46441947499999997 0.45 0.4719101125 0.45999999999999996 0.4831460671875 0.47000000000000003 0.4868913859375 0.485 0.4868913859375 0.5 0.4868913859375
3 0.5599999999999999 0.382022471875 0.5599999999999999 0.389513109375 0.5650000000000001 0.4007490640625 0.575 0.4007490640625 0.585 0.4007490640625 0.595 0.3932584265625 0.605 0.3932584265625 0.61 0.3932584265625 0.615 0.3970037453125 0.62 0.4007490640625 0.62 0.40823970000000004 0.63 0.40449438125 0.65 0.3970037453125 0.6599999999999999 0.3932584265625 0.67 0.389513109375 0.67 0.3670411984375 0.67 0.34831460625 0.6599999999999999 0.3333333328125 0.65 0.325842696875 0.635 0.322097378125 0.62 0.322097378125 0.61 0.325842696875 0.6 0.3333333328125 0.5900000000000001 0.3445692890625 0.58 0.3595505625 0.5700000000000001 0.3670411984375 0.5599999999999999 0.382022471875
3 0.655 0.325842696875 0.665 0.3408239703125 0.675 0.34831460625 0.6950000000000001 0.352059925 0.72 0.35580524375 0.745 0.352059925 0.755 0.3445692890625 0.765 0.329588015625 0.775 0.3108614234375 0.77 0.29588015 0.76 0.29213483125 0.74 0.2808988765625 0.72 0.2734082390625 0.705 0.269662921875 0.6900000000000001 0.265917603125 0.67 0.2771535578125 0.65 0.29213483125 0.645 0.3071161046875 0.645 0.3146067421875 0.655 0.325842696875
3 0.62 0.4157303375 0.62 0.4269662921875 0.62 0.43445692812500003 0.615 0.4494382015625 0.615 0.45692883906250004 0.625 0.46441947499999997 0.65 0.4606741578125 0.67 0.4494382015625 0.6900000000000001 0.438202246875 0.705 0.4269662921875 0.7 0.41198501875 0.6950000000000001 0.4007490640625 0.6900000000000001 0.3932584265625 0.67 0.3932584265625 0.6599999999999999 0.3932584265625 0.64 0.4007490640625 0.63 0.40823970000000004 0.625 0.40823970000000004 0.62 0.4157303375
3 0.2 0.382022471875 0.215 0.3932584265625 0.22000000000000003 0.4007490640625 0.22999999999999998 0.3970037453125 0.24 0.389513109375 0.255 0.389513109375 0.27 0.389513109375 0.27999999999999997 0.385767790625 0.28500000000000003 0.3707865171875 0.28500000000000003 0.352059925 0.275 0.3445692890625 0.265 0.3370786515625 0.24500000000000002 0.329588015625 0.23500000000000001 0.329588015625 0.22000000000000003 0.325842696875 0.205 0.329588015625 0.19 0.329588015625 0.185 0.3333333328125 0.18 0.34831460625 0.18 0.35580524375 0.185 0.3670411984375 0.2 0.382022471875
0 0.18 0.22846441875 0.185 0.23220973749999999 0.195 0.23595505625 0.195 0.23970037500000002 0.2 0.23970037500000002 0.205 0.23220973749999999 0.21000000000000002 0.23220973749999999 0.22999999999999998 0.23220973749999999 0.23500000000000001 0.22846441875 0.24500000000000002 0.22097378281250002 0.24 0.21722846406250002 0.22999999999999998 0.21722846406250002 0.22000000000000003 0.21722846406250002 0.21000000000000002 0.21348314531249998 0.205 0.20973782812500003 0.205 0.205992509375 0.205 0.202247190625 0.2 0.1947565546875 0.195 0.202247190625 0.195 0.20973782812500003 0.185 0.20973782812500003 0.2 0.21722846406250002 0.195 0.21722846406250002 0.195 0.2247191015625 0.19 0.22097378281250002 0.175 0.22097378281250002 0.175 0.2247191015625 0.18 0.22846441875
3 0.175 0.329588015625 0.18 0.3370786515625 0.19 0.329588015625 0.2 0.329588015625 0.215 0.325842696875 0.24 0.329588015625 0.255 0.3333333328125 0.27 0.3408239703125 0.275 0.3445692890625 0.27999999999999997 0.3333333328125 0.29 0.329588015625 0.3 0.322097378125 0.29500000000000004 0.3071161046875 0.29 0.29213483125 0.28500000000000003 0.28464419531249996 0.27 0.2734082390625 0.26 0.2734082390625 0.25 0.269662921875 0.23500000000000001 0.269662921875 0.22000000000000003 0.265917603125 0.205 0.269662921875 0.195 0.2734082390625 0.18 0.2883895125 0.175 0.3033707859375 0.175 0.3146067421875 0.175 0.329588015625
3 0.42000000000000004 0.4794007484375 0.43 0.4831460671875 0.445 0.4831460671875 0.45499999999999996 0.4831460671875 0.45 0.47565543125 0.445 0.46816479375000003 0.45 0.46441947499999997 0.45999999999999996 0.4606741578125 0.465 0.4606741578125 0.465 0.45692883906250004 0.45999999999999996 0.44194756562500004 0.45999999999999996 0.438202246875 0.45 0.43445692812500003 0.43 0.43445692812500003 0.41 0.43445692812500003 0.395 0.43445692812500003 0.385 0.43445692812500003 0.375 0.43445692812500003 0.365 0.44194756562500004 0.37 0.45318352031250003 0.375 0.46441947499999997 0.395 0.4794007484375 0.42000000000000004 0.4794007484375
0 0.745 0.22846441875 0.75 0.23220973749999999 0.76 0.23595505625 0.765 0.23970037500000002 0.77 0.23970037500000002 0.775 0.23595505625 0.775 0.22846441875 0.78 0.2247191015625 0.78 0.22097378281250002 0.775 0.21348314531249998 0.77 0.22097378281250002 0.76 0.22846441875 0.75 0.2247191015625 0.745 0.22846441875
3 0.61 0.45318352031250003 0.615 0.44194756562500004 0.625 0.4157303375 0.62 0.4007490640625 0.61 0.3932584265625 0.595 0.3932584265625 0.58 0.40823970000000004 0.5650000000000001 0.41947565468750003 0.5599999999999999 0.41947565468750003 0.55 0.41947565468750003 0.545 0.4157303375 0.5349999999999999 0.41947565468750003 0.5349999999999999 0.4269662921875 0.53 0.438202246875 0.5349999999999999 0.44194756562500004 0.5349999999999999 0.445692884375 0.545 0.4494382015625 0.55 0.45318352031250003 0.55 0.4606741578125 0.55 0.46816479375000003 0.5650000000000001 0.4719101125 0.585 0.46816479375000003 0.595 0.46441947499999997 0.61 0.45318352031250003
3 0.265 0.44194756562500004 0.28500000000000003 0.4494382015625 0.305 0.4494382015625 0.305 0.438202246875 0.3 0.41947565468750003 0.3 0.40823970000000004 0.29500000000000004 0.4007490640625 0.28500000000000003 0.3970037453125 0.27 0.389513109375 0.265 0.389513109375 0.24500000000000002 0.389513109375 0.24 0.389513109375 0.22999999999999998 0.40449438125 0.23500000000000001 0.4157303375 0.25 0.4269662921875 0.265 0.44194756562500004
3 0.135 0.22846441875 0.13999999999999999 0.23595505625 0.145 0.23970037500000002 0.145 0.24344569218749998 0.13999999999999999 0.25468164843749996 0.145 0.262172284375 0.15 0.269662921875 0.155 0.269662921875 0.16499999999999998 0.2771535578125 0.175 0.2808988765625 0.18 0.2771535578125 0.19 0.2734082390625 0.195 0.269662921875 0.205 0.265917603125 0.22999999999999998 0.265917603125 0.24500000000000002 0.269662921875 0.26 0.269662921875 0.27 0.269662921875 0.275 0.258426965625 0.27999999999999997 0.23970037500000002 0.275 0.22097378281250002 0.265 0.205992509375 0.255 0.1985018734375 0.24 0.1910112359375 0.22999999999999998 0.18726591718750002 0.22000000000000003 0.1910112359375 0.22000000000000003 0.18726591718750002 0.205 0.17977528125 0.195 0.17977528125 0.18 0.17977528125 0.16999999999999998 0.18352059999999998 0.16499999999999998 0.18352059999999998 0.15 0.1910112359375 0.145 0.202247190625 0.135 0.21722846406250002 0.135 0.22097378281250002 0.135 0.22846441875
3 0.315 0.45692883906250004 0.32999999999999996 0.46441947499999997 0.34500000000000003 0.46816479375000003 0.365 0.46816479375000003 0.37 0.46441947499999997 0.365 0.45692883906250004 0.365 0.445692884375 0.365 0.438202246875 0.375 0.43445692812500003 0.385 0.43445692812500003 0.395 0.43445692812500003 0.385 0.4269662921875 0.37 0.4232209734375 0.36 0.41947565468750003 0.35 0.4157303375 0.34500000000000003 0.41198501875 0.33999999999999997 0.40449438125 0.335 0.4007490640625 0.325 0.4007490640625 0.32 0.3970037453125 0.31 0.3970037453125 0.3 0.4007490640625 0.3 0.40823970000000004 0.3 0.4157303375 0.3 0.4269662921875 0.305 0.44194756562500004 0.315 0.45692883906250004
3 0.6900000000000001 0.262172284375 0.7 0.269662921875 0.725 0.2734082390625 0.74 0.2808988765625 0.765 0.29213483125 0.78 0.29588015 0.805 0.29588015 0.8150000000000001 0.2771535578125 0.8300000000000001 0.262172284375 0.835 0.23970037500000002 0.835 0.21348314531249998 0.8300000000000001 0.1985018734375 0.8099999999999999 0.18726591718750002 0.79 0.18352059999999998 0.76 0.18726591718750002 0.745 0.18726591718750002 0.73 0.1947565546875 0.71 0.20973782812500003 0.6950000000000001 0.23220973749999999 0.6849999999999999 0.2509363296875 0.6900000000000001 0.262172284375