3 0.39295977031249996 0.609375 0.393318965625 0.63335129375 0.40463362031249994 0.653017240625 0.42672413750000004 0.65382543125 0.4351652296875 0.648706896875 0.4432471265625 0.63227370625 0.45366379375 0.6185344828125 0.463182471875 0.61179956875 0.4651580453125 0.5692349140624999 0.4642600578125 0.5633081890625 0.46138649374999996 0.5546875 0.4581537359375 0.5498383625 0.45474137968750006 0.546605603125 0.4461206890625 0.5447198281250001 0.4400143671875 0.5425646546875 0.43408764375000003 0.54148706875 0.4100215515625 0.5557650859375001 0.40014367812499996 0.5695043109375 0.3965517234375 0.578394396875 0.39295977031249996 0.609375
3 0.6963002875 0.6581357765625 0.724856321875 0.6605603453125 0.7489224140624999 0.661368534375 0.772270115625 0.6670258625 0.767600575 0.637931034375 0.7562859203125 0.5977909484375 0.750718390625 0.581357759375 0.7415589078125 0.5660021546875 0.73293821875 0.562230603125 0.7196479890624999 0.5665409484375 0.7052801718749999 0.5821659484375 0.694145115625 0.5996767234375 0.6892959765625 0.6171875 0.686781609375 0.637931034375 0.6963002875 0.6581357765625
3 0.3094468390625 0.6573275859375001 0.309806034375 0.6619073281250001 0.3516522984375 0.660829740625 0.3701508625 0.6578663796875001 0.3807471265625 0.636045259375 0.389906609375 0.6285021546875 0.3838002875 0.5977909484375 0.376257184375 0.5770474140624999 0.36871407968750003 0.5692349140624999 0.3584770109375 0.5606142234375 0.3494971265625 0.5511853453125 0.345725575 0.5484913796875001 0.33979885 0.55226293125 0.32579022968750004 0.582704740625 0.31591235625 0.613954740625 0.31016522968750004 0.640894396875 0.3094468390625 0.6573275859375001
3 0.5614224140624999 0.64601293125 0.5687859203125 0.65625 0.5784841953125001 0.6575969828125 0.5915948281250001 0.6500538796875001 0.60398706875 0.6357758625 0.6138649421875 0.6179956890625 0.617456896875 0.596982759375 0.618354884375 0.588631465625 0.617456896875 0.5724676718749999 0.6163793109375 0.56303879375 0.6129669546875001 0.5554956890625 0.5982399421875 0.5538793109375 0.5547772984375 0.5498383625 0.548132184375 0.55522629375 0.5438218390625 0.562230603125 0.5416666671875 0.5816271546875 0.5438218390625 0.604795259375 0.5515445406249999 0.627693965625 0.5614224140624999 0.64601293125
3 0.6388290234375 0.5113146546875 0.640625 0.5269396546875 0.649604884375 0.5382543109375 0.6695402296874999 0.5554956890625 0.6858836203124999 0.56303879375 0.697557471875 0.5606142234375 0.7054597703125001 0.5538793109375 0.7142600578125 0.5431034484375 0.71875 0.5360991375 0.7210847703125001 0.5193965515625 0.7232399421875 0.5048491375 0.7232399421875 0.4921875 0.720007184375 0.4757543109375 0.716774425 0.463092671875 0.709231321875 0.449892240625 0.7006106328125 0.44234913750000004 0.6923491375 0.43911637968750006 0.6839080453124999 0.4412715515625 0.6752873562499999 0.4493534484375 0.660380746875 0.4676724140625 0.6483477015625 0.488954740625 0.640625 0.5037715515625 0.6388290234375 0.5113146546875
3 0.7300646546875 0.52882543125 0.7431752875 0.5565732765625 0.761494253125 0.59913793125 0.773168103125 0.621767240625 0.78268678125 0.621767240625 0.7965158046874999 0.606142240625 0.8125 0.554418103125 0.818606321875 0.5167025859375001 0.8193247124999999 0.48383620625 0.8090876437500001 0.457704740625 0.7922054593750001 0.45123922343749995 0.7857399421875 0.4520474140625 0.7728089078125 0.4598599140625 0.7591594828125 0.47710129375 0.7420977015625 0.497844828125 0.7307830453124999 0.510506465625 0.7300646546875 0.52882543125
3 0.523168103125 0.478717671875 0.524604884375 0.5220905171875 0.5289152296874999 0.5390625 0.5409482765625 0.546875 0.5799209765625 0.5525323281250001 0.60883620625 0.5533405171875 0.6285919546875001 0.544181034375 0.6355962640625 0.5274784484375 0.6381106328125 0.4878771546875 0.6329022984375 0.4574353453125 0.618354884375 0.42483836249999996 0.6023706890625 0.4140625 0.579382184375 0.411907328125 0.563757184375 0.41594827656250005 0.5470545984374999 0.427532328125 0.537895115625 0.445581896875 0.5283764375 0.46632543125000003 0.523168103125 0.478717671875
3 0.6390086203124999 0.640625 0.648168103125 0.6532866375 0.6625359203125 0.6522090515625 0.6747485625 0.6540948281250001 0.6851652296874999 0.6543642234375 0.6857040234375 0.6414331890625 0.6851652296874999 0.6136853453125 0.6839080453124999 0.601293103125 0.6781609203125 0.5765086203124999 0.6734913796875001 0.57273706875 0.6716954015625001 0.5689655171875 0.6524784484375 0.5546875 0.6372126437500001 0.55414870625 0.63326149375 0.5563038796875001 0.6293103453125 0.5603448281250001 0.6215876437500001 0.565193965625 0.6197916671875 0.5719288796875001 0.6185344828125 0.5746228453125 0.6192528734375 0.5880926718749999 0.6258979890624999 0.6155711203124999 0.6390086203124999 0.640625
3 0.3353089078125 0.5371767234375 0.350395115625 0.5390625 0.36673850625000004 0.5377155171875 0.38236350625000004 0.5293642234375 0.3983477015625 0.51508620625 0.3992456890625 0.49757543125000003 0.3965517234375 0.47036637968750006 0.3802083328125 0.43911637968750006 0.36673850625000004 0.41918103437500004 0.3543462640625 0.4140625 0.33836206875 0.419719828125 0.32183907968750003 0.445043103125 0.317169540625 0.4773706890625 0.3221982765625 0.515625 0.3353089078125 0.5371767234375
3 0.2483836203125 0.5695043109375 0.2579022984375 0.5915948281250001 0.2699353453125 0.594019396875 0.2803520109375 0.585668103125 0.2993893671875 0.55522629375 0.3153735625 0.5247844828125 0.3193247125 0.49703663750000004 0.31357758593749996 0.476293103125 0.2920258625 0.452855603125 0.27388649374999996 0.435344828125 0.25826149374999996 0.42699353437500004 0.2431752875 0.435344828125 0.23024425312500002 0.458782328125 0.2284482765625 0.4878771546875 0.24012212656249998 0.5242456890625 0.2483836203125 0.5695043109375
3 0.399604884375 0.50727370625 0.4026580453125 0.52101293125 0.4100215515625 0.5293642234375 0.42043821875000004 0.528017240625 0.43121407968750003 0.536368534375 0.44163074687500004 0.544181034375 0.4791666671875 0.5449892234375 0.49389367812499996 0.543642240625 0.5062859203125 0.533943965625 0.511494253125 0.5220905171875 0.512392240625 0.5021551718749999 0.5098778734375 0.47036637968750006 0.500718390625 0.44369612031249994 0.4908405171875 0.4229525859375 0.4791666671875 0.4127155171875 0.4635416671875 0.4054418109375 0.44845545937500003 0.4022090515625 0.42852011562500003 0.410829740625 0.41253592031249997 0.43265086249999996 0.40229885000000004 0.45608836249999996 0.40086206874999997 0.47359913750000004 0.399604884375 0.50727370625
3 0.474317528125 0.6341594828125 0.482399425 0.6527478453125 0.5037715515625 0.658943965625 0.5179597703125001 0.6546336203124999 0.523706896875 0.645204740625 0.529992815625 0.6293103453125 0.5382543109375 0.6206896546875 0.5420258625 0.5918642234375 0.5416666671875 0.57866379375 0.5418462640625 0.562230603125 0.539331896875 0.5563038796875001 0.5323275859375001 0.547144396875 0.501257184375 0.5447198281250001 0.4879669546875 0.5455280171875 0.4725215515625 0.547144396875 0.465517240625 0.5665409484375 0.46390086249999996 0.5859375 0.46461925312499996 0.612068965625 0.474317528125 0.6341594828125