3 0.24685138593749997 0.8644067796874999 0.27959697656250004 0.85762711875 0.2997481109375 0.8372881359375001 0.3224181359375 0.7898305078125001 0.33249370312500004 0.74237288125 0.340050378125 0.7084745765625 0.32745591875 0.7186440671875001 0.309823678125 0.7152542375000001 0.30478589375 0.7186440671875001 0.2921914359375 0.701694915625 0.28211586875 0.674576271875 0.2770780859375 0.65762711875 0.26700251875 0.6677966109375 0.2544080609375 0.6847457625 0.21158690156249998 0.698305084375 0.20403022656249997 0.701694915625 0.20403022656249997 0.7457627125 0.21410579375 0.8101694921875 0.2267002515625 0.8474576265625 0.24685138593749997 0.8644067796874999
1 0.5314861468750001 0.5186440671875 0.5516372796875 0.525423728125 0.5717884125 0.5322033890625 0.584382871875 0.5491525421875 0.5818639796875 0.54237288125 0.5743073046875 0.5220338984375 0.569269521875 0.5084745765625 0.561712846875 0.501694915625 0.554156171875 0.498305084375 0.5491183875 0.49491525468750003 0.5214105796874999 0.498305084375 0.5163727953125 0.498305084375 0.5188916875 0.5050847453125 0.5314861468750001 0.5186440671875
1 0.2342569265625 0.5186440671875 0.2342569265625 0.5355932203125 0.2342569265625 0.555932203125 0.23929471093750002 0.57288135625 0.24433249375 0.586440678125 0.24937027656250002 0.5932203390625 0.2544080609375 0.5966101687500001 0.25944584375 0.5932203390625 0.2644836265625 0.5898305078125 0.2644836265625 0.57288135625 0.2644836265625 0.5355932203125 0.26700251875 0.51186440625 0.26700251875 0.5050847453125 0.2544080609375 0.49491525468750003 0.24433249375 0.49491525468750003 0.23677581874999998 0.5050847453125 0.2342569265625 0.5186440671875
3 0.584382871875 0.844067796875 0.6020151140625 0.8135593218749999 0.6246851390625 0.7627118640624999 0.629722921875 0.728813559375 0.6322418140625 0.6779661015625 0.6272040296875 0.6847457625 0.6196473546875 0.698305084375 0.5969773296875001 0.6677966109375 0.5894206546875 0.644067796875 0.5919395468750001 0.5898305078125 0.576826196875 0.586440678125 0.5566750625 0.5762711859375 0.5365239296875 0.569491525 0.5188916875 0.57288135625 0.5012594453125 0.57288135625 0.4836272046875 0.5762711859375 0.4886649875 0.583050846875 0.4911838796875 0.6067796609375 0.4987405546875 0.7050847453125 0.4987405546875 0.7627118640624999 0.5037783375 0.786440678125 0.5138539046874999 0.8237288140624999 0.5390428218750001 0.8508474578125 0.5642317375 0.85762711875 0.584382871875 0.844067796875
3 0.7607052890625 0.8542372874999999 0.7833753156250001 0.8271186437500001 0.7884130984375 0.786440678125 0.8010075562500001 0.725423728125 0.8085642312499999 0.6915254234375 0.8085642312499999 0.6677966109375 0.7909319906250001 0.65762711875 0.7682619640625 0.6474576265625 0.7607052890625 0.6610169484374999 0.7506297234375 0.6813559328125 0.73299748125 0.6813559328125 0.690176321875 0.6915254234375 0.637279596875 0.671186440625 0.6347607046875 0.68813559375 0.6347607046875 0.7152542375000001 0.6624685140625 0.7762711859375 0.697732996875 0.8406779656250001 0.7279596984375 0.8610169484375 0.7607052890625 0.8542372874999999
3 0.8790931984375 0.844067796875 0.9093199000000001 0.8474576265625 0.942065490625 0.8508474578125 0.9722921921875001 0.8508474578125 0.9748110828125001 0.759322034375 0.9672544078125 0.68813559375 0.964735515625 0.6508474578125 0.957178840625 0.6338983046875 0.9395466000000001 0.640677965625 0.9219143578125 0.6508474578125 0.911838790625 0.65762711875 0.8236775812499999 0.671186440625 0.813602015625 0.6779661015625 0.8161209062499999 0.7118644062499999 0.836272040625 0.7694915250000001 0.8513853906250001 0.8169491531249999 0.8790931984375 0.844067796875
1 0.26700251875 0.6 0.2770780859375 0.616949153125 0.2846347609375 0.6 0.28715365312499996 0.5762711859375 0.28715365312499996 0.5593220343749999 0.2846347609375 0.5389830515625 0.27959697656250004 0.5186440671875 0.27204030156250003 0.51186440625 0.26952141093750004 0.5389830515625 0.26700251875 0.5627118640625 0.26700251875 0.586440678125 0.26700251875 0.6
1 0.7682619640625 0.46101694843749996 0.76322418125 0.47796610156249997 0.7581863984375 0.5050847453125 0.75566750625 0.528813559375 0.7607052890625 0.5525423734375 0.77078085625 0.57288135625 0.7808564234375 0.586440678125 0.79345088125 0.5796610171875 0.806045340625 0.5661016953125 0.8110831234375 0.5525423734375 0.8161209062499999 0.5355932203125 0.8161209062499999 0.5186440671875 0.8161209062499999 0.49152542343750005 0.8085642312499999 0.4677966109375 0.7959697734375 0.4542372875 0.7884130984375 0.4474576265625 0.7808564234375 0.4508474578125 0.7682619640625 0.46101694843749996
3 0.5188916875 0.4542372875 0.5138539046874999 0.48474576249999995 0.5138539046874999 0.501694915625 0.5289672546874999 0.5186440671875 0.5516372796875 0.525423728125 0.569269521875 0.5322033890625 0.5869017624999999 0.555932203125 0.5919395468750001 0.586440678125 0.5894206546875 0.640677965625 0.5969773296875001 0.6677966109375 0.6196473546875 0.698305084375 0.6272040296875 0.6813559328125 0.637279596875 0.671186440625 0.659949621875 0.6779661015625 0.690176321875 0.68813559375 0.7304785890625001 0.6813559328125 0.74811083125 0.6779661015625 0.7657430734374999 0.640677965625 0.7682619640625 0.6101694921874999 0.7607052890625 0.5762711859375 0.7531486140625 0.528813559375 0.7581863984375 0.4677966109375 0.7531486140625 0.44067796562500006 0.74055415625 0.39661016875 0.7229219140625001 0.3661016953125 0.697732996875 0.3457627125 0.6775818640625 0.3322033890625 0.6473551640624999 0.328813559375 0.6171284640625 0.34237288125 0.5818639796875 0.36949152500000004 0.5566750625 0.40677966093749995 0.5264483625 0.44067796562500006 0.5188916875 0.4542372875
1 0.4634760703125 0.525423728125 0.4861460953125 0.528813559375 0.4937027703125 0.525423728125 0.5012594453125 0.51186440625 0.5138539046874999 0.501694915625 0.5088161203125 0.4677966109375 0.47607052968749997 0.48813559375000004 0.4710327453125 0.501694915625 0.4634760703125 0.5152542375 0.4634760703125 0.525423728125
3 0.050377834375 0.5355932203125 0.052896725 0.5966101687500001 0.065491184375 0.6338983046875 0.08564231718750001 0.6644067796875001 0.110831234375 0.6813559328125 0.1460957171875 0.6949152546875 0.21158690156249998 0.698305084375 0.25188916875 0.6847457625 0.26700251875 0.6677966109375 0.2770780859375 0.6542372875 0.26952141093750004 0.6135593218750001 0.2644836265625 0.5796610171875 0.2644836265625 0.5322033890625 0.26952141093750004 0.501694915625 0.24685138593749997 0.4542372875 0.209068009375 0.3796610171875 0.17632241875000002 0.3355932203125 0.156171284375 0.3186440671875 0.1360201515625 0.31186440625 0.10831234218750001 0.3152542375 0.1007556671875 0.3322033890625 0.09571788437499999 0.3491525421875 0.08816120937500001 0.3796610171875 0.07556675 0.4237288140625 0.057934509375 0.47796610156249997 0.050377834375 0.5355932203125
3 0.12846347656249998 0.871186440625 0.1536523921875 0.85762711875 0.1738035265625 0.8203389828125 0.186397984375 0.7661016953125 0.1889168765625 0.6949152546875 0.1460957171875 0.6949152546875 0.11335012656250001 0.6847457625 0.0906801 0.6677966109375 0.073047859375 0.6474576265625 0.0705289671875 0.6644067796875001 0.057934509375 0.674576271875 0.040302267187500004 0.674576271875 0.027707807812500002 0.671186440625 0.027707807812500002 0.6847457625 0.040302267187500004 0.7762711859375 0.073047859375 0.85762711875 0.103274559375 0.8745762718750001 0.12846347656249998 0.871186440625
3 0.4130982375 0.8542372874999999 0.44080604531249995 0.8542372874999999 0.4710327453125 0.8474576265625 0.4886649875 0.8203389828125 0.4987405546875 0.7627118640624999 0.4987405546875 0.7050847453125 0.4937027703125 0.6508474578125 0.4911838796875 0.6067796609375 0.4836272046875 0.5796610171875 0.47607052968749997 0.5762711859375 0.468513853125 0.57288135625 0.45843828750000004 0.5762711859375 0.45088161250000003 0.640677965625 0.43324937031250005 0.6949152546875 0.4105793453125 0.6949152546875 0.377833753125 0.7118644062499999 0.3652392953125 0.7050847453125 0.3450881609375 0.7118644062499999 0.362720403125 0.7525423734375 0.377833753125 0.80338983125 0.392947103125 0.8372881359375001 0.4130982375 0.8542372874999999
3 0.26700251875 0.5186440671875 0.26700251875 0.5355932203125 0.26700251875 0.5525423734375 0.2644836265625 0.57288135625 0.26700251875 0.6 0.27455919375 0.640677965625 0.27959697656250004 0.671186440625 0.2921914359375 0.701694915625 0.302267003125 0.7186440671875001 0.309823678125 0.7152542375000001 0.324937028125 0.7186440671875001 0.3375314859375 0.7084745765625 0.3652392953125 0.7050847453125 0.377833753125 0.7084745765625 0.39546599531250004 0.701694915625 0.4105793453125 0.6949152546875 0.4357682625 0.6915254234375 0.4433249375 0.6677966109375 0.45088161250000003 0.640677965625 0.4559193953125 0.583050846875 0.460957178125 0.5491525421875 0.4634760703125 0.528813559375 0.47355163749999996 0.528813559375 0.4937027703125 0.528813559375 0.5037783375 0.51186440625 0.5138539046874999 0.501694915625 0.5113350125 0.47118644062500004 0.5012594453125 0.4474576265625 0.47607052968749997 0.40677966093749995 0.445843828125 0.3796610171875 0.4181360203125 0.3627118640625 0.39798488593750003 0.359322034375 0.370277078125 0.35593220312499996 0.32745591875 0.359322034375 0.3073047859375 0.3661016953125 0.2997481109375 0.3762711859375 0.2846347609375 0.42033898281250004 0.2770780859375 0.46101694843749996 0.27455919375 0.49152542343750005 0.26700251875 0.5186440671875
3 0.76322418125 0.43728813593750004 0.7581863984375 0.45762711874999995 0.7531486140625 0.5355932203125 0.76322418125 0.586440678125 0.7682619640625 0.6203389828125 0.7682619640625 0.640677965625 0.79345088125 0.65762711875 0.8236775812499999 0.671186440625 0.8589420656250001 0.6677966109375 0.911838790625 0.65762711875 0.9244332500000001 0.6474576265625 0.9546599499999999 0.6338983046875 0.9697733 0.6067796609375 0.98488665 0.569491525 0.9823677578125001 0.498305084375 0.977329975 0.4474576265625 0.9546599499999999 0.3932203390625 0.942065490625 0.37288135625 0.9244332500000001 0.3084745765625 0.911838790625 0.2779661015625 0.8866498734375 0.2610169484375 0.8589420656250001 0.25762711875 0.836272040625 0.271186440625 0.8110831234375 0.325423728125 0.798488665625 0.3627118640625 0.7758186390625 0.41355932187500005 0.76322418125 0.43728813593750004