0 0.5878672468749999 0.2661224484375 0.5914037000000001 0.2657142859375 0.593035909375 0.2661224484375 0.5938520125 0.265306121875 0.5938520125 0.2624489796875 0.5927638734375 0.2604081625 0.59194776875 0.257959184375 0.591675734375 0.25673469375 0.5903155609375 0.25387755156249997 0.587323178125 0.2559183671875 0.585963003125 0.26 0.5870511421875 0.264897959375 0.5878672468749999 0.2661224484375
0 0.5353645265625 0.262040815625 0.5372687703125 0.2612244890625 0.5364526656249999 0.2587755109375 0.5345484218750001 0.2571428578125 0.5334602828125 0.25918367343750004 0.5329162125 0.261632653125 0.5337323171875 0.2624489796875 0.5353645265625 0.262040815625
3 0.5214907515625 0.505306121875 0.528291621875 0.5155102046875 0.5350924921875 0.5167346937499999 0.5429815015624999 0.51020408125 0.5557671375 0.4877551015625 0.559575625 0.4804081625 0.559575625 0.4604081625 0.5579434171875 0.4522448984375 0.5546789984375 0.44612244843750004 0.5505984765624999 0.4408163265625 0.5446137109375 0.43836734687499995 0.528835690625 0.4387755109375 0.5127856359375 0.44000000000000006 0.5114254625 0.4440816328125 0.509249184375 0.45102040781249997 0.5108813921875 0.47510204062500005 0.51332970625 0.49591836718750004 0.5214907515625 0.505306121875
3 0.60473340625 0.4404081625 0.6028291625 0.44816326562500003 0.6066376499999999 0.45632653124999994 0.6101741015625 0.47306122500000003 0.6215995640624999 0.48979591874999995 0.629488575 0.49673469375 0.63900979375 0.502040815625 0.6477149078125 0.49877551093749994 0.6536996734375 0.49020408125000003 0.648803046875 0.468163265625 0.6428182812500001 0.44448979531250005 0.639281828125 0.4342857140625 0.6343852015625 0.42000000000000004 0.6311207828125001 0.4134693875 0.6259521218749999 0.4089795921875 0.620511425 0.4126530609375 0.6172470078125001 0.4171428578125 0.60854189375 0.4306122453125 0.60473340625 0.4404081625
0 0.4360718171875 0.29428571406250004 0.43743199062500004 0.291836734375 0.4396082703125 0.29020408125 0.4401523390625 0.288571428125 0.4377040265625 0.2873469390625 0.4360718171875 0.284897959375 0.4341675734375 0.288163265625 0.4344396078125 0.291428571875 0.43498367812499994 0.2938775515625 0.4360718171875 0.29428571406250004
3 0.45647442812500005 0.301632653125 0.464091403125 0.3004081625 0.4738846578125 0.2995918375 0.48313384062500003 0.29632653124999997 0.4948313390625 0.2938775515625 0.492655059375 0.2824489796875 0.48394994531249996 0.26367346875000003 0.47225244843749997 0.2542857140625 0.45783460312499996 0.2542857140625 0.444504896875 0.261632653125 0.4344396078125 0.277959184375 0.433079434375 0.29469387812500003 0.43688792187500003 0.3004081625 0.44559303593750005 0.297959184375 0.452121871875 0.30204081562499996 0.45647442812500005 0.301632653125
0 0.4567464640625 0.28326530625 0.45593035937500004 0.28448979531249996 0.4548422203125 0.288163265625 0.4551142546875 0.29020408125 0.4572905328125 0.29020408125 0.459738846875 0.2906122453125 0.46109902031249994 0.2906122453125 0.4632753 0.286938775 0.46436343906250005 0.28571428593750003 0.4665397171875 0.2840816328125 0.4670837875 0.2828571421875 0.46490750781249995 0.2808163265625 0.46381936875 0.27999999999999997 0.462187159375 0.278367346875 0.46109902031249994 0.2804081625 0.4591947765625 0.2808163265625 0.45783460312499996 0.27999999999999997 0.4567464640625 0.28326530625
3 0.360718171875 0.505306121875 0.36289445 0.5106122453124999 0.3713275296875 0.5122448984375 0.39254624531250004 0.511836734375 0.4034276390625 0.5073469390625001 0.406964090625 0.5 0.40914037031249995 0.4857142859375 0.41158868281250005 0.4771428578125 0.408324265625 0.4755102046875 0.4039717078125 0.4665306125 0.3993471171875 0.45673469375 0.3963547328125 0.4542857140625 0.389281828125 0.446938775 0.385745375 0.4440816328125 0.379488575 0.44285714218749994 0.3754080515625 0.44816326562500003 0.37214363437500003 0.4591836734375 0.3691512515625 0.4722448984375 0.364254625 0.4877551015625 0.360718171875 0.505306121875
3 0.34956474375 0.36 0.3522850921875 0.3571428578125 0.355277475 0.34979591875 0.35854189375 0.34326530625 0.36398258906250003 0.3342857140625 0.3675190421875 0.325306121875 0.370511425 0.30979591875 0.3718716 0.30326530625000003 0.3599020671875 0.2926530609375 0.349020675 0.2893877546875 0.33868335156249996 0.31183673437500004 0.32725788906250003 0.3334693875 0.32725788906250003 0.3404081625 0.3326985859375 0.3444897953125 0.337867246875 0.35591836718750003 0.343579978125 0.3604081625 0.34956474375 0.36
3 0.477421109375 0.521632653125 0.49455930312499996 0.5208163265625 0.5038084875 0.50979591875 0.509793253125 0.4938775515625 0.5108813921875 0.47673469375 0.5089771484375001 0.45632653124999994 0.507344940625 0.448571428125 0.5038084875 0.44612244843750004 0.49755168593750004 0.44448979531250005 0.48340587656249995 0.44612244843750004 0.47170837812500005 0.448571428125 0.46490750781249995 0.4538775515625 0.4594668125 0.46326530625 0.4586507078125 0.481632653125 0.4665397171875 0.508571428125 0.477421109375 0.521632653125
3 0.41104461406250004 0.4791836734375 0.40859629999999997 0.4910204078125 0.40778019531250004 0.498367346875 0.412676821875 0.505306121875 0.4189336234375 0.5130612250000001 0.43199129531249997 0.514693878125 0.44559303593750005 0.5138775515625 0.4504896625 0.5061224484375 0.45647442812500005 0.494693878125 0.45810663749999997 0.4857142859375 0.4591947765625 0.46693877500000003 0.46001088125 0.46285714218749996 0.4591947765625 0.4612244890625 0.4548422203125 0.4542857140625 0.450217628125 0.44897959218750005 0.446681175 0.44816326562500003 0.44232861874999996 0.4493877546875 0.43933623437499997 0.4477551015625 0.4357997828125 0.4477551015625 0.425190425 0.45469387812499995 0.4192056578125 0.4612244890625 0.4137649625 0.47183673437499996 0.41104461406250004 0.4791836734375
3 0.5565832421875 0.44897959218750005 0.558759521875 0.453061225 0.559303590625 0.4604081625 0.5603917296875001 0.4804081625 0.5699129484375 0.4865306125 0.582154515625 0.504897959375 0.591675734375 0.5057142859375 0.6063656140625 0.48326530625 0.608813928125 0.47020408125 0.6063656140625 0.45469387812499995 0.5965723609375 0.4387755109375 0.5886833515625 0.431428571875 0.5775299234375 0.42775510156249996 0.5726332968750001 0.42775510156249996 0.5696409140625 0.42979591875 0.56284004375 0.4306122453125 0.559575625 0.43673469374999996 0.5579434171875 0.4404081625 0.5565832421875 0.44612244843750004 0.5565832421875 0.44897959218750005
3 0.526387378125 0.2926530609375 0.5304679 0.291428571875 0.5391730140625 0.2893877546875 0.541621328125 0.286938775 0.5530467906250001 0.28530612187500004 0.559303590625 0.28326530625 0.5712731234375 0.2828571421875 0.5712731234375 0.2755102046875 0.566376496875 0.2628571421875 0.556855278125 0.2489795921875 0.5451577796875 0.24 0.5299238296875 0.24448979531249998 0.5184983671875 0.2522448984375 0.5100652890624999 0.2665306125 0.5062568015625 0.2861224484375 0.5048966265625 0.2938775515625 0.5122415671875 0.2906122453125 0.5160500546875 0.29346938749999996 0.521218715625 0.291428571875 0.526387378125 0.2926530609375