3 0.0567375890625 0.655038759375 0.10874704531249998 0.658914728125 0.14657210468749998 0.6627906984374999 0.16075650156250001 0.6666666671875 0.1631205671875 0.6317829453125 0.1725768328125 0.5658914734375 0.15602836874999998 0.5426356593749999 0.1513002359375 0.5193798453125 0.1394799046875 0.4806201546875 0.1229314421875 0.45348837187499996 0.1111111109375 0.43798449687499996 0.0992907796875 0.43798449687499996 0.0827423171875 0.449612403125 0.06855792031249999 0.4806201546875 0.059101654687500005 0.51162790625 0.0425531921875 0.5697674421875 0.0425531921875 0.643410853125 0.0567375890625 0.655038759375
0 0.7234042546875 0.51162790625 0.7281323875 0.51162790625 0.7281323875 0.50387596875 0.7234042546875 0.50387596875 0.7186761234375 0.50387596875 0.7186761234375 0.5077519374999999 0.7186761234375 0.51162790625 0.7234042546875 0.51162790625
3 0.7494089828125 0.6279069765624999 0.7446808515625001 0.6666666671875 0.737588653125 0.69379845 0.73995271875 0.7170542640625001 0.7683215125 0.7170542640625001 0.7872340421875 0.755813953125 0.8132387703124999 0.7868217046875 0.8486997640625 0.8023255812500001 0.869976359375 0.8062015499999999 0.8770685578125 0.8023255812500001 0.881796690625 0.7713178296875001 0.893617021875 0.7170542640625001 0.898345153125 0.643410853125 0.898345153125 0.5891472875 0.8912529546875 0.5658914734375 0.8747044921875 0.546511628125 0.8652482265625 0.5348837203125 0.8226950359374999 0.5 0.8132387703124999 0.49612403125000004 0.7872340421875 0.49612403125000004 0.7825059109375 0.48837209374999996 0.78014184375 0.4844961234375 0.7683215125 0.48837209374999996 0.76359338125 0.50387596875 0.7612293140624999 0.5426356593749999 0.7565011828125 0.562015503125 0.7517730499999999 0.60852713125 0.7494089828125 0.6279069765624999
3 0.5508274234375 0.651162790625 0.586288415625 0.6627906984374999 0.6146572109374999 0.6744186046875 0.661938534375 0.70542635625 0.711583925 0.7364341078125001 0.7186761234375 0.7286821703124999 0.7257683218750001 0.7015503875 0.737588653125 0.6860465109375 0.7446808515625001 0.6627906984374999 0.7494089828125 0.6162790703125001 0.7541371156250001 0.562015503125 0.7612293140624999 0.5426356593749999 0.76359338125 0.49612403125000004 0.7588652484375 0.48837209374999996 0.737588653125 0.45348837187499996 0.704491725 0.4341085265625 0.6926713953125 0.4263565890625 0.65957446875 0.41472868281249997 0.6430260046875 0.41472868281249997 0.626477540625 0.4263565890625 0.5910165484375 0.42248062031250005 0.5768321515625 0.42248062031250005 0.5555555562500001 0.42248062031250005 0.5508274234375 0.4341085265625 0.543735225 0.5348837203125 0.5366430265625 0.6201550390625 0.5508274234375 0.651162790625
3 0.3286052015625 0.6705426359375 0.3806146578125 0.643410853125 0.45862884218750005 0.643410853125 0.4964539 0.643410853125 0.529550828125 0.643410853125 0.53191489375 0.5891472875 0.53191489375 0.550387596875 0.534278959375 0.5271317828125001 0.5366430265625 0.45736434062500003 0.5248226953125 0.40310077499999997 0.5035461 0.39147286875 0.4988179671875 0.40310077499999997 0.4846335703125 0.40310077499999997 0.4491725765625 0.3953488375 0.41843971562500004 0.3875969 0.3971631203125 0.3953488375 0.36406619375 0.3875969 0.338061465625 0.3953488375 0.326241134375 0.39147286875 0.309692671875 0.4186046515625 0.3073286046875 0.4767441859375 0.3049645390625 0.546511628125 0.314420803125 0.6162790703125001 0.3286052015625 0.6705426359375
3 0.9030732859375 0.596899225 0.9007092203125 0.6744186046875 0.898345153125 0.7325581390625 0.9172576828125001 0.7829457359374999 0.9361702125000001 0.841085271875 0.98817966875 0.860465115625 0.997635934375 0.8643410859375 0.997635934375 0.748062015625 0.9952718671874999 0.6317829453125 0.9834515359375 0.5775193796875 0.973995271875 0.562015503125 0.962174940625 0.5348837203125 0.9479905437499999 0.5271317828125001 0.9361702125000001 0.5271317828125001 0.9196217499999999 0.554263565625 0.9054373515625 0.5891472875 0.9030732859375 0.596899225
3 0.9030732859375 0.45348837187499996 0.8959810875 0.4767441859375 0.9007092203125 0.4922480625 0.9148936171875001 0.5232558140625 0.921985815625 0.550387596875 0.9361702125000001 0.5271317828125001 0.9503546093749999 0.5271317828125001 0.962174940625 0.5348837203125 0.9763593374999999 0.5658914734375 0.9858156031249999 0.5813953484375001 0.997635934375 0.558139534375 0.997635934375 0.3372093015625 0.9952718671874999 0.3139534890625 0.962174940625 0.34108527187500004 0.921985815625 0.3720930234375 0.9196217499999999 0.39922480625 0.9030732859375 0.45348837187499996
0 0.8297872343750001 0.7209302328125 0.8368794328125 0.7015503875 0.84397163125 0.6821705421875001 0.84397163125 0.6744186046875 0.8416075656249999 0.6705426359375 0.8368794328125 0.6705426359375 0.8345153671875 0.68992248125 0.8297872343750001 0.709302325 0.8297872343750001 0.7170542640625001 0.8297872343750001 0.7209302328125
0 0.8345153671875 0.6046511625 0.8321512999999999 0.5813953484375001 0.8321512999999999 0.5697674421875 0.8297872343750001 0.5658914734375 0.8250591015625 0.562015503125 0.8250591015625 0.5775193796875 0.8274231671875001 0.596899225 0.8321512999999999 0.6124031 0.8345153671875 0.6046511625
3 0.5200945625 0.2364341078125 0.5153664296875 0.30620155 0.517730496875 0.3294573640625 0.5130023640625 0.352713178125 0.5082742312499999 0.3759689921875 0.5106382984375 0.3953488375 0.5248226953125 0.39922480625 0.5555555562500001 0.4186046515625 0.58392435 0.42248062031250005 0.6241134749999999 0.4263565890625 0.6430260046875 0.41472868281249997 0.65248226875 0.3798449609375 0.6572104015625 0.3178294578125 0.65957446875 0.240310078125 0.6453900703125 0.19379845 0.626477540625 0.1279069765625 0.609929078125 0.096899225 0.6028368796875 0.0891472875 0.5768321515625 0.0891472875 0.5626477546875 0.0891472875 0.54846335625 0.12403100781250001 0.53191489375 0.155038759375 0.517730496875 0.1821705421875 0.5200945625 0.2364341078125
3 0.7966903078125 0.356589146875 0.791962175 0.39922480625 0.8085106390625001 0.445736434375 0.8203309687499999 0.49612403125000004 0.8297872343750001 0.5 0.8652482265625 0.5348837203125 0.88416075625 0.4922480625 0.9054373515625 0.445736434375 0.9196217499999999 0.39922480625 0.921985815625 0.3643410859375 0.9290780140624999 0.344961240625 0.9385342796874999 0.2868217046875 0.9432624109375001 0.251937984375 0.9479905437499999 0.2170542640625 0.9338061468750001 0.19767441875 0.9172576828125001 0.1860465109375 0.881796690625 0.2170542640625 0.8345153671875 0.24418604687499998 0.8132387703124999 0.27131782968749996 0.7966903078125 0.356589146875
3 0.37588652499999997 0.2751937984375 0.3687943265625 0.31007751875 0.366430259375 0.3643410859375 0.366430259375 0.3837209296875 0.3995271875 0.39147286875 0.41843971562500004 0.3837209296875 0.45390070937500004 0.3953488375 0.47281323906250006 0.39922480625 0.49172576875 0.40310077499999997 0.4988179671875 0.40310077499999997 0.5130023640625 0.360465115625 0.517730496875 0.3333333328125 0.5153664296875 0.30232558125 0.517730496875 0.2248062015625 0.5153664296875 0.1821705421875 0.5035461 0.147286821875 0.49172576875 0.10852713124999999 0.4869976359375 0.09302325624999999 0.46335697343750004 0.0813953484375 0.4491725765625 0.0775193796875 0.42789598125 0.0775193796875 0.41134751718749996 0.096899225 0.3947990546875 0.1627906984375 0.38534278906249997 0.19767441875 0.378250590625 0.240310078125 0.37588652499999997 0.2751937984375
3 0.170212765625 0.6705426359375 0.1914893609375 0.6666666671875 0.222222221875 0.655038759375 0.269503546875 0.655038759375 0.295508275 0.658914728125 0.30023640625 0.6201550390625 0.30260047343749996 0.5813953484375001 0.3049645390625 0.538759690625 0.3049645390625 0.445736434375 0.297872340625 0.4341085265625 0.2718676125 0.40697674375000004 0.24349881718750002 0.40697674375000004 0.2293144203125 0.4186046515625 0.19621749375 0.45348837187499996 0.1867612296875 0.4922480625 0.17730496406250001 0.546511628125 0.170212765625 0.60852713125 0.16784870000000002 0.658914728125 0.170212765625 0.6705426359375
3 0.22458628906250003 0.31007751875 0.222222221875 0.34883720937499996 0.222222221875 0.3682170546875 0.23640661875000002 0.39147286875 0.24349881718750002 0.39922480625 0.269503546875 0.40310077499999997 0.28368794375 0.4186046515625 0.30023640625 0.4341085265625 0.3073286046875 0.4341085265625 0.31205673749999996 0.4186046515625 0.326241134375 0.39147286875 0.338061465625 0.39922480625 0.3522458625 0.3875969 0.366430259375 0.3837209296875 0.366430259375 0.3643410859375 0.3687943265625 0.3139534890625 0.37588652499999997 0.2790697671875 0.37588652499999997 0.20930232499999998 0.373522459375 0.1782945734375 0.3522458625 0.1317829453125 0.338061465625 0.10465116249999999 0.3191489359375 0.10077519374999999 0.295508275 0.1162790703125 0.2647754140625 0.17054263593750002 0.24349881718750002 0.21317829531250002 0.23404255312500002 0.2674418609375 0.22458628906250003 0.31007751875
3 0.14657210468749998 0.4186046515625 0.16075650156250001 0.46124030937500005 0.17730496406250001 0.5 0.1843971625 0.49612403125000004 0.1891252953125 0.4767441859375 0.19621749375 0.449612403125 0.21749408906249998 0.4263565890625 0.23404255312500002 0.41472868281249997 0.2387706859375 0.39922480625 0.22458628906250003 0.3682170546875 0.22458628906250003 0.3255813953125 0.23167848750000003 0.2790697671875 0.22695035468750002 0.24418604687499998 0.1891252953125 0.155038759375 0.170212765625 0.1201550390625 0.1513002359375 0.09302325624999999 0.1347517734375 0.0891472875 0.1252955078125 0.10077519374999999 0.12056737656250001 0.1279069765625 0.1229314421875 0.18992248125 0.1252955078125 0.27131782968749996 0.1347517734375 0.356589146875 0.14657210468749998 0.4186046515625
3 0.0354609921875 0.44186046562500003 0.040189125 0.47286821718749994 0.049645390625 0.49612403125000004 0.059101654687500005 0.5077519374999999 0.06619385312500001 0.4844961234375 0.08037825 0.45348837187499996 0.09219858125 0.43798449687499996 0.10874704531249998 0.4341085265625 0.130023640625 0.46124030937500005 0.141843971875 0.48837209374999996 0.1489361703125 0.4767441859375 0.15366430312499998 0.445736434375 0.1489361703125 0.4263565890625 0.141843971875 0.40310077499999997 0.1371158390625 0.3720930234375 0.13238770625000001 0.3372093015625 0.127659575 0.3139534890625 0.0992907796875 0.2829457359375 0.0709219859375 0.24418604687499998 0.054373521875 0.20930232499999998 0.0425531921875 0.19767441875 0.033096926562500004 0.20930232499999998 0.0236406625 0.2364341078125 0.0236406625 0.31007751875 0.02836879375 0.39147286875 0.0354609921875 0.44186046562500003
3 0.65957446875 0.3720930234375 0.6572104015625 0.4108527125 0.6926713953125 0.4263565890625 0.737588653125 0.45348837187499996 0.7612293140624999 0.48837209374999996 0.7730496453125 0.4651162796875 0.7872340421875 0.4186046515625 0.794326240625 0.34883720937499996 0.7872340421875 0.24418604687499998 0.7754137109375 0.1821705421875 0.7683215125 0.15891472812500002 0.7494089828125 0.151162790625 0.7257683218750001 0.147286821875 0.6973995265624999 0.1860465109375 0.6690307328125 0.24806201562500002 0.661938534375 0.2829457359375 0.65957446875 0.3720930234375