3 0.21875 0 0.21686747031250003 0.0005696375 0.20933735000000003 0.0062660203125 0.1976656625 0.011962403125 0.1905120484375 0.0222158921875 0.18637048125 0.028481914062500002 0.172439759375 0.0404443171875 0.15587349374999998 0.0586727421875 0.14344879531250002 0.0694958703125 0.1370481921875 0.07917972031250001 0.13328313281249998 0.0897180296875 0.129141565625 0.0988322421875 0.1265060234375 0.10994018750000001 0.12612951875 0.11791512343749999 0.12725903593750001 0.13215608125 0.129141565625 0.14127029375 0.1325301203125 0.15095414375 0.140060240625 0.16434064375 0.1442018078125 0.17317003749999998 0.149849396875 0.185417259375 0.1543674703125 0.19709484531250002 0.15737951875 0.21503845 0.161897590625 0.22586157812500002 0.1739457828125 0.2386784390625 0.18072289218749998 0.2429507265625 0.1995481921875 0.2617487890625 0.20745481875 0.2654514390625 0.22816264999999997 0.272002278125 0.245105421875 0.276559384375 0.26167168749999997 0.2782683 0.2846385546875 0.27940757656250004 0.30534638593749996 0.2782683 0.32191264999999997 0.2771290234375 0.3422439765625 0.276559384375 0.35956325312500004 0.2745656515625 0.3765060234375 0.2728567359375 0.3934487953125 0.2677299921875 0.4141566265625 0.262888065625 0.4288403609375 0.2566220453125 0.44879518125000006 0.2480774703125 0.4664909640625 0.2432355453125 0.4909638546875 0.230988321875 0.504141565625 0.2204500140625 0.5165662656250001 0.21019652500000002 0.525978915625 0.20022785468749998 0.5432981921875 0.17174594062499998 0.551581325 0.1569353453125 0.5545933734374999 0.14725149531249998 0.5594879515625 0.1384221015625 0.5621234937499999 0.1324409 0.5632530124999999 0.12418114531249999 0.5602409640625 0.1127883796875 0.5594879515625 0.097977784375 0.557228915625 0.08145827343749999 0.556099396875 0.065793221875 0.5496987953125 0.05012816875 0.5436746984374999 0.039305040624999996 0.536897590625 0.0273426375 0.5244728921874999 0.013956137499999998 0.5128012046875 0.00512674375 0.5071536140624999 0 0.21875 0
0 0.29028614531249997 0.1569353453125 0.28689759062500003 0.1540871546875 0.2846385546875 0.1520934203125 0.28087349375000004 0.1500996859375 0.28125 0.157789803125 0.28576807187500003 0.1592138984375 0.28915662656249996 0.157789803125 0.29028614531249997 0.1569353453125
0 0.3648343375 0.4833380796875 0.35090361406250004 0.486186271875 0.34375 0.491313015625 0.35956325312500004 0.49359156875 0.37387048125 0.491028196875 0.38704819218750003 0.48761036718749995 0.40135542187500006 0.48533181406250003 0.41114457812499994 0.4830532609375 0.4145331328125 0.47963543125 0.4141566265625 0.47621760156250004 0.4085090359375 0.47621760156250004 0.39646084375 0.4804898890625 0.38817771093750003 0.48276844218750004 0.3772590359375 0.4830532609375 0.3648343375 0.4833380796875
0 0.43637048125 0.351182 0.4341114453125 0.3480489890625 0.4295933734375 0.3500427234375 0.43185240937499997 0.3531757328125 0.4341114453125 0.353745371875 0.43637048125 0.351182
0 0.2725903609375 0.1013956140625 0.27183735000000003 0.0922814015625 0.275225903125 0.08259754999999999 0.276355421875 0.0783252640625 0.27409638593749996 0.07462261406250001 0.26920180781249997 0.0882939328125 0.26807228906249997 0.0991170609375 0.2725903609375 0.10766163437500001 0.2725903609375 0.1013956140625
0 0.6370481921875 0.5665052687500001 0.6265060234375001 0.563657078125 0.6182228921874999 0.563372259375 0.61521084375 0.5665052687500001 0.6182228921874999 0.57077755625 0.6321536140624999 0.571062375 0.6385542171874999 0.5722016515624999 0.6426957828125001 0.5784676734375 0.6490963859375001 0.5816006828125 0.6539909640625 0.5830247796875 0.6588855421875001 0.586727428125 0.6641566265625001 0.582739959375 0.6701807234375 0.5838792359375 0.67808735 0.582170321875 0.6803463859375001 0.582170321875 0.683358434375 0.5801765875 0.6694277109375 0.5784676734375 0.6592620484375 0.573340928125 0.6487198796875 0.57077755625 0.6370481921875 0.5665052687500001
0 0.25 0.16861293125000001 0.2575301203125 0.1677584734375 0.26468373437500003 0.1657647390625 0.27296686718749996 0.1612076328125 0.27183735000000003 0.1583594421875 0.2624246984375 0.16206209062500002 0.2515060234375 0.16491028125 0.24698795156250003 0.167188834375 0.25 0.16861293125000001
0 0.4028614453125 0.5935630875 0.40662650625 0.5935630875 0.41114457812499994 0.5915693531249999 0.41227409687499994 0.5878667046875 0.410391565625 0.5835944171875 0.402108434375 0.5833095984375001 0.39909638593749996 0.586727428125 0.399849396875 0.5907148953125 0.4028614453125 0.5935630875
0 0.40813252968749997 0.5374537171875 0.40662650625 0.5394474515625001 0.40662650625 0.541156365625 0.4085090359375 0.5422956421875 0.41114457812499994 0.541441184375 0.4134036140625 0.5403019078125 0.4152861453125 0.5388778125 0.417168675 0.5371688984375 0.41754518125000006 0.536314440625 0.41754518125000006 0.536029621875 0.41603915625 0.5348903453125 0.4149096390625 0.53432070625 0.412650603125 0.5354599828125 0.41001506093750006 0.536314440625 0.40813252968749997 0.5374537171875
0 0.5764307234375 0.9732270015625 0.5813253015625001 0.9649672453125 0.5877259031250001 0.9589860437500001 0.5862198796875 0.9441754484375 0.5824548187499999 0.9347764171874999 0.567018071875 0.9268014812500001 0.556099396875 0.931928225 0.5402861453125001 0.933637140625 0.556099396875 0.9344915984375 0.567771084375 0.933921959375 0.573418675 0.938479065625 0.5692771078125001 0.9441754484375 0.5662650609375001 0.9532896609374999 0.5643825296875 0.9649672453125 0.5692771078125001 0.9757903734375001 0.5764307234375 0.9732270015625
3 0.641189759375 0.9806322984375001 0.6487198796875 0.9700939906249999 0.661521084375 0.9444602671875 0.6716867468750001 0.9196810031249999 0.67771084375 0.8977499281249999 0.6792168671875001 0.8806607796874999 0.67771084375 0.8681287375 0.6754518078125 0.8405012812500001 0.6690512046875 0.8137282828125001 0.6539909640625 0.806038165625 0.640060240625 0.8014810593749999 0.618599396875 0.7909427515624999 0.6057981921875 0.778410709375 0.589608434375 0.765024209375 0.57304216875 0.75363144375 0.5504518078125 0.742238678125 0.5327560234375001 0.7345485609375 0.506400603125 0.7268584453125 0.48870481874999994 0.7231557953125 0.45858433749999994 0.7194531468750001 0.42432228906249997 0.714611221875 0.39646084375 0.7117630312500001 0.368975903125 0.7080603812499999 0.3576807234375 0.7060666484375 0.3249246984375 0.7069211046875 0.307228915625 0.7080603812499999 0.28576807187500003 0.7117630312500001 0.26167168749999997 0.7183138703124999 0.24021084374999999 0.7268584453125 0.21649096406249999 0.7402449437499999 0.2010542171875 0.75363144375 0.1859939765625 0.7698661343750001 0.1758283125 0.788094559375 0.1698042171875 0.8080318999999999 0.162274096875 0.82227285625 0.152108434375 0.8413557390624999 0.1419427703125 0.8587297062499999 0.13441265 0.874964396875 0.1231174703125 0.8949017375 0.10655120468749998 0.92252919375 0.097891565625 0.94075761875 0.09412650624999999 0.961549415625 0.0914909640625 0.9760751921875 0.0903614453125 0.99031615 0.087725903125 0.99971518125 0.625 0.99971518125 0.641189759375 0.9806322984375001
0 0.338855421875 0.1828538875 0.3294427703125 0.180290515625 0.32417168749999997 0.176303046875 0.317771084375 0.173739675 0.32040662656249996 0.17829678124999998 0.33057228906249997 0.18228424999999998 0.338478915625 0.185417259375 0.34826807187500003 0.18570207968750002 0.35956325312500004 0.185132440625 0.36784638593749996 0.184562803125 0.37387048125 0.18313870625 0.38177710781249996 0.18228424999999998 0.380271084375 0.1797208765625 0.375 0.1785816 0.36332831250000003 0.1828538875 0.3512801203125 0.184562803125 0.338855421875 0.1828538875
3 0.213855421875 0.4468812296875 0.213855421875 0.5121048140625 0.20594879531250002 0.52036456875 0.20933735000000003 0.536884078125 0.213855421875 0.5676445453125 0.233433734375 0.614070065625 0.256024096875 0.6493876390625 0.2786144578125 0.6656223296875 0.30798192812499997 0.682141840625 0.338855421875 0.696382796875 0.381024096875 0.70321845625 0.42771084375 0.7129023078125 0.47025602343750006 0.7185986890625 0.5067771078125001 0.714611221875 0.5459337343749999 0.705212190625 0.5941265062500001 0.6952435203125 0.6389307234375 0.68442039375 0.692771084375 0.6567929359375 0.7300451812500001 0.6240387359375 0.7409638546874999 0.5770435765624999 0.7635542171874999 0.5380233546875 0.7680722890625 0.5029906015625001 0.7586596390625 0.4628311015625 0.7330572296875 0.42523497656250003 0.70896084375 0.39276559375 0.7127259031250001 0.365707775 0.7010542171874999 0.3201367125 0.672439759375 0.289945884375 0.6460843374999999 0.267160353125 0.60316265 0.240102534375 0.57228915625 0.22529193906249997 0.536521084375 0.22700085468750003 0.4928463859375 0.23583024843749997 0.453313253125 0.2495015671875 0.41679216874999997 0.2606095125 0.37951807187500003 0.2748504703125 0.33584337343750004 0.27883793749999997 0.29179216874999997 0.2953574484375 0.25037650624999996 0.321845628125 0.22326807187500003 0.36228994531250003 0.213855421875 0.40244944531250004 0.213855421875 0.4468812296875
1 0.31965361406250004 0.7522073484375 0.30685240937499997 0.7570492734375 0.30308735000000003 0.77129023125 0.30572289218750004 0.7838222734375 0.31814759062500003 0.7980632296875 0.33320783125000003 0.8066078046875 0.34337349375000004 0.810595271875 0.3460090359375 0.810595271875 0.349774096875 0.8123041875 0.3648343375 0.810595271875 0.375 0.8066078046875 0.390060240625 0.8066078046875 0.40512048125 0.8123041875 0.4141566265625 0.8162916546875 0.4367469875 0.8248362296874999 0.46310240937499997 0.8353745375000001 0.4920933734375 0.83993164375 0.5075301203125 0.8370834515625001 0.5274849390624999 0.8248362296874999 0.536521084375 0.8017658781250001 0.5350150609375001 0.7846767296875 0.5263554218750001 0.76758758125 0.495858434375 0.753346625 0.4721385546875 0.7485047 0.4367469875 0.7522073484375 0.4190512046875 0.7522073484375 0.411521084375 0.7522073484375 0.37387048125 0.7522073484375 0.34337349375000004 0.7522073484375 0.31965361406250004 0.7522073484375
0 0.46837349375 0.58473369375 0.47176204843749997 0.5810310453125 0.4721385546875 0.57504984375 0.47364457812499994 0.5713471953125 0.46912650625 0.5699230984375 0.46498493906249994 0.5764739390625 0.4679969875 0.58957561875 0.4710090359375 0.5892908 0.46837349375 0.58473369375
0 0.5240963859375001 0.6043862140625 0.526731928125 0.6083736828124999 0.5331325296875 0.6063799484375 0.5395331328124999 0.5992594703125 0.5425451812500001 0.591854171875 0.5444277109375 0.582455140625 0.5451807234375 0.57504984375 0.54179216875 0.5696382796874999 0.535768071875 0.5647963546875 0.5331325296875 0.5670749078124999 0.5289909640625 0.57989176875 0.525978915625 0.5892908 0.5244728921874999 0.5972657359375 0.5240963859375001 0.6043862140625
0 0.47816264999999997 0.376246084375 0.4759036140625 0.3651381375 0.47251506093750006 0.3594417546875 0.4653614453125 0.358017659375 0.47176204843749997 0.3802335515625 0.47138554218750006 0.4030190828125 0.47853915625 0.3939048703125 0.47816264999999997 0.376246084375
0 0.6374246984374999 0.43207063437500004 0.6257530124999999 0.43406436875 0.6039156625000001 0.43377955 0.5918674703125 0.43377955 0.5749246984374999 0.436342921875 0.5598644578124999 0.43805183750000004 0.5489457828125001 0.44033039062499996 0.5534638546874999 0.44460267656249997 0.5685240968749999 0.4443178578125 0.5801957828125001 0.4417544859375 0.598268071875 0.440900028125 0.6148343374999999 0.43805183750000004 0.6283885546875 0.43719737968750005 0.63554216875 0.43691256093749997 0.6490963859375001 0.427228709375 0.660768071875 0.4232412421875 0.6705572296875 0.4206778703125 0.6788403609375 0.41953859375 0.6848644578124999 0.4164055828125 0.6893825296875 0.4115636578125 0.6905120484375 0.40672173125000005 0.6901355421875001 0.402164625 0.6871234937499999 0.40159498749999994 0.67808735 0.4055824546875 0.662650603125 0.41612076406250004 0.6528614453125 0.42267160312499996 0.6490963859375001 0.42495015625 0.6374246984374999 0.43207063437500004