3 0.77725 0.1635 0.79125 0.1566666671875 0.8022500000000001 0.1498333328125 0.8125 0.14250000000000002 0.82125 0.13533333281249998 0.8295 0.1275 0.836 0.11816666718749999 0.8407500000000001 0.10816666718750001 0.8412499999999999 0.1001666671875 0.837 0.092 0.829 0.0863333328125 0.8210000000000001 0.081 0.817 0.0763333328125 0.81375 0.06783333281250001 0.8055 0.056333332812500005 0.79925 0.0486666671875 0.7895 0.0438333328125 0.778 0.0406666671875 0.75925 0.0375 0.7405 0.0371666671875 0.7162499999999999 0.038833332812499996 0.70025 0.0411666671875 0.6797500000000001 0.0448333328125 0.66175 0.0496666671875 0.64925 0.05550000000000001 0.64725 0.0641666671875 0.6485000000000001 0.07416666718750001 0.65175 0.0826666671875 0.65825 0.0878333328125 0.67 0.0925 0.67775 0.0961666671875 0.68625 0.10149999999999999 0.69025 0.10700000000000001 0.69725 0.1153333328125 0.7025 0.1228333328125 0.70675 0.1311666671875 0.7115 0.1385 0.7162499999999999 0.14416666718749999 0.72075 0.1498333328125 0.7230000000000001 0.1585 0.7245 0.1686666671875 0.7342500000000001 0.1705 0.7497499999999999 0.1696666671875 0.7615000000000001 0.1681666671875 0.77725 0.1635
3 0.23475000000000001 0.7086666671875 0.22949999999999998 0.71 0.21025 0.7108333328125 0.196 0.7108333328125 0.1835 0.717 0.17725 0.7215 0.17925 0.7365 0.181 0.7451666671875 0.18925 0.7515 0.2045 0.7623333328124999 0.22425 0.778 0.23925000000000002 0.7838333328125 0.25825 0.7908333328125 0.27125 0.7981666671875 0.292 0.8003333328125001 0.3035 0.795 0.3265 0.7796666671875 0.3335 0.769 0.33325 0.7448333328125 0.33849999999999997 0.7258333328125001 0.33975 0.7108333328125 0.32975 0.6945 0.3005 0.6875 0.27425 0.6878333328124999 0.254 0.6913333328125 0.25075 0.6975 0.2455 0.7041666671875 0.23475000000000001 0.7086666671875
0 0.44749999999999995 0.7468333328125001 0.44125 0.7443333328125 0.4455 0.7468333328125001 0.44925 0.7485 0.44749999999999995 0.7468333328125001
3 0.08299999999999999 0.5211666671875 0.08875 0.5228333328125 0.0965 0.5245 0.1085 0.5253333328124999 0.11725000000000001 0.5245 0.12425 0.5216666671875 0.13325 0.5178333328125 0.14075 0.5153333328125 0.14650000000000002 0.5106666671875 0.15475 0.5035000000000001 0.16175 0.4971666671875 0.16799999999999998 0.4903333328125 0.17575000000000002 0.484 0.18325 0.47883333281249996 0.1885 0.47300000000000003 0.1935 0.46616666718750005 0.196 0.45983333281250005 0.1965 0.45483333281249994 0.19724999999999998 0.4488333328125 0.196 0.44383333281250004 0.19025 0.43833333281250003 0.184 0.43233333281249997 0.177 0.4273333328125 0.16675 0.42350000000000004 0.158 0.41966666718749995 0.14975 0.41633333281249996 0.14325000000000002 0.41550000000000004 0.13075 0.413 0.11599999999999999 0.4103333328125 0.11100000000000002 0.4086666671875 0.099 0.40700000000000003 0.08249999999999999 0.40750000000000003 0.06899999999999999 0.4095 0.05775 0.4141666671875 0.05525 0.42350000000000004 0.05575 0.4331666671875 0.062 0.4601666671875 0.0705 0.5016666671875 0.07175000000000001 0.5106666671875 0.07675 0.517 0.08299999999999999 0.5211666671875
3 0.12925 0.6466666671875 0.135 0.6676666671875 0.14750000000000002 0.6863333328125 0.173 0.6993333328125 0.19175 0.7076666671875 0.20425 0.7105 0.22999999999999998 0.7101666671875 0.244 0.7045 0.2535 0.6916666671875 0.257 0.678 0.25925 0.6558333328125 0.25825 0.6331666671875 0.2515 0.6226666671875 0.23675000000000002 0.6165 0.22525 0.616 0.207 0.6174999999999999 0.198 0.6191666671875 0.1815 0.616 0.17675000000000002 0.6216666671875 0.1585 0.6286666671875001 0.1395 0.6341666671875 0.12925 0.6466666671875
0 0.57775 0.7758333328125 0.5795 0.7766666671875 0.5815 0.7768333328125 0.583 0.776 0.57925 0.775 0.5765 0.7746666671875 0.576 0.7751666671875 0.57775 0.7758333328125
0 0.44325000000000003 0.1851666671875 0.44425 0.1853333328125 0.4455 0.1848333328125 0.44675000000000004 0.1845 0.44825 0.1838333328125 0.44825 0.18316666718750002 0.44775 0.1825 0.44625000000000004 0.18216666718750002 0.44400000000000006 0.1818333328125 0.44375 0.1826666671875 0.44349999999999995 0.1828333328125 0.44325000000000003 0.1836666671875 0.44299999999999995 0.1845 0.44325000000000003 0.1851666671875
3 0.60775 0.732 0.6105 0.7565000000000001 0.614 0.7808333328125 0.61125 0.8093333328125001 0.5974999999999999 0.8176666671874999 0.6042500000000001 0.8314999999999999 0.61475 0.8375 0.64225 0.837 0.68575 0.8320000000000001 0.7155 0.8265 0.728 0.8205 0.752 0.8089999999999999 0.7605000000000001 0.7938333328125 0.7735000000000001 0.7685 0.779 0.751 0.7845 0.7228333328125001 0.7777499999999999 0.7150000000000001 0.7645 0.7048333328124999 0.74925 0.7016666671875 0.708 0.692 0.6849999999999999 0.6911666671875001 0.659 0.6911666671875001 0.634 0.6896666671875 0.61675 0.6956666671875 0.60975 0.7108333328125 0.60575 0.7275 0.60775 0.732
3 0.33275 0.7476666671875 0.33225 0.7678333328125 0.33799999999999997 0.7825 0.35125 0.7978333328125 0.36575 0.8045 0.39249999999999996 0.8099999999999999 0.42374999999999996 0.8074999999999999 0.44525 0.8019999999999999 0.45775 0.7978333328125 0.47400000000000003 0.7953333328125 0.48324999999999996 0.7888333328125 0.488 0.7821666671874999 0.48650000000000004 0.7675 0.49000000000000005 0.754 0.488 0.7434999999999999 0.476 0.7303333328125 0.46175 0.7118333328124999 0.453 0.7021666671875 0.4285 0.6875 0.409 0.6821666671875 0.38925 0.6811666671875 0.3685 0.6868333328125 0.35225 0.6968333328125 0.34075 0.7153333328125 0.33799999999999997 0.7313333328125 0.33275 0.7476666671875
3 0.09 0.6101666671875 0.10575000000000001 0.6278333328125 0.12175 0.6351666671875 0.1385 0.636 0.16625 0.6271666671875 0.1815 0.616 0.1975 0.5976666671875 0.21225 0.584 0.2205 0.5746666671875 0.22000000000000003 0.5596666671875 0.21000000000000002 0.5465 0.19875 0.5346666671875 0.1865 0.5328333328125 0.16475 0.522 0.15 0.5193333328125 0.14025 0.5151666671874999 0.125 0.5226666671875 0.10625 0.5255 0.0925 0.5241666671874999 0.08149999999999999 0.5343333328125001 0.0785 0.5526666671875 0.08475 0.5881666671875 0.09 0.6101666671875
3 0.78325 0.7376666671875001 0.77625 0.7633333328125 0.7645 0.7868333328125 0.75075 0.8098333328124999 0.7355 0.819 0.7292500000000001 0.8268333328124999 0.7382500000000001 0.8365 0.7485 0.837 0.7645 0.8406666671874999 0.78175 0.844 0.799 0.8416666671874999 0.8157500000000001 0.8361666671875 0.83025 0.8320000000000001 0.8557499999999999 0.8255000000000001 0.87575 0.8150000000000001 0.8852499999999999 0.8019999999999999 0.8915 0.7886666671875 0.8942500000000001 0.7776666671875 0.9027499999999999 0.7633333328125 0.91225 0.7513333328125 0.9075 0.7394999999999999 0.8915 0.7228333328125001 0.8632500000000001 0.7113333328125 0.82325 0.7025 0.795 0.7035 0.7737499999999999 0.7113333328125 0.77625 0.7121666671875 0.78525 0.7196666671874999 0.78325 0.7376666671875001
3 0.48975 0.7486666671875 0.489 0.7596666671875 0.48624999999999996 0.7688333328125 0.487 0.7813333328125001 0.48200000000000004 0.7896666671875 0.471 0.7951666671875001 0.476 0.8074999999999999 0.49800000000000005 0.8195 0.52 0.8236666671874999 0.5435 0.8223333328125 0.5662499999999999 0.8195 0.59475 0.8140000000000001 0.612 0.8095000000000001 0.6144999999999999 0.7933333328125001 0.61375 0.7746666671875 0.608 0.7508333328125001 0.60375 0.7276666671875 0.59525 0.7143333328125 0.5860000000000001 0.7088333328124999 0.57875 0.7021666671875 0.561 0.6973333328125 0.542 0.6955 0.524 0.6933333328125 0.5055 0.6993333328125 0.4965 0.7095 0.48550000000000004 0.7288333328125 0.48200000000000004 0.7376666671875001 0.48975 0.7486666671875
0 0.384 0.7468333328125001 0.37975 0.7521666671875 0.37425 0.7555 0.3745 0.7571666671874999 0.3785 0.7553333328125 0.38325 0.7515 0.38975 0.746 0.39849999999999997 0.7416666671875001 0.40599999999999997 0.7426666671875 0.41200000000000003 0.7416666671875001 0.4215 0.7386666671875 0.42750000000000005 0.738 0.43324999999999997 0.7408333328125 0.43775000000000003 0.7423333328124999 0.43425 0.739 0.42750000000000005 0.7361666671875 0.41974999999999996 0.738 0.41325 0.7388333328125001 0.40625 0.7391666671875 0.4 0.7391666671875 0.39625 0.74 0.39 0.7431666671875 0.384 0.7468333328125001
3 0.18 0.319 0.18625 0.3223333328125 0.2015 0.323 0.2145 0.323 0.23725000000000002 0.31716666718750003 0.263 0.3075 0.275 0.301 0.28225 0.2931666671875 0.28450000000000003 0.2763333328125 0.281 0.2648333328125 0.27599999999999997 0.25716666718750003 0.27125 0.24816666718749997 0.26925 0.2395 0.26225 0.22799999999999998 0.24900000000000003 0.21916666718750002 0.238 0.2138333328125 0.2185 0.2128333328125 0.20024999999999998 0.21549999999999997 0.18575 0.22000000000000003 0.16599999999999998 0.2265 0.1565 0.22949999999999998 0.145 0.23399999999999999 0.1395 0.24 0.13174999999999998 0.25183333281250003 0.126 0.2588333328125 0.12125 0.2638333328125 0.11725000000000001 0.2701666671875 0.11599999999999999 0.2823333328125 0.12075 0.29 0.1285 0.2975 0.13874999999999998 0.3071666671875 0.14650000000000002 0.3083333328125 0.15675 0.311 0.17124999999999999 0.3156666671875 0.18 0.319
3 0.56425 0.2165 0.58175 0.21749999999999997 0.6 0.21716666718750002 0.618 0.2145 0.63575 0.2118333328125 0.66025 0.20716666718750001 0.6885 0.1975 0.7110000000000001 0.187 0.72175 0.1706666671875 0.72275 0.1586666671875 0.71675 0.14416666718749999 0.70775 0.1336666671875 0.6992499999999999 0.1231666671875 0.6952499999999999 0.1153333328125 0.6865 0.10400000000000001 0.6769999999999999 0.0976666671875 0.6665 0.0911666671875 0.6487499999999999 0.08383333281250001 0.625 0.07516666718750001 0.60725 0.0715 0.589 0.0706666671875 0.568 0.0716666671875 0.53925 0.0753333328125 0.52625 0.0806666671875 0.5117499999999999 0.0885 0.507 0.095 0.504 0.1058333328125 0.5025000000000001 0.11616666718749999 0.5025000000000001 0.12250000000000001 0.503 0.12450000000000001 0.5155000000000001 0.129 0.5237499999999999 0.13333333281249998 0.53125 0.1416666671875 0.5347500000000001 0.1471666671875 0.538 0.1563333328125 0.5385 0.1708333328125 0.5395 0.1891666671875 0.5415 0.1998333328125 0.5427500000000001 0.20400000000000001 0.5509999999999999 0.21116666718750002 0.5615 0.215 0.56425 0.2165
3 0.14850000000000002 0.41233333281249995 0.16375 0.4078333328125 0.17975000000000002 0.4 0.1895 0.3943333328125 0.2 0.3878333328125 0.2065 0.3835 0.21150000000000002 0.3758333328125 0.211 0.3696666671875 0.20750000000000002 0.3653333328125 0.20625 0.3596666671875 0.20625 0.358 0.20875 0.3545 0.20800000000000002 0.3488333328125 0.1955 0.3338333328125 0.188 0.3261666671875 0.18275 0.3215 0.17525 0.3175 0.16375 0.3136666671875 0.15075 0.311 0.13574999999999998 0.3113333328125 0.11850000000000001 0.3151666671875 0.10700000000000001 0.32 0.0955 0.32799999999999996 0.08975 0.3333333328125 0.08325 0.3433333328125 0.081 0.35150000000000003 0.081 0.3596666671875 0.081 0.365 0.08225 0.3723333328125 0.08275 0.3785 0.08375 0.38733333281250004 0.08725000000000001 0.3915 0.093 0.3981666671875 0.10925 0.40700000000000003 0.11674999999999999 0.4096666671875 0.12725 0.41166666718749995 0.13825 0.4131666671875 0.14850000000000002 0.41233333281249995
0 0.458 0.7563333328125 0.461 0.7563333328125 0.45525000000000004 0.7533333328125 0.45199999999999996 0.7508333328125001 0.45075000000000004 0.7515 0.4535 0.7546666671875 0.458 0.7563333328125
3 0.26775000000000004 0.23566666718749998 0.27025 0.24133333281249997 0.27275 0.24733333281249997 0.27599999999999997 0.2545 0.281 0.2618333328125 0.28775 0.2701666671875 0.29474999999999996 0.277 0.304 0.2831666671875 0.3135 0.2878333328125 0.31975 0.2895 0.33125 0.2896666671875 0.34775 0.2891666671875 0.36175 0.2878333328125 0.38025000000000003 0.2803333328125 0.39275000000000004 0.27349999999999997 0.40175 0.26516666718750004 0.40499999999999997 0.25866666718750003 0.40650000000000003 0.24783333281250003 0.41200000000000003 0.22949999999999998 0.41624999999999995 0.22000000000000003 0.417 0.2118333328125 0.41675000000000006 0.2038333328125 0.413 0.19383333281249998 0.40750000000000003 0.185 0.4025 0.1798333328125 0.39 0.1705 0.37825000000000003 0.1671666671875 0.3645 0.1653333328125 0.35425 0.1641666671875 0.34025 0.1626666671875 0.322 0.1611666671875 0.30724999999999997 0.162 0.28650000000000003 0.1646666671875 0.272 0.1715 0.26025 0.1778333328125 0.2555 0.185 0.25325000000000003 0.1955 0.252 0.2031666671875 0.253 0.20950000000000002 0.25325000000000003 0.2128333328125 0.257 0.2216666671875 0.258 0.22316666718749997 0.261 0.2268333328125 0.26475 0.23116666718749998 0.26775000000000004 0.23566666718749998