0 0.5666666671875 0.6369047625 0.5700000000000001 0.6369047625 0.5666666671875 0.625 0.5633333328125001 0.61904761875 0.5599999999999999 0.61904761875 0.5599999999999999 0.63095238125 0.5666666671875 0.6369047625
0 0.51 0.45238095312500004 0.5133333328125 0.4583333328125 0.52 0.4702380953125 0.5266666671875 0.48214285781250005 0.5266666671875 0.48809523749999995 0.53 0.4761904765625 0.5233333328125 0.46428571406249997 0.5166666671875 0.45238095312500004 0.5133333328125 0.446428571875 0.51 0.45238095312500004
0 0.24666666718750002 0.434523809375 0.24333333281249997 0.4166666671875 0.24 0.41071428593750003 0.24 0.428571428125 0.24 0.446428571875 0.24 0.4583333328125 0.25 0.4583333328125 0.2633333328125 0.4583333328125 0.27 0.46428571406249997 0.2766666671875 0.4702380953125 0.27999999999999997 0.46428571406249997 0.2833333328125 0.4583333328125 0.2733333328125 0.446428571875 0.2633333328125 0.45238095312500004 0.25 0.45238095312500004 0.24666666718750002 0.434523809375
0 0.4166666671875 0.4702380953125 0.42000000000000004 0.48214285781250005 0.4233333328125 0.48214285781250005 0.4233333328125 0.4761904765625 0.42000000000000004 0.46428571406249997 0.41333333281250006 0.4583333328125 0.41 0.4583333328125 0.41 0.46428571406249997 0.41333333281250006 0.4702380953125 0.4166666671875 0.4702380953125
0 0.37666666718749997 0.4761904765625 0.38333333281250004 0.46428571406249997 0.38 0.4583333328125 0.37 0.4702380953125 0.37 0.48214285781250005 0.37333333281250003 0.48214285781250005 0.37666666718749997 0.4761904765625
0 0.3066666671875 0.7142857140625 0.3233333328125 0.7083333328125 0.30333333281249997 0.702380953125 0.2833333328125 0.702380953125 0.27 0.6964285718750001 0.26 0.6785714281249999 0.25666666718750003 0.672619046875 0.24666666718750002 0.6666666671875 0.2633333328125 0.7083333328125 0.2766666671875 0.7202380953125 0.2966666671875 0.7202380953125 0.3066666671875 0.7142857140625
3 0.48333333281249996 0.6666666671875 0.48 0.797619046875 0.51 0.8869047625 0.5366666671875 0.922619046875 0.5733333328125 0.9285714281249999 0.6033333328125 0.922619046875 0.6433333328125 0.88095238125 0.6733333328125 0.7916666671875 0.7 0.690476190625 0.7366666671875 0.6369047625 0.7566666671875 0.5833333328125 0.7666666671875 0.49404761875 0.76 0.434523809375 0.7533333328125 0.3869047625 0.7366666671875 0.3630952375 0.7133333328125 0.3511904765625 0.67 0.327380953125 0.6333333328124999 0.2797619046875 0.6066666671875 0.25 0.5900000000000001 0.2321428578125 0.5700000000000001 0.2321428578125 0.53 0.2380952375 0.5 0.30357142812500004 0.49000000000000005 0.33928571406249997 0.48 0.48214285781250005 0.48333333281249996 0.6666666671875
3 0.7666666671875 0.49404761875 0.7566666671875 0.6369047625 0.7733333328125 0.75 0.8099999999999999 0.8869047625 0.85 0.940476190625 0.9033333328125 0.9464285718750001 0.9466666671875 0.9047619046875001 0.9966666671875 0.8035714281249999 0.9966666671875 0.3630952375 0.99 0.36904761875 0.96 0.36904761875 0.9133333328125 0.3452380953125 0.8800000000000001 0.33928571406249997 0.86 0.3333333328125 0.8300000000000001 0.33928571406249997 0.8033333328125 0.3630952375 0.7733333328125 0.42261904687499996 0.7666666671875 0.49404761875
3 0.25666666718750003 0.7142857140625 0.29333333281249996 0.7380952375 0.3166666671875 0.7261904765625 0.3533333328125 0.6785714281249999 0.4166666671875 0.577380953125 0.46333333281250005 0.5119047625 0.48333333281249996 0.4761904765625 0.48666666718749996 0.3928571421875 0.48666666718749996 0.3452380953125 0.4966666671875 0.309523809375 0.5166666671875 0.2738095234375 0.53 0.24404761874999997 0.5033333328125 0.2142857140625 0.4766666671875 0.20238095312499998 0.44333333281250004 0.20238095312499998 0.4166666671875 0.20833333281250002 0.3933333328125 0.2202380953125 0.36666666718749996 0.2202380953125 0.3466666671875 0.20833333281250002 0.3233333328125 0.196428571875 0.3066666671875 0.196428571875 0.2833333328125 0.20238095312499998 0.26 0.2142857140625 0.25 0.24404761874999997 0.2366666671875 0.297619046875 0.2266666671875 0.48214285781250005 0.2266666671875 0.5892857140625 0.24 0.6785714281249999 0.25666666718750003 0.7142857140625
1 0.52 0.815476190625 0.51 0.8035714281249999 0.49000000000000005 0.75595238125 0.4933333328125 0.797619046875 0.5133333328125 0.8452380953124999 0.5333333328125 0.8988095234375001 0.5733333328125 0.9047619046875001 0.61 0.8928571421875 0.6333333328124999 0.8630952375 0.65 0.8333333328125001 0.6599999999999999 0.8035714281249999 0.6566666671875 0.7797619046875 0.6266666671875 0.8214285718750001 0.5833333328125 0.8392857140625001 0.5433333328125001 0.8333333328125001 0.52 0.815476190625
0 0.6833333328125 0.6547619046875 0.6799999999999999 0.6666666671875 0.6933333328125 0.672619046875 0.7033333328125 0.6666666671875 0.71 0.6547619046875 0.7133333328125 0.6428571421875 0.71 0.625 0.71 0.6071428578125 0.7033333328125 0.5833333328125 0.7033333328125 0.6071428578125 0.7 0.625 0.6933333328125 0.6428571421875 0.6833333328125 0.6547619046875
0 0.6566666671875 0.5833333328125 0.6599999999999999 0.5833333328125 0.6666666671875 0.577380953125 0.6666666671875 0.565476190625 0.6599999999999999 0.559523809375 0.65 0.565476190625 0.6533333328125 0.577380953125 0.6566666671875 0.5833333328125