3 0.048 0.4388888890625 0.064 0.477777778125 0.076 0.50555555625 0.092 0.5166666671875 0.11200000000000002 0.49444444374999996 0.11599999999999999 0.4611111109375 0.136 0.42222222187499997 0.148 0.4166666671875 0.16399999999999998 0.377777778125 0.152 0.33888888906250003 0.12 0.3111111109375 0.1 0.2833333328125 0.088 0.24444444375000002 0.068 0.222222221875 0.052000000000000005 0.23333333281250002 0.04 0.2611111109375 0.028000000000000004 0.35555555625 0.036 0.3888888890625 0.048 0.4388888890625
3 0.268 0.65 0.264 0.6944444437499999 0.264 0.75 0.27599999999999997 0.7611111109375 0.284 0.772222221875 0.32 0.75555555625 0.344 0.75 0.364 0.7388888890625 0.376 0.7111111109375 0.372 0.6611111109375 0.372 0.64444444375 0.372 0.6111111109375 0.356 0.6111111109375 0.324 0.5944444437499999 0.312 0.5722222218749999 0.304 0.5555555562500001 0.296 0.522222221875 0.3 0.49444444374999996 0.296 0.4611111109375 0.284 0.47222222187499996 0.27599999999999997 0.5333333328125 0.268 0.5944444437499999 0.268 0.65
3 0.82 0.47222222187499996 0.844 0.49444444374999996 0.86 0.5 0.8720000000000001 0.50555555625 0.892 0.49444444374999996 0.908 0.46666666718750005 0.9119999999999999 0.4388888890625 0.916 0.3888888890625 0.9199999999999999 0.33888888906250003 0.916 0.29444444375 0.908 0.2833333328125 0.8960000000000001 0.2888888890625 0.876 0.3166666671875 0.8560000000000001 0.32777777812500003 0.8320000000000001 0.33888888906250003 0.8240000000000001 0.35555555625 0.808 0.3888888890625 0.808 0.42222222187499997 0.808 0.46666666718750005 0.82 0.47222222187499996
3 0.148 0.45 0.16399999999999998 0.527777778125 0.176 0.55 0.2 0.5611111109375 0.22799999999999998 0.5555555562500001 0.256 0.5388888890625 0.272 0.5 0.27999999999999997 0.46666666718750005 0.288 0.427777778125 0.296 0.377777778125 0.288 0.35 0.268 0.34444444375 0.248 0.322222221875 0.22400000000000003 0.29444444375 0.196 0.27777777812500004 0.196 0.2833333328125 0.16399999999999998 0.322222221875 0.16 0.3333333328125 0.152 0.39444444375 0.148 0.45
3 0.592 0.772222221875 0.62 0.75 0.6519999999999999 0.7388888890625 0.6679999999999999 0.7111111109375 0.6799999999999999 0.6833333328125 0.6839999999999999 0.622222221875 0.6839999999999999 0.5833333328125 0.6759999999999999 0.5 0.6719999999999999 0.49444444374999996 0.6639999999999999 0.5111111109375 0.6519999999999999 0.5611111109375 0.616 0.6 0.58 0.6166666671875001 0.568 0.622222221875 0.568 0.6611111109375 0.564 0.7166666671875 0.576 0.7666666671875 0.592 0.772222221875
3 0.3 0.4388888890625 0.3 0.50555555625 0.3 0.54444444375 0.308 0.5833333328125 0.33599999999999997 0.60555555625 0.388 0.622222221875 0.44800000000000006 0.627777778125 0.476 0.60555555625 0.488 0.5833333328125 0.488 0.5166666671875 0.484 0.45555555625000005 0.48 0.4 0.476 0.34444444375 0.472 0.29444444375 0.45599999999999996 0.2666666671875 0.42000000000000004 0.24444444375000002 0.4 0.22777777812500002 0.38 0.2388888890625 0.348 0.25555555625 0.32 0.3111111109375 0.3 0.4388888890625
3 0 0.7388888890625 0.004 0.7611111109375 0.024 0.8 0.044 0.79444444375 0.064 0.7388888890625 0.092 0.722222221875 0.132 0.7166666671875 0.13999999999999999 0.627777778125 0.148 0.6 0.156 0.5555555562500001 0.13999999999999999 0.54444444375 0.11599999999999999 0.522222221875 0.1 0.5166666671875 0.08399999999999999 0.522222221875 0.072 0.5 0.068 0.50555555625 0.052000000000000005 0.5388888890625 0.012 0.6111111109375 0 0.6611111109375 0 0.7388888890625
3 0.392 0.75555555625 0.404 0.777777778125 0.42800000000000005 0.777777778125 0.44800000000000006 0.772222221875 0.472 0.75 0.48 0.727777778125 0.484 0.672222221875 0.484 0.6333333328124999 0.48 0.60555555625 0.472 0.6166666671875001 0.45999999999999996 0.622222221875 0.40800000000000003 0.622222221875 0.384 0.6166666671875001 0.38 0.6166666671875001 0.376 0.64444444375 0.376 0.6888888890625 0.384 0.727777778125 0.392 0.75555555625
3 0.48 0.40555555625000006 0.488 0.45555555625000005 0.5 0.54444444375 0.508 0.5722222218749999 0.532 0.5944444437499999 0.568 0.60555555625 0.6 0.6111111109375 0.636 0.5888888890625 0.648 0.5611111109375 0.6599999999999999 0.5333333328125 0.6639999999999999 0.477777778125 0.6639999999999999 0.427777778125 0.6519999999999999 0.38333333281250004 0.636 0.34444444375 0.62 0.3 0.588 0.2666666671875 0.5599999999999999 0.24444444375000002 0.536 0.2388888890625 0.508 0.2611111109375 0.492 0.29444444375 0.48 0.3333333328125 0.48 0.40555555625000006
3 0.628 0.3333333328125 0.648 0.372222221875 0.6679999999999999 0.39444444375 0.688 0.427777778125 0.712 0.45 0.732 0.4611111109375 0.76 0.45555555625000005 0.788 0.43333333281249997 0.808 0.4 0.8119999999999999 0.36666666718749996 0.808 0.322222221875 0.8 0.2611111109375 0.8 0.20555555625 0.796 0.15555555625 0.788 0.13333333281249998 0.764 0.1166666671875 0.744 0.1166666671875 0.728 0.127777778125 0.712 0.14444444375 0.696 0.177777778125 0.6799999999999999 0.21111111093749999 0.6519999999999999 0.25555555625 0.636 0.2833333328125 0.628 0.3333333328125
0 0.6839999999999999 0.6666666671875 0.6799999999999999 0.6666666671875 0.6719999999999999 0.672222221875 0.6719999999999999 0.6944444437499999 0.6799999999999999 0.70555555625 0.692 0.6944444437499999 0.6839999999999999 0.6666666671875
3 0.184 0.722222221875 0.20400000000000001 0.7111111109375 0.23199999999999998 0.70555555625 0.248 0.6944444437499999 0.268 0.65 0.272 0.6 0.268 0.5388888890625 0.272 0.5111111109375 0.252 0.5388888890625 0.24 0.5555555562500001 0.18 0.5555555562500001 0.1709090921875 0.5530303062499999 0.16 0.5833333328125 0.144 0.64444444375 0.136 0.6833333328125 0.132 0.75 0.16 0.74444444375 0.184 0.722222221875
0 0.8880000000000001 0.5555555562500001 0.8880000000000001 0.5388888890625 0.876 0.5333333328125 0.868 0.55 0.86 0.5666666671875 0.876 0.5722222218749999 0.8880000000000001 0.5555555562500001
3 0.6799999999999999 0.627777778125 0.688 0.6888888890625 0.72 0.7166666671875 0.744 0.7333333328125 0.764 0.7333333328125 0.796 0.722222221875 0.8039999999999999 0.7 0.8160000000000001 0.6611111109375 0.8160000000000001 0.6111111109375 0.8039999999999999 0.5666666671875 0.776 0.527777778125 0.752 0.50555555625 0.724 0.5 0.712 0.5111111109375 0.696 0.5388888890625 0.6839999999999999 0.5611111109375 0.6799999999999999 0.627777778125
3 0.484 0.7333333328125 0.488 0.75 0.52 0.75 0.536 0.7388888890625 0.5519999999999999 0.7166666671875 0.5599999999999999 0.6833333328125 0.564 0.622222221875 0.5559999999999999 0.60555555625 0.532 0.5888888890625 0.516 0.5833333328125 0.504 0.5611111109375 0.496 0.54444444375 0.492 0.5666666671875 0.492 0.64444444375 0.488 0.6888888890625 0.484 0.7333333328125