3 0.27555555625 0.5069444437499999 0.2711111109375 0.534722221875 0.2711111109375 0.5833333328125 0.27999999999999997 0.6180555562500001 0.2888888890625 0.652777778125 0.3066666671875 0.6944444437499999 0.31555555625 0.7083333328125 0.337777778125 0.6944444437499999 0.36 0.6666666671875 0.37333333281250003 0.6180555562500001 0.377777778125 0.5763888890625 0.382222221875 0.5208333328125 0.377777778125 0.5 0.36 0.49305555625 0.3466666671875 0.4791666671875 0.3333333328125 0.46527777812500004 0.3333333328125 0.4583333328125 0.32444444375 0.4583333328125 0.297777778125 0.47222222187499996 0.28444444375 0.4861111109375 0.27555555625 0.5069444437499999
3 0.79555555625 0.659722221875 0.8088888890625 0.6666666671875 0.8311111109375 0.6666666671875 0.8444444437499999 0.6458333328125 0.8400000000000001 0.5694444437499999 0.8355555562499999 0.527777778125 0.8266666671875 0.4861111109375 0.8133333328125 0.46527777812500004 0.8 0.4583333328125 0.777777778125 0.4791666671875 0.7688888890625 0.4791666671875 0.75555555625 0.534722221875 0.75555555625 0.5833333328125 0.7688888890625 0.6180555562500001 0.79555555625 0.659722221875
3 0.17333333281250002 0.6458333328125 0.19555555625 0.6666666671875 0.222222221875 0.652777778125 0.23555555625000002 0.6388888890625 0.2488888890625 0.6111111109375 0.2666666671875 0.5763888890625 0.2711111109375 0.527777778125 0.257777778125 0.5 0.23555555625000002 0.4791666671875 0.21777777812500002 0.46527777812500004 0.19555555625 0.4583333328125 0.1866666671875 0.4861111109375 0.17333333281250002 0.534722221875 0.17333333281250002 0.590277778125 0.17333333281250002 0.6458333328125
3 0.542222221875 0.722222221875 0.5599999999999999 0.75 0.577777778125 0.75 0.6088888890625 0.7361111109375 0.622222221875 0.6944444437499999 0.6311111109375 0.6319444437499999 0.63555555625 0.597222221875 0.63555555625 0.534722221875 0.6266666671875 0.5 0.6088888890625 0.49305555625 0.56444444375 0.49305555625 0.5511111109375 0.49305555625 0.5288888890625 0.4861111109375 0.51555555625 0.49305555625 0.51555555625 0.5555555562500001 0.52 0.6180555562500001 0.5288888890625 0.6875 0.542222221875 0.722222221875
3 0.32444444375 0.4236111109375 0.3333333328125 0.4513888890625 0.36 0.49305555625 0.4 0.5069444437499999 0.44444444375 0.5069444437499999 0.48444444375 0.5 0.4933333328125 0.47222222187499996 0.502222221875 0.4236111109375 0.502222221875 0.38194444375000003 0.497777778125 0.3263888890625 0.48 0.2916666671875 0.4533333328125 0.2638888890625 0.40888888906250004 0.25 0.377777778125 0.2638888890625 0.35555555625 0.2708333328125 0.3333333328125 0.30555555624999997 0.32 0.38194444375000003 0.32444444375 0.4236111109375
3 0.07555555625 0.5069444437499999 0.097777778125 0.5138888890625 0.1111111109375 0.49305555625 0.1066666671875 0.4583333328125 0.102222221875 0.43055555625 0.0888888890625 0.40972222187499996 0.0666666671875 0.3888888890625 0.057777778125 0.38194444375000003 0.0488888890625 0.43055555625 0.0533333328125 0.46527777812500004 0.062222221875 0.5069444437499999 0.07555555625 0.5069444437499999
3 0.12 0.5069444437499999 0.12444444375 0.5208333328125 0.142222221875 0.5208333328125 0.16444444375 0.5138888890625 0.19555555625 0.47222222187499996 0.1866666671875 0.44444444375 0.177777778125 0.40972222187499996 0.1688888890625 0.3888888890625 0.15555555625 0.36805555624999997 0.12444444375 0.3541666671875 0.1066666671875 0.4166666671875 0.1066666671875 0.4513888890625 0.1111111109375 0.4861111109375 0.12 0.5069444437499999
3 0.18222222187499998 0.4236111109375 0.20888888906249997 0.46527777812500004 0.2311111109375 0.4861111109375 0.2711111109375 0.4791666671875 0.30222222187500003 0.47222222187499996 0.32 0.4513888890625 0.32444444375 0.4166666671875 0.32 0.375 0.3111111109375 0.34722222187499996 0.297777778125 0.3125 0.27555555625 0.2916666671875 0.2533333328125 0.28472222187499996 0.2133333328125 0.27777777812500004 0.19555555625 0.2916666671875 0.177777778125 0.3333333328125 0.17333333281250002 0.3888888890625 0.18222222187499998 0.4236111109375
3 0.4 0.6805555562500001 0.41333333281250006 0.7291666671875 0.4311111109375 0.7569444437499999 0.4533333328125 0.7638888890625 0.47555555624999996 0.7569444437499999 0.4933333328125 0.715277778125 0.497777778125 0.6736111109375 0.5066666671875 0.6180555562500001 0.5066666671875 0.5555555562500001 0.5111111109375 0.5138888890625 0.5066666671875 0.4791666671875 0.4933333328125 0.4791666671875 0.48 0.49305555625 0.44888888906249996 0.5069444437499999 0.41777777812499994 0.5069444437499999 0.3911111109375 0.5138888890625 0.3866666671875 0.5486111109375 0.3866666671875 0.5833333328125 0.3866666671875 0.625 0.4 0.6805555562500001
3 0.5288888890625 0.4583333328125 0.542222221875 0.4861111109375 0.6 0.5 0.6666666671875 0.5 0.6799999999999999 0.49305555625 0.6888888890625 0.4583333328125 0.6933333328125 0.4166666671875 0.6933333328125 0.36805555624999997 0.6888888890625 0.30555555624999997 0.68444444375 0.27777777812500004 0.6533333328125 0.24305555625 0.6311111109375 0.24305555625 0.5866666671874999 0.24305555625 0.5688888890625 0.25 0.5466666671875 0.27777777812500004 0.5288888890625 0.3125 0.52 0.36805555624999997 0.52 0.40277777812500004 0.5288888890625 0.4583333328125
3 0.8933333328125 0.46527777812500004 0.9111111109375001 0.4861111109375 0.9333333328125001 0.49305555625 0.9466666671875 0.4861111109375 0.95555555625 0.4513888890625 0.95555555625 0.3958333328125 0.95555555625 0.36805555624999997 0.9333333328125001 0.3541666671875 0.9199999999999999 0.3958333328125 0.9066666671875 0.4236111109375 0.8933333328125 0.4513888890625 0.8933333328125 0.46527777812500004
3 0.8222222218749999 0.4375 0.8266666671875 0.4861111109375 0.8400000000000001 0.5138888890625 0.862222221875 0.527777778125 0.8800000000000001 0.5138888890625 0.8888888890625 0.47222222187499996 0.8933333328125 0.4375 0.8977777781249999 0.3541666671875 0.8888888890625 0.3333333328125 0.8666666671875 0.34722222187499996 0.8533333328125 0.36805555624999997 0.8355555562499999 0.38194444375000003 0.8222222218749999 0.40972222187499996 0.8222222218749999 0.4375
3 0.7111111109375 0.4513888890625 0.7333333328125 0.46527777812500004 0.7688888890625 0.4791666671875 0.79555555625 0.4791666671875 0.8088888890625 0.4583333328125 0.8177777781250001 0.43055555625 0.8222222218749999 0.3888888890625 0.8266666671875 0.34027777812500004 0.8266666671875 0.2916666671875 0.8088888890625 0.2638888890625 0.8 0.25694444375000003 0.76 0.2708333328125 0.7333333328125 0.2916666671875 0.7066666671874999 0.34027777812500004 0.6977777781250001 0.38194444375000003 0.6977777781250001 0.4236111109375 0.7111111109375 0.4513888890625
3 0.68444444375 0.6805555562500001 0.71555555625 0.6944444437499999 0.7333333328125 0.6805555562500001 0.742222221875 0.6319444437499999 0.7511111109375 0.6111111109375 0.7511111109375 0.5486111109375 0.7466666671875 0.5069444437499999 0.7288888890624999 0.47222222187499996 0.7111111109375 0.4583333328125 0.6933333328125 0.4583333328125 0.6799999999999999 0.4861111109375 0.662222221875 0.5069444437499999 0.64 0.5069444437499999 0.63555555625 0.5 0.63555555625 0.527777778125 0.63555555625 0.5694444437499999 0.6533333328125 0.6458333328125 0.68444444375 0.6805555562500001