3 0.49097472968750006 0.9 0.49097472968750006 0.924 0.49578820625000003 0.954 0.50661853125 0.968 0.5198555953125 0.97 0.534296028125 0.9480000000000001 0.5511432015625 0.884 0.5583634171875 0.852 0.5631768953125 0.82 0.5583634171875 0.788 0.543922984375 0.776 0.5306859203125 0.772 0.511432009375 0.774 0.5018050546875 0.786 0.49217809843750004 0.796 0.489771359375 0.8300000000000001 0.489771359375 0.866 0.49097472968750006 0.9
3 0.555956678125 0.8779999999999999 0.5511432015625 0.9 0.54993983125 0.914 0.566787003125 0.9259999999999999 0.58243080625 0.9199999999999999 0.5956678703125 0.9 0.60409145625 0.8699999999999999 0.6125150421875001 0.834 0.6185318890625 0.806 0.620938628125 0.782 0.61612515 0.77 0.5908543921875 0.76 0.5752105890625 0.754 0.5583634171875 0.762 0.554753309375 0.782 0.5619735265625 0.808 0.5631768953125 0.842 0.555956678125 0.8779999999999999
3 0.40673886875000004 0.874 0.40673886875000004 0.924 0.4079422375 0.9480000000000001 0.412755715625 0.9560000000000001 0.43321299687500003 0.968 0.4428399515625 0.9560000000000001 0.46329723281249996 0.9380000000000001 0.4729241875 0.9099999999999999 0.48255114375 0.8779999999999999 0.49097472968750006 0.842 0.49338146875 0.798 0.49338146875 0.774 0.48616125156249995 0.762 0.47653429531249997 0.752 0.46329723281249996 0.738 0.454873646875 0.74 0.4356197359375 0.76 0.4211793015625 0.77 0.4079422375 0.806 0.4079422375 0.8400000000000001 0.40673886875000004 0.874
3 0.7244284000000001 0.614 0.730445246875 0.638 0.7448856796875 0.642 0.7677496984375 0.6519999999999999 0.7990373046875 0.6599999999999999 0.808664259375 0.658 0.8158844765625 0.612 0.8146811078124999 0.5820000000000001 0.8050541515624999 0.538 0.8002406734375 0.516 0.7894103484375 0.49400000000000005 0.7761732859375 0.48200000000000004 0.7436823109375 0.48200000000000004 0.7376654640625 0.48 0.730445246875 0.48 0.7292418765625001 0.49800000000000005 0.7232250296875 0.53 0.7232250296875 0.584 0.7244284000000001 0.614
3 0.37424789375 0.616 0.394705175 0.636 0.412755715625 0.628 0.4271961484375 0.606 0.43682310468749996 0.588 0.4404332125 0.558 0.43922984375 0.528 0.42839951875000004 0.504 0.4091456078125 0.48200000000000004 0.394705175 0.49800000000000005 0.39109506562499996 0.5 0.37424789375 0.516 0.36823104687499997 0.55 0.36823104687499997 0.5860000000000001 0.37424789375 0.616
3 0.445246690625 0.5980000000000001 0.465703971875 0.644 0.4837545125 0.65 0.5138387484375 0.63 0.5246690734375 0.61 0.533092659375 0.584 0.5354993984374999 0.548 0.531889290625 0.518 0.521058965625 0.49400000000000005 0.49217809843750004 0.45999999999999996 0.48495788281249996 0.45999999999999996 0.46089049375 0.46799999999999997 0.45126353750000003 0.484 0.44163658281249996 0.52 0.43922984375 0.562 0.445246690625 0.5980000000000001
3 0.608904934375 0.9480000000000001 0.61612515 0.97 0.6353790609375001 0.96 0.642599278125 0.942 0.653429603125 0.916 0.6726835140625 0.8699999999999999 0.6774969921875 0.842 0.6774969921875 0.8140000000000001 0.653429603125 0.796 0.630565584375 0.792 0.6293622140624999 0.796 0.61612515 0.8220000000000001 0.6113116734374999 0.8720000000000001 0.6077015640625001 0.914 0.608904934375 0.9480000000000001
3 0.7172081828125 0.866 0.7135980749999999 0.8859999999999999 0.70397111875 0.9119999999999999 0.697954271875 0.9259999999999999 0.6943441640625 0.942 0.696750903125 0.962 0.7015643796875 0.978 0.71480144375 0.9800000000000001 0.720818290625 0.9720000000000001 0.7268351390625 0.9400000000000001 0.7244284000000001 0.9019999999999999 0.7280385078125 0.8699999999999999 0.7316486156249999 0.836 0.7244284000000001 0.8240000000000001 0.7135980749999999 0.8019999999999999 0.7063778578125001 0.8 0.70276775 0.8140000000000001 0.7160048140625 0.826 0.7184115531249999 0.8460000000000001 0.7172081828125 0.866
3 0.6185318890625 0.5900000000000001 0.62575210625 0.618 0.6474127562499999 0.626 0.66064981875 0.63 0.6787003609375 0.634 0.697954271875 0.636 0.7220216609375 0.64 0.7220216609375 0.622 0.7232250296875 0.58 0.720818290625 0.5559999999999999 0.7184115531249999 0.532 0.7123947046875 0.496 0.7063778578125001 0.47800000000000004 0.6895306859375 0.46399999999999997 0.664259928125 0.458 0.6462093859375 0.458 0.631768953125 0.458 0.622141996875 0.49000000000000005 0.620938628125 0.528 0.620938628125 0.562 0.6185318890625 0.5900000000000001
3 0.3381468109375 0.9 0.36702767812500003 0.9039999999999999 0.37424789375 0.892 0.38507821875000003 0.8699999999999999 0.38748495781250003 0.8460000000000001 0.38387485 0.8140000000000001 0.37424789375 0.788 0.36341756875 0.788 0.3586040921875 0.774 0.351383875 0.77 0.3273164859375 0.77 0.3188929 0.774 0.308062575 0.792 0.300842359375 0.8140000000000001 0.29723225000000003 0.842 0.324909746875 0.8779999999999999 0.3381468109375 0.9
3 0.675090253125 0.8619999999999999 0.6618531890625 0.8939999999999999 0.6558363421875 0.916 0.648616125 0.942 0.6510228640625 0.962 0.6654632968749999 0.974 0.6835138390625 0.954 0.69314079375 0.9359999999999999 0.70397111875 0.9099999999999999 0.71480144375 0.8720000000000001 0.719614921875 0.8320000000000001 0.7123947046875 0.8240000000000001 0.6907340546875 0.808 0.6774969921875 0.808 0.6787003609375 0.8140000000000001 0.6787003609375 0.8380000000000001 0.675090253125 0.8619999999999999
3 0.8134777375000001 0.584 0.8158844765625 0.616 0.81227436875 0.636 0.818291215625 0.6519999999999999 0.8279181703124999 0.666 0.841155234375 0.6719999999999999 0.8447653421875 0.674 0.8507821906249999 0.6599999999999999 0.851985559375 0.64 0.8507821906249999 0.606 0.8471720812499999 0.576 0.8459687125 0.54 0.841155234375 0.52 0.8351383875 0.506 0.8243080624999999 0.49800000000000005 0.8158844765625 0.502 0.8110709984375 0.516 0.807460890625 0.536 0.808664259375 0.5599999999999999 0.8134777375000001 0.584