3 0.7992700734375 0 0.7883211671875 0.0054347828124999996 0.7810218984375 0.010869565624999999 0.7700729921875 0.0434782609375 0.7773722625 0.0923913046875 0.773722628125 0.125 0.7700729921875 0.1467391296875 0.7810218984375 0.163043478125 0.7992700734375 0.17391304375 0.8138686125 0.17934782656249998 0.8357664234375 0.190217390625 0.864963503125 0.190217390625 0.8868613140624999 0.17934782656249998 0.9051094890625 0.163043478125 0.912408759375 0.1304347828125 0.912408759375 0.086956521875 0.912408759375 0.04891304375 0.9051094890625 0.0217391296875 0.8868613140624999 0 0.8759124093749999 0 0.864963503125 0 0.8503649640625 0.010869565624999999 0.8357664234375 0.010869565624999999 0.8175182484375 0 0.8211678828125001 0.0054347828124999996 0.8138686125 0 0.7992700734375 0
3 0.6094890515625 0.8586956515624999 0.6240875906250001 0.8532608703125 0.6532846718750001 0.8423913046875 0.6678832109374999 0.8369565218749999 0.6678832109374999 0.8206521734375001 0.6678832109374999 0.8043478265624999 0.6678832109374999 0.7934782609375 0.6569343062499999 0.7717391296875 0.6423357671875001 0.7554347828125 0.6313868609375 0.75 0.6240875906250001 0.75 0.62043795625 0.75 0.6094890515625 0.7663043484375 0.605839415625 0.788043478125 0.5985401453125 0.8206521734375001 0.5985401453125 0.8423913046875 0.6094890515625 0.8586956515624999
3 0.7116788328125 0.79891304375 0.737226278125 0.7717391296875 0.744525546875 0.7445652171875 0.7335766421875001 0.7228260875 0.7189781015625 0.7065217390625 0.708029196875 0.7065217390625 0.69343065625 0.70108695625 0.6824817515625 0.70108695625 0.6678832109374999 0.711956521875 0.6642335765625 0.7445652171875 0.6678832109374999 0.788043478125 0.69343065625 0.8043478265624999 0.7116788328125 0.79891304375
3 0.3138686125 0.8206521734375001 0.32481751875 0.82608695625 0.34306569374999996 0.82608695625 0.3503649640625 0.8152173906250001 0.35766423281250004 0.7934782609375 0.364963503125 0.7826086953125 0.364963503125 0.7663043484375 0.364963503125 0.7336956515625 0.35766423281250004 0.7173913046875 0.346715328125 0.711956521875 0.3357664234375 0.7065217390625 0.310218978125 0.711956521875 0.2956204375 0.7228260875 0.2846715328125 0.7336956515625 0.2773722625 0.7445652171875 0.2773722625 0.7663043484375 0.2992700734375 0.8043478265624999 0.3138686125 0.8206521734375001
3 0.54744525625 0.8695652171875 0.569343065625 0.864130434375 0.5912408765625 0.864130434375 0.5985401453125 0.8423913046875 0.5912408765625 0.8152173906250001 0.5802919703125 0.7934782609375 0.5583941609374999 0.7826086953125 0.554744525 0.7826086953125 0.53649635 0.7934782609375 0.5291970796875 0.8097826093749999 0.5218978109375 0.8423913046875 0.5291970796875 0.864130434375 0.54744525625 0.8695652171875
3 0.26277372187500003 0.7282608703125 0.2883211671875 0.7282608703125 0.2992700734375 0.711956521875 0.3138686125 0.6793478265624999 0.3211678828125 0.6521739125 0.3211678828125 0.625 0.3175182484375 0.6032608703125 0.2992700734375 0.586956521875 0.2846715328125 0.57608695625 0.273722628125 0.57608695625 0.255474453125 0.5815217390625 0.2408759125 0.5978260875 0.22992700781250003 0.625 0.22627737187500002 0.6576086953125 0.237226278125 0.7065217390625 0.26277372187500003 0.7282608703125
3 0.13868613125 0.4293478265625 0.16423357656249998 0.45108695625 0.189781021875 0.4456521734375 0.22627737187500002 0.434782609375 0.2481751828125 0.413043478125 0.26642335781250004 0.3913043484375 0.27007299218749997 0.3478260875 0.27007299218749997 0.315217390625 0.26642335781250004 0.2826086953125 0.255474453125 0.2554347828125 0.2408759125 0.22826087031250003 0.21167883281250002 0.22282608750000002 0.19343065625 0.2173913046875 0.17518248125 0.2173913046875 0.15693430625 0.22826087031250003 0.1459854015625 0.25 0.135036496875 0.288043478125 0.12043795625 0.3315217390625 0.13138686093750002 0.40760869531250005 0.13868613125 0.4293478265625
3 0.22627737187500002 0.5923913046875 0.255474453125 0.586956521875 0.27007299218749997 0.57608695625 0.2846715328125 0.559782609375 0.291970803125 0.5217391296875 0.291970803125 0.4945652171875 0.291970803125 0.46739130468749995 0.28102189843750003 0.4456521734375 0.26642335781250004 0.440217390625 0.255474453125 0.434782609375 0.2481751828125 0.434782609375 0.21167883281250002 0.440217390625 0.1970802921875 0.46739130468749995 0.189781021875 0.48369565156250005 0.1861313875 0.5217391296875 0.189781021875 0.559782609375 0.22627737187500002 0.5923913046875
3 0.10583941562500002 0.19565217343750002 0.1459854015625 0.22282608750000002 0.17153284687499998 0.22282608750000002 0.19343065625 0.211956521875 0.21167883281250002 0.2065217390625 0.237226278125 0.17934782656249998 0.2481751828125 0.10869565156250001 0.2481751828125 0.059782609375 0.22992700781250003 0.032608695312500005 0.20802919687500002 0.016304348437499998 0.1678832109375 0.016304348437499998 0.1277372265625 0.0271739125 0.1277372265625 0.032608695312500005 0.10583941562500002 0.0543478265625 0.10218978125 0.1032608703125 0.0948905109375 0.1576086953125 0.10583941562500002 0.19565217343750002
3 0.7153284671875 0.46739130468749995 0.7116788328125 0.4945652171875 0.7153284671875 0.5271739125 0.7153284671875 0.54891304375 0.737226278125 0.565217390625 0.7664233578124999 0.5706521734375001 0.7810218984375 0.5706521734375001 0.80656934375 0.559782609375 0.8211678828125001 0.538043478125 0.8211678828125001 0.4945652171875 0.8175182484375 0.4728260875 0.8138686125 0.4456521734375 0.80656934375 0.4293478265625 0.7883211671875 0.40760869531250005 0.7773722625 0.40760869531250005 0.7518248171875 0.40760869531250005 0.7408759125 0.413043478125 0.737226278125 0.41847826093749996 0.7335766421875001 0.41847826093749996 0.726277371875 0.4293478265625 0.7189781015625 0.45108695625 0.7153284671875 0.46739130468749995
3 0.7408759125 0.22826087031250003 0.7335766421875001 0.260869565625 0.7299270078125 0.288043478125 0.7299270078125 0.315217390625 0.7299270078125 0.35326087031250003 0.7335766421875001 0.3804347828125 0.7408759125 0.3913043484375 0.7591240875 0.4021739125 0.7846715328125 0.40760869531250005 0.80656934375 0.413043478125 0.8394160578125 0.42391304375 0.8503649640625 0.40760869531250005 0.8613138687499999 0.3695652171875 0.8722627734374999 0.32065217343749997 0.8722627734374999 0.288043478125 0.8686131390625 0.2663043484375 0.8613138687499999 0.23913043437499998 0.8503649640625 0.2173913046875 0.8357664234375 0.19565217343750002 0.8211678828125001 0.184782609375 0.7956204375 0.190217390625 0.7883211671875 0.20108695625 0.7810218984375 0.2065217390625 0.762773721875 0.2065217390625 0.7518248171875 0.2173913046875 0.7408759125 0.22826087031250003
3 0.7481751828125 0.70108695625 0.7773722625 0.711956521875 0.8029197078125 0.6793478265624999 0.8102189781250001 0.6304347828125 0.7992700734375 0.5923913046875 0.7883211671875 0.5706521734375001 0.755474453125 0.565217390625 0.7189781015625 0.5815217390625 0.708029196875 0.625 0.7153284671875 0.67391304375 0.7481751828125 0.70108695625
3 0.3540145984375 0.8369565218749999 0.3686131390625 0.8695652171875 0.394160584375 0.875 0.4087591234375 0.875 0.43065693437499997 0.864130434375 0.43795620468749996 0.8423913046875 0.44160583906250006 0.8152173906250001 0.43795620468749996 0.7771739125 0.4270073 0.7663043484375 0.40510948906250005 0.7663043484375 0.3868613140625 0.7771739125 0.3686131390625 0.788043478125 0.3540145984375 0.8206521734375001 0.3540145984375 0.8369565218749999
3 0.4562043796875 0.885869565625 0.481751825 0.885869565625 0.496350365625 0.885869565625 0.5072992703125 0.8695652171875 0.514598540625 0.8532608703125 0.518248175 0.82608695625 0.5109489046875 0.79891304375 0.503649634375 0.788043478125 0.5 0.7826086953125 0.4781021890625 0.788043478125 0.4562043796875 0.8152173906250001 0.445255475 0.8315217390624999 0.44160583906250006 0.864130434375 0.4562043796875 0.885869565625