3 0.23351648281249998 0.5349999999999999 0.23076923124999998 0.545 0.23351648281249998 0.5599999999999999 0.23351648281249998 0.5700000000000001 0.23901098906249998 0.585 0.24450549375000002 0.5900000000000001 0.25 0.5900000000000001 0.25549450625 0.585 0.25549450625 0.5650000000000001 0.25549450625 0.5549999999999999 0.2582417578125 0.5349999999999999 0.2582417578125 0.525 0.25549450625 0.515 0.252747253125 0.51 0.247252746875 0.505 0.24175824218750003 0.505 0.23901098906249998 0.505 0.2362637359375 0.515 0.23351648281249998 0.5349999999999999
3 0.315934065625 0.55 0.31868131875 0.5599999999999999 0.3241758234375 0.575 0.3269230765625 0.58 0.3351648359375 0.585 0.340659340625 0.58 0.346153846875 0.58 0.3516483515625 0.58 0.3543956046875 0.5700000000000001 0.3516483515625 0.545 0.3516483515625 0.54 0.3516483515625 0.525 0.3489010984375 0.515 0.34340659375000004 0.51 0.3379120875 0.505 0.3296703296875 0.51 0.3269230765625 0.515 0.31868131875 0.52 0.3131868125 0.525 0.3131868125 0.54 0.315934065625 0.55
3 0.22252747187500002 0.445 0.225274725 0.45499999999999996 0.23076923124999998 0.465 0.23351648281249998 0.47000000000000003 0.23901098906249998 0.48 0.247252746875 0.48 0.252747253125 0.48 0.2582417578125 0.47000000000000003 0.2582417578125 0.45999999999999996 0.2582417578125 0.445 0.25549450625 0.43499999999999994 0.252747253125 0.42000000000000004 0.25 0.41 0.25 0.4 0.24175824218750003 0.39 0.2362637359375 0.385 0.23076923124999998 0.385 0.225274725 0.385 0.22252747187500002 0.39 0.21703296718749998 0.395 0.21703296718749998 0.41 0.21978022031250002 0.43 0.22252747187500002 0.445
3 0.47527472499999995 0.445 0.472527471875 0.45499999999999996 0.47802197812499997 0.47000000000000003 0.4917582421875 0.48 0.502747253125 0.485 0.5082417578125 0.485 0.5137362640625 0.49000000000000005 0.5219780218750001 0.49000000000000005 0.524725275 0.475 0.5219780218750001 0.45999999999999996 0.51923076875 0.445 0.5137362640625 0.43499999999999994 0.5109890109374999 0.425 0.502747253125 0.41 0.4917582421875 0.4 0.48626373593750005 0.395 0.48076923125000004 0.395 0.47802197812499997 0.40499999999999997 0.47802197812499997 0.43 0.47527472499999995 0.445
3 0.3571428578125 0.5549999999999999 0.3571428578125 0.5599999999999999 0.3626373625 0.5650000000000001 0.36813186875000004 0.5650000000000001 0.3736263734375 0.5650000000000001 0.37912087968749997 0.5599999999999999 0.384615384375 0.5549999999999999 0.390109890625 0.545 0.390109890625 0.5349999999999999 0.390109890625 0.525 0.3873626375 0.515 0.3873626375 0.505 0.384615384375 0.495 0.37912087968749997 0.495 0.37087912031250003 0.495 0.3626373625 0.495 0.3543956046875 0.5 0.3516483515625 0.51 0.3516483515625 0.52 0.3543956046875 0.5349999999999999 0.3571428578125 0.5549999999999999
3 0.43131868124999995 0.485 0.43681318750000003 0.495 0.43956043906250003 0.505 0.4478021984375 0.51 0.45604395625 0.51 0.4670329671875 0.51 0.472527471875 0.505 0.48076923125000004 0.495 0.47527472499999995 0.47000000000000003 0.472527471875 0.45999999999999996 0.4697802203125 0.445 0.4615384609375 0.43499999999999994 0.458791209375 0.43499999999999994 0.45054945 0.43499999999999994 0.4478021984375 0.43499999999999994 0.44230769218750005 0.43499999999999994 0.43681318750000003 0.44000000000000006 0.43681318750000003 0.45499999999999996 0.43406593437499996 0.45999999999999996 0.43406593437499996 0.475 0.43131868124999995 0.485
3 0.3736263734375 0.4 0.3736263734375 0.41 0.37912087968749997 0.41500000000000004 0.38186813124999996 0.42000000000000004 0.390109890625 0.425 0.3956043953125 0.425 0.40659340625 0.42000000000000004 0.4148351640625 0.41500000000000004 0.4203296703125 0.4 0.4230769234375 0.39 0.4230769234375 0.375 0.4203296703125 0.36 0.4203296703125 0.35 0.4148351640625 0.34500000000000003 0.409340659375 0.33999999999999997 0.40384615312500005 0.33999999999999997 0.3956043953125 0.33999999999999997 0.38186813124999996 0.335 0.3763736265625 0.335 0.37087912031250003 0.34500000000000003 0.365384615625 0.355 0.36813186875000004 0.375 0.37087912031250003 0.39 0.3736263734375 0.4
3 0.252747253125 0.43 0.26098901093750004 0.45499999999999996 0.26098901093750004 0.47000000000000003 0.26923076875 0.485 0.274725275 0.485 0.2884615390625 0.48 0.3021978015625 0.475 0.3131868125 0.47000000000000003 0.315934065625 0.45999999999999996 0.3104395609375 0.41500000000000004 0.3076923078125 0.4 0.3049450546875 0.385 0.29395604375 0.37 0.28571428593750003 0.365 0.274725275 0.36 0.2637362640625 0.36 0.25549450625 0.365 0.247252746875 0.385 0.252747253125 0.41500000000000004 0.252747253125 0.43
3 0.3928571421875 0.53 0.3983516484375 0.5349999999999999 0.40659340625 0.54 0.4120879125 0.5349999999999999 0.4203296703125 0.53 0.4230769234375 0.52 0.4258241765625 0.495 0.4258241765625 0.475 0.4258241765625 0.47000000000000003 0.4203296703125 0.465 0.4120879125 0.47000000000000003 0.40659340625 0.475 0.40109890156250005 0.475 0.3956043953125 0.48 0.390109890625 0.485 0.3873626375 0.485 0.384615384375 0.5 0.3873626375 0.515 0.3928571421875 0.53
3 0.2884615390625 0.5650000000000001 0.29395604375 0.58 0.29670329687499997 0.585 0.3049450546875 0.5900000000000001 0.315934065625 0.585 0.3241758234375 0.585 0.32142857187499996 0.5700000000000001 0.3131868125 0.545 0.3131868125 0.5349999999999999 0.3131868125 0.525 0.315934065625 0.52 0.3104395609375 0.515 0.3021978015625 0.515 0.28571428593750003 0.51 0.2802197796875 0.515 0.2802197796875 0.52 0.2829670328125 0.54 0.2884615390625 0.5650000000000001
3 0.2582417578125 0.5599999999999999 0.25549450625 0.58 0.25549450625 0.5900000000000001 0.26098901093750004 0.605 0.271978021875 0.605 0.2802197796875 0.605 0.2884615390625 0.595 0.291208790625 0.585 0.2884615390625 0.5650000000000001 0.28571428593750003 0.545 0.2829670328125 0.5349999999999999 0.2802197796875 0.53 0.277472528125 0.525 0.277472528125 0.515 0.274725275 0.515 0.271978021875 0.505 0.2637362640625 0.505 0.2582417578125 0.51 0.2582417578125 0.525 0.2582417578125 0.545 0.2582417578125 0.5599999999999999
3 0.3131868125 0.43 0.315934065625 0.44000000000000006 0.31868131875 0.45999999999999996 0.3269230765625 0.465 0.34340659375000004 0.45999999999999996 0.3516483515625 0.45499999999999996 0.3626373625 0.45 0.36813186875000004 0.445 0.3763736265625 0.44000000000000006 0.3763736265625 0.42000000000000004 0.3736263734375 0.395 0.365384615625 0.37 0.3626373625 0.36 0.359890109375 0.34500000000000003 0.3489010984375 0.33999999999999997 0.3351648359375 0.33999999999999997 0.3269230765625 0.34500000000000003 0.32142857187499996 0.34500000000000003 0.3131868125 0.35 0.3104395609375 0.37 0.3104395609375 0.38 0.3104395609375 0.41 0.3131868125 0.43