3 0.3083333328125 0.6733333328125 0.3333333328125 0.6733333328125 0.3583333328125 0.6466666671875 0.3708333328125 0.6266666671875 0.375 0.5933333328125 0.375 0.5533333328125 0.3708333328125 0.54 0.3583333328125 0.52 0.3583333328125 0.5133333328125 0.35 0.5333333328125 0.3375 0.54 0.3166666671875 0.5533333328125 0.3 0.5533333328125 0.2875 0.5533333328125 0.275 0.5599999999999999 0.2791666671875 0.5866666671874999 0.2833333328125 0.62 0.2916666671875 0.6466666671875 0.3083333328125 0.6733333328125
3 0.5083333328124999 0.6866666671874999 0.5291666671875 0.7 0.5625 0.7066666671874999 0.5875 0.6866666671874999 0.6 0.6533333328125 0.6041666671875 0.62 0.6083333328125 0.5733333328125 0.6125 0.5466666671875 0.6083333328125 0.5266666671875 0.5916666671875 0.5333333328125 0.5625 0.5266666671875 0.5458333328125 0.52 0.5291666671875 0.5066666671875 0.5291666671875 0.5333333328125 0.525 0.54 0.5125 0.5599999999999999 0.5041666671875 0.5666666671875 0.49583333281249997 0.5666666671875 0.49583333281249997 0.5733333328125 0.49583333281249997 0.62 0.49583333281249997 0.6466666671875 0.5083333328124999 0.6866666671874999
0 0.1916666671875 0.4533333328125 0.2 0.46666666718750005 0.2166666671875 0.45999999999999996 0.22916666718749998 0.44666666718750003 0.225 0.43333333281249997 0.2166666671875 0.41333333281250006 0.2 0.3933333328125 0.1916666671875 0.3866666671875 0.1833333328125 0.37333333281250003 0.175 0.37333333281250003 0.1708333328125 0.3933333328125 0.1708333328125 0.4066666671875 0.175 0.41333333281250006 0.175 0.4266666671875 0.17916666718750002 0.44000000000000006 0.1916666671875 0.4533333328125
3 0.8541666671874999 0.4733333328125 0.8541666671874999 0.48666666718749996 0.8416666671874999 0.52 0.8416666671874999 0.5333333328125 0.8541666671874999 0.54 0.875 0.54 0.8958333328125001 0.5333333328125 0.9125 0.5266666671875 0.9208333328125 0.5 0.9291666671875 0.4733333328125 0.9333333328125001 0.4533333328125 0.9333333328125001 0.4266666671875 0.9208333328125 0.42000000000000004 0.9083333328125001 0.42000000000000004 0.8916666671875 0.43333333281249997 0.8833333328125 0.43333333281249997 0.8625 0.43333333281249997 0.8541666671874999 0.44000000000000006 0.8541666671874999 0.4533333328125 0.8541666671874999 0.4733333328125
3 0.1125 0.46666666718750005 0.1375 0.48 0.1666666671875 0.4733333328125 0.1708333328125 0.4533333328125 0.1625 0.41333333281250006 0.1458333328125 0.3866666671875 0.1291666671875 0.36666666718749996 0.1125 0.36 0.1041666671875 0.3533333328125 0.1 0.38 0.1 0.4 0.1041666671875 0.43333333281249997 0.1125 0.46666666718750005
3 0.7541666671875 0.6266666671875 0.775 0.62 0.7875 0.5933333328125 0.7916666671875 0.5666666671875 0.7875 0.5266666671875 0.7791666671875 0.5 0.775 0.5066666671875 0.7583333328124999 0.5133333328125 0.7416666671875001 0.52 0.7208333328125 0.52 0.7208333328125 0.5266666671875 0.7166666671875 0.5666666671875 0.7166666671875 0.5866666671874999 0.7166666671875 0.6 0.7208333328125 0.6066666671875 0.7291666671875 0.62 0.7375 0.6266666671875 0.7541666671875 0.6266666671875
3 0.225 0.48666666718749996 0.23333333281250002 0.52 0.2666666671875 0.5533333328125 0.2958333328125 0.5533333328125 0.325 0.5466666671875 0.3458333328125 0.54 0.3583333328125 0.5066666671875 0.3583333328125 0.45999999999999996 0.3541666671875 0.4266666671875 0.35 0.4066666671875 0.3333333328125 0.37333333281250003 0.3166666671875 0.33999999999999997 0.30416666718749996 0.3266666671875 0.2875 0.32 0.2708333328125 0.32 0.25833333281250004 0.3266666671875 0.24583333281250003 0.3333333328125 0.2375 0.36666666718749996 0.22916666718749998 0.4 0.225 0.44000000000000006 0.225 0.48666666718749996
3 0.6875 0.4733333328125 0.6916666671875 0.5066666671875 0.7083333328125 0.5133333328125 0.7291666671875 0.52 0.7583333328124999 0.52 0.7833333328125 0.5066666671875 0.7958333328125 0.48666666718749996 0.8041666671875 0.48 0.8083333328125001 0.46666666718750005 0.8166666671874999 0.44666666718750003 0.8208333328125 0.4266666671875 0.8208333328125 0.4 0.8208333328125 0.36666666718749996 0.8125 0.3466666671875 0.8083333328125001 0.3266666671875 0.7958333328125 0.3133333328125 0.7833333328125 0.3133333328125 0.7625 0.3066666671875 0.7416666671875001 0.3133333328125 0.7208333328125 0.32 0.7 0.3333333328125 0.6916666671875 0.3533333328125 0.6875 0.37333333281250003 0.6833333328125 0.4 0.6833333328125 0.44000000000000006 0.6875 0.4733333328125
3 0.6333333328124999 0.6866666671874999 0.6375 0.6933333328125 0.6583333328125 0.6933333328125 0.6791666671875001 0.6866666671874999 0.6958333328124999 0.6733333328125 0.7083333328125 0.6466666671875 0.7166666671875 0.6066666671875 0.7166666671875 0.58 0.7208333328125 0.5466666671875 0.7208333328125 0.52 0.7083333328125 0.5133333328125 0.6958333328124999 0.5066666671875 0.6916666671875 0.4933333328125 0.6875 0.48 0.6791666671875001 0.48 0.6708333328125 0.5 0.6583333328125 0.52 0.6416666671875 0.5266666671875 0.6208333328125 0.5333333328125 0.6125 0.54 0.6125 0.6 0.6125 0.6333333328124999 0.6208333328125 0.6666666671875 0.6333333328124999 0.6866666671874999
3 0.175 0.48 0.1833333328125 0.48666666718749996 0.19583333281249998 0.4933333328125 0.2 0.48 0.20416666718749998 0.4733333328125 0.2125 0.46666666718750005 0.225 0.46666666718750005 0.22916666718749998 0.44000000000000006 0.225 0.42000000000000004 0.2125 0.4066666671875 0.19583333281249998 0.3933333328125 0.1875 0.38 0.1833333328125 0.37333333281250003 0.175 0.38 0.1708333328125 0.3933333328125 0.1708333328125 0.42000000000000004 0.1708333328125 0.44666666718750003 0.175 0.48
3 0.35 0.44666666718750003 0.3541666671875 0.4933333328125 0.3708333328125 0.54 0.3916666671875 0.5599999999999999 0.4166666671875 0.5666666671875 0.4375 0.5733333328125 0.475 0.5733333328125 0.5083333328124999 0.5666666671875 0.525 0.5466666671875 0.5333333328125 0.5066666671875 0.5333333328125 0.4533333328125 0.5333333328125 0.41333333281250006 0.5291666671875 0.37333333281250003 0.5166666671875 0.33999999999999997 0.5 0.3133333328125 0.4791666671875 0.2866666671875 0.45416666718750004 0.2666666671875 0.43333333281249997 0.26 0.4125 0.2533333328125 0.38333333281250004 0.2733333328125 0.36666666718749996 0.3133333328125 0.3583333328125 0.36 0.35 0.4 0.35 0.44666666718750003
3 0.425 0.7066666671874999 0.45416666718750004 0.7 0.47083333281249995 0.6666666671875 0.475 0.64 0.48333333281249996 0.6 0.48333333281249996 0.5666666671875 0.4791666671875 0.5666666671875 0.4625 0.5733333328125 0.44166666718750003 0.5733333328125 0.42083333281249996 0.5733333328125 0.3958333328125 0.5666666671875 0.38333333281250004 0.5666666671875 0.3875 0.6133333328125 0.3916666671875 0.6533333328125 0.40416666718750005 0.6866666671874999 0.425 0.7066666671874999
3 0.825 0.5333333328125 0.8333333328125001 0.5333333328125 0.8458333328125001 0.5066666671875 0.85 0.48 0.8541666671874999 0.44666666718750003 0.8541666671874999 0.43333333281249997 0.8458333328125001 0.42000000000000004 0.8375 0.41333333281250006 0.8208333328125 0.41333333281250006 0.8208333328125 0.4266666671875 0.8208333328125 0.44666666718750003 0.8125 0.46666666718750005 0.8 0.48666666718749996 0.7875 0.5 0.7958333328125 0.5133333328125 0.8083333328125001 0.5266666671875 0.8208333328125 0.5333333328125 0.825 0.5333333328125
0 0.85 0.4733333328125 0.85 0.4533333328125 0.85 0.43333333281249997 0.8416666671874999 0.42000000000000004 0.8375 0.41333333281250006 0.825 0.42000000000000004 0.825 0.43333333281249997 0.8208333328125 0.4533333328125 0.8125 0.45999999999999996 0.8083333328125001 0.4733333328125 0.8083333328125001 0.48666666718749996 0.8166666671874999 0.5 0.8291666671875 0.5 0.8375 0.4933333328125 0.85 0.4733333328125
3 0.2 0.5066666671875 0.19583333281249998 0.5466666671875 0.2 0.58 0.20416666718749998 0.6133333328125 0.2166666671875 0.6266666671875 0.22916666718749998 0.6266666671875 0.24583333281250003 0.6133333328125 0.25833333281250004 0.6 0.2666666671875 0.58 0.2666666671875 0.5533333328125 0.2541666671875 0.5466666671875 0.2375 0.5266666671875 0.22916666718749998 0.5 0.225 0.4733333328125 0.2208333328125 0.4733333328125 0.2125 0.4733333328125 0.20416666718749998 0.4733333328125 0.2 0.48 0.2 0.5066666671875
0 0.1166666671875 0.43333333281249997 0.13333333281249998 0.44666666718750003 0.1458333328125 0.44666666718750003 0.1541666671875 0.4266666671875 0.1625 0.4266666671875 0.1625 0.4066666671875 0.1458333328125 0.3866666671875 0.1291666671875 0.36666666718749996 0.1125 0.36 0.1041666671875 0.3533333328125 0.1 0.38 0.1 0.41333333281250006 0.1041666671875 0.4266666671875 0.1166666671875 0.43333333281249997
3 0.5291666671875 0.4533333328125 0.5375 0.48666666718749996 0.5375 0.5066666671875 0.55 0.5266666671875 0.5625 0.5266666671875 0.5833333328125 0.5333333328125 0.6041666671875 0.5333333328125 0.625 0.5333333328125 0.65 0.5266666671875 0.6666666671875 0.5133333328125 0.6791666671875001 0.48666666718749996 0.6833333328125 0.4533333328125 0.6875 0.42000000000000004 0.6875 0.3866666671875 0.6875 0.36666666718749996 0.6708333328125 0.36 0.65 0.36 0.625 0.36666666718749996 0.6 0.37333333281250003 0.575 0.37333333281250003 0.5708333328124999 0.37333333281250003 0.5625 0.38 0.55 0.3866666671875 0.5375 0.4 0.5333333328125 0.42000000000000004 0.5291666671875 0.4533333328125
0 0.8791666671874999 0.5133333328125 0.875 0.5266666671875 0.8791666671874999 0.54 0.8875 0.54 0.9041666671874999 0.5333333328125 0.9166666671874999 0.5133333328125 0.925 0.4933333328125 0.9291666671875 0.46666666718750005 0.9291666671875 0.44000000000000006 0.9291666671875 0.43333333281249997 0.9208333328125 0.4266666671875 0.9166666671874999 0.4266666671875 0.9083333328125001 0.43333333281249997 0.8875 0.45999999999999996 0.8833333328125 0.48 0.8791666671874999 0.5133333328125