3 0.515 0.52061855625 0.515 0.5515463921875 0.5125 0.567010309375 0.51 0.5773195875 0.51 0.6134020625 0.515 0.6494845359375 0.52 0.69072165 0.525 0.721649484375 0.5325 0.7628865984375001 0.5425 0.7886597937500001 0.5650000000000001 0.7835051546875 0.58 0.7731958765625 0.5925 0.7371134015624999 0.5974999999999999 0.6855670109374999 0.6025 0.6288659796875 0.6025 0.5773195875 0.5900000000000001 0.5773195875 0.575 0.5721649484375 0.5650000000000001 0.5721649484375 0.5525 0.5412371140625 0.545 0.4948453609375 0.5425 0.44329896875 0.5375 0.44329896875 0.5275000000000001 0.44329896875 0.515 0.44329896875 0.515 0.469072165625 0.515 0.4948453609375 0.515 0.52061855625
3 0.20249999999999999 0.55670103125 0.20249999999999999 0.6082474234374999 0.2 0.6597938140624999 0.20249999999999999 0.701030928125 0.205 0.757731959375 0.20750000000000002 0.7938144328125001 0.215 0.819587628125 0.22999999999999998 0.835051546875 0.2475 0.82474226875 0.2575 0.8041237109375 0.26749999999999996 0.7474226796875 0.275 0.7113402062499999 0.28250000000000003 0.6701030921875 0.28500000000000003 0.644329896875 0.2875 0.6134020625 0.29 0.5824742265625 0.28500000000000003 0.567010309375 0.27999999999999997 0.567010309375 0.265 0.567010309375 0.25 0.567010309375 0.2375 0.567010309375 0.2325 0.5515463921875 0.22749999999999998 0.530927834375 0.2225 0.5 0.22000000000000003 0.4845360828125 0.215 0.4845360828125 0.21000000000000002 0.489690721875 0.20750000000000002 0.52061855625 0.20249999999999999 0.55670103125
3 0.64 0.664948453125 0.645 0.7268041234375 0.655 0.7680412375000001 0.67 0.7938144328125001 0.6925 0.7938144328125001 0.7025 0.7680412375000001 0.71 0.7113402062499999 0.7125 0.6597938140624999 0.7150000000000001 0.6082474234374999 0.72 0.55670103125 0.72 0.536082475 0.725 0.510309278125 0.7150000000000001 0.5 0.7125 0.510309278125 0.71 0.536082475 0.7025 0.5618556703124999 0.6900000000000001 0.567010309375 0.6725 0.567010309375 0.6525000000000001 0.5721649484375 0.635 0.5773195875 0.6224999999999999 0.5773195875 0.6174999999999999 0.5773195875 0.62 0.5927835046875 0.625 0.6082474234374999 0.63 0.6340206187499999 0.64 0.664948453125
3 0.21749999999999997 0.4226804125 0.22000000000000003 0.47938144375 0.225 0.5257731953125 0.2375 0.567010309375 0.2625 0.567010309375 0.29500000000000004 0.567010309375 0.3175 0.55670103125 0.3325 0.5154639171875 0.3375 0.4742268046875 0.33999999999999997 0.4226804125 0.335 0.3711340203125 0.325 0.31958762812499997 0.31 0.2628865984375 0.29500000000000004 0.221649484375 0.27999999999999997 0.2061855671875 0.2625 0.201030928125 0.24 0.21649484531250002 0.22999999999999998 0.2525773203125 0.2225 0.30927835 0.21749999999999997 0.3711340203125 0.21749999999999997 0.4226804125
3 0.08499999999999999 0.5 0.0925 0.530927834375 0.095 0.567010309375 0.1025 0.5876288656249999 0.125 0.5773195875 0.1375 0.5515463921875 0.1375 0.5154639171875 0.1275 0.4484536078125 0.1275 0.3969072171875 0.12250000000000001 0.36597938124999996 0.1025 0.34020618593749996 0.0875 0.31958762812499997 0.08 0.3298969078125 0.0775 0.3608247421875 0.0775 0.43298969062500003 0.08499999999999999 0.5
3 0.7150000000000001 0.4845360828125 0.7175 0.5051546390625 0.73 0.5154639171875 0.755 0.536082475 0.775 0.5515463921875 0.7875 0.5515463921875 0.8025 0.5515463921875 0.8175000000000001 0.4948453609375 0.82 0.4484536078125 0.82 0.3969072171875 0.8225 0.3298969078125 0.8175000000000001 0.2835051546875 0.8099999999999999 0.2474226796875 0.7925 0.2268041234375 0.7775000000000001 0.2319587625 0.7525000000000001 0.2474226796875 0.74 0.2628865984375 0.73 0.29381443281249997 0.7175 0.3298969078125 0.7075 0.376288659375 0.7150000000000001 0.453608246875 0.7150000000000001 0.4845360828125
3 0.5525 0.55670103125 0.575 0.5721649484375 0.5974999999999999 0.5721649484375 0.63 0.5721649484375 0.6675 0.567010309375 0.6925 0.5618556703124999 0.71 0.5515463921875 0.7125 0.5 0.7150000000000001 0.469072165625 0.7125 0.40206185625 0.7075 0.32474226875 0.7025 0.2731958765625 0.6900000000000001 0.2268041234375 0.6675 0.180412371875 0.6475 0.1701030921875 0.6174999999999999 0.164948453125 0.5925 0.180412371875 0.5700000000000001 0.2371134015625 0.5575 0.2835051546875 0.545 0.453608246875 0.5475 0.5154639171875 0.5525 0.55670103125
3 0.42750000000000005 0.7680412375000001 0.4525 0.7938144328125001 0.4725 0.778350515625 0.4875 0.7319587624999999 0.4875 0.6855670109374999 0.4875 0.6340206187499999 0.4875 0.5927835046875 0.48250000000000004 0.5876288656249999 0.46749999999999997 0.5876288656249999 0.4525 0.5927835046875 0.44000000000000006 0.5927835046875 0.425 0.5927835046875 0.40499999999999997 0.5927835046875 0.4 0.5927835046875 0.4 0.6030927828125 0.4025 0.623711340625 0.40750000000000003 0.6804123718749999 0.4125 0.7164948453125 0.42750000000000005 0.7680412375000001
3 0.1325 0.45876288593750003 0.1375 0.5051546390625 0.14250000000000002 0.530927834375 0.14750000000000002 0.567010309375 0.1575 0.567010309375 0.1825 0.546391753125 0.20249999999999999 0.510309278125 0.215 0.463917525 0.215 0.40721649531250004 0.20750000000000002 0.35567010312499997 0.1925 0.3144329890625 0.17250000000000001 0.2731958765625 0.1575 0.24226804062500001 0.145 0.2268041234375 0.13 0.2474226796875 0.1275 0.278350515625 0.125 0.3505154640625 0.125 0.40206185625 0.1325 0.45876288593750003
3 0.9025000000000001 0.44329896875 0.9025000000000001 0.469072165625 0.8975 0.4948453609375 0.8949999999999999 0.510309278125 0.8975 0.536082475 0.9 0.55670103125 0.9075 0.5824742265625 0.9275 0.5876288656249999 0.9375 0.5721649484375 0.945 0.530927834375 0.945 0.463917525 0.95 0.40206185625 0.95 0.3505154640625 0.9475 0.298969071875 0.9400000000000001 0.28865979375 0.9324999999999999 0.298969071875 0.9199999999999999 0.32474226875 0.9125 0.345360825 0.905 0.376288659375 0.9025000000000001 0.3917525765625 0.9025000000000001 0.4175257734375 0.9025000000000001 0.44329896875
3 0.8225 0.4845360828125 0.8300000000000001 0.510309278125 0.8400000000000001 0.536082475 0.86 0.5618556703124999 0.8775000000000001 0.5721649484375 0.8875 0.546391753125 0.8975 0.4948453609375 0.9025000000000001 0.43298969062500003 0.905 0.3711340203125 0.9075 0.3298969078125 0.9075 0.298969071875 0.9025000000000001 0.2731958765625 0.9 0.2525773203125 0.8875 0.2371134015625 0.875 0.2525773203125 0.865 0.257731959375 0.845 0.29381443281249997 0.835 0.3298969078125 0.8225 0.38144329843749997 0.82 0.4381443296875 0.8225 0.4845360828125
3 0.7275 0.567010309375 0.7325 0.6185567015625 0.7375 0.654639175 0.745 0.701030928125 0.7575000000000001 0.7628865984375001 0.7625 0.798969071875 0.7725 0.819587628125 0.7875 0.8402061859375 0.8025 0.8505154640624999 0.8150000000000001 0.835051546875 0.82 0.798969071875 0.82 0.7886597937500001 0.82 0.757731959375 0.82 0.7061855671874999 0.82 0.6597938140624999 0.82 0.623711340625 0.8225 0.5927835046875 0.8225 0.5618556703124999 0.8225 0.5412371140625 0.82 0.5257731953125 0.8125 0.52061855625 0.8099999999999999 0.52061855625 0.8074999999999999 0.530927834375 0.805 0.5412371140625 0.7975 0.5515463921875 0.79 0.5515463921875 0.78 0.5515463921875 0.7625 0.546391753125 0.75 0.5412371140625 0.745 0.530927834375 0.74 0.5257731953125 0.7375 0.530927834375 0.7275 0.530927834375 0.725 0.546391753125 0.7275 0.567010309375
3 0.355 0.4484536078125 0.355 0.489690721875 0.355 0.530927834375 0.35750000000000004 0.55670103125 0.365 0.5773195875 0.40750000000000003 0.5876288656249999 0.43 0.5927835046875 0.45 0.5876288656249999 0.48 0.5876288656249999 0.49749999999999994 0.5824742265625 0.5125 0.5721649484375 0.515 0.5618556703124999 0.515 0.52061855625 0.515 0.469072165625 0.515 0.412371134375 0.5175 0.35567010312499997 0.5075000000000001 0.298969071875 0.495 0.2525773203125 0.475 0.221649484375 0.45 0.19587628906250001 0.41500000000000004 0.1855670109375 0.4025 0.19072165000000002 0.3875 0.21649484531250002 0.3725 0.2474226796875 0.365 0.278350515625 0.36 0.31958762812499997 0.35750000000000004 0.36597938124999996 0.355 0.4484536078125
3 0.135 0.67525773125 0.135 0.721649484375 0.135 0.7525773203125 0.13999999999999999 0.7731958765625 0.14750000000000002 0.778350515625 0.1625 0.7680412375000001 0.175 0.7474226796875 0.1825 0.7268041234375 0.19 0.701030928125 0.195 0.6804123718749999 0.2 0.6597938140624999 0.20249999999999999 0.644329896875 0.20249999999999999 0.6134020625 0.20249999999999999 0.5721649484375 0.20249999999999999 0.55670103125 0.205 0.536082475 0.205 0.5257731953125 0.20750000000000002 0.5154639171875 0.20249999999999999 0.5154639171875 0.1975 0.52061855625 0.19 0.536082475 0.1825 0.546391753125 0.17250000000000001 0.55670103125 0.16 0.5618556703124999 0.1525 0.567010309375 0.15 0.567010309375 0.14750000000000002 0.5515463921875 0.145 0.5412371140625 0.14250000000000002 0.546391753125 0.14250000000000002 0.5618556703124999 0.1375 0.5927835046875 0.135 0.6288659796875 0.135 0.67525773125
3 0.82 0.5412371140625 0.825 0.5618556703124999 0.825 0.5927835046875 0.8300000000000001 0.6391752578125 0.8400000000000001 0.664948453125 0.8525 0.7113402062499999 0.865 0.742268040625 0.8699999999999999 0.7731958765625 0.8800000000000001 0.7938144328125001 0.8875 0.798969071875 0.8925000000000001 0.7886597937500001 0.8949999999999999 0.7628865984375001 0.9 0.7268041234375 0.8975 0.67525773125 0.8925000000000001 0.623711340625 0.8925000000000001 0.5876288656249999 0.8925000000000001 0.55670103125 0.89 0.530927834375 0.89 0.546391753125 0.8825 0.55670103125 0.875 0.5721649484375 0.8675 0.5721649484375 0.8525 0.5618556703124999 0.8425 0.546391753125 0.835 0.530927834375 0.8300000000000001 0.510309278125 0.825 0.489690721875 0.8225 0.489690721875 0.82 0.5 0.82 0.5154639171875 0.82 0.5412371140625
3 0.3075 0.7371134015624999 0.325 0.7886597937500001 0.34500000000000003 0.7886597937500001 0.36 0.7731958765625 0.375 0.7164948453125 0.3775 0.6855670109374999 0.3825 0.6288659796875 0.385 0.59793814375 0.3825 0.5824742265625 0.37 0.5773195875 0.36 0.567010309375 0.3525 0.5412371140625 0.3525 0.510309278125 0.3525 0.4845360828125 0.3525 0.469072165625 0.3525 0.45876288593750003 0.33999999999999997 0.45876288593750003 0.3375 0.45876288593750003 0.3375 0.4742268046875 0.335 0.4948453609375 0.3275 0.530927834375 0.3175 0.55670103125 0.31 0.5618556703124999 0.2975 0.5618556703124999 0.29 0.5618556703124999 0.2875 0.5721649484375 0.2875 0.5773195875 0.2925 0.623711340625 0.3 0.6804123718749999 0.3075 0.7371134015624999