3 0.865 0.50625 0.865 0.5125 0.8550000000000001 0.5375 0.85 0.54375 0.85 0.55625 0.85 0.5625 0.8550000000000001 0.56875 0.86 0.56875 0.865 0.56875 0.875 0.56875 0.885 0.55 0.885 0.5375 0.9 0.46875 0.9 0.45 0.8949999999999999 0.44375 0.885 0.45 0.8800000000000001 0.45625 0.8699999999999999 0.475 0.865 0.48125 0.865 0.49375 0.865 0.50625
3 0.52 0.70625 0.53 0.7125 0.55 0.71875 0.5599999999999999 0.725 0.575 0.725 0.5900000000000001 0.73125 0.6 0.73125 0.61 0.725 0.615 0.725 0.62 0.70625 0.615 0.69375 0.61 0.68125 0.585 0.66875 0.5650000000000001 0.6625 0.545 0.65625 0.5349999999999999 0.65625 0.525 0.65625 0.52 0.6625 0.52 0.6875 0.52 0.7 0.52 0.70625
3 0.23500000000000001 0.39375 0.24 0.4125 0.255 0.4375 0.275 0.45 0.305 0.4625 0.325 0.4625 0.335 0.45 0.33999999999999997 0.4125 0.33999999999999997 0.3875 0.33999999999999997 0.3625 0.335 0.34375 0.32999999999999996 0.31875 0.325 0.3 0.315 0.2875 0.305 0.28125 0.29 0.275 0.27999999999999997 0.26875 0.255 0.2875 0.24500000000000002 0.325 0.24 0.35625 0.23500000000000001 0.39375
3 0.335 0.43125 0.335 0.4625 0.33999999999999997 0.46875 0.33999999999999997 0.48125 0.35 0.49375 0.365 0.5 0.39 0.5125 0.43 0.51875 0.445 0.525 0.45999999999999996 0.51875 0.47000000000000003 0.50625 0.48 0.48125 0.485 0.45 0.485 0.41875 0.48 0.39375 0.475 0.36875 0.47000000000000003 0.35 0.45999999999999996 0.325 0.445 0.3125 0.425 0.3 0.41 0.3 0.385 0.3125 0.37 0.33125 0.35 0.3625 0.335 0.39375 0.335 0.43125
3 0.62 0.50625 0.62 0.5375 0.62 0.55 0.625 0.5625 0.64 0.5625 0.6599999999999999 0.5625 0.67 0.5625 0.6900000000000001 0.5625 0.7 0.5625 0.71 0.55 0.72 0.54375 0.72 0.53125 0.725 0.5125 0.73 0.4875 0.735 0.4625 0.73 0.44375 0.725 0.43125 0.72 0.41875 0.7150000000000001 0.4125 0.6900000000000001 0.40625 0.6799999999999999 0.4125 0.665 0.41875 0.655 0.425 0.645 0.44375 0.635 0.45625 0.63 0.4625 0.625 0.46875 0.62 0.50625
3 0.16499999999999998 0.30625 0.16499999999999998 0.3375 0.16499999999999998 0.375 0.175 0.39375 0.19 0.40625 0.215 0.40625 0.22999999999999998 0.39375 0.23500000000000001 0.38125 0.24 0.35625 0.24500000000000002 0.325 0.24500000000000002 0.3 0.23500000000000001 0.275 0.225 0.25625 0.22000000000000003 0.2375 0.215 0.225 0.215 0.21875 0.205 0.2125 0.19 0.20625 0.18 0.2125 0.16999999999999998 0.23125 0.16499999999999998 0.2625 0.16499999999999998 0.30625
3 0.11499999999999999 0.26875 0.11000000000000001 0.3 0.11000000000000001 0.35 0.11000000000000001 0.3625 0.125 0.375 0.13999999999999999 0.36875 0.155 0.3625 0.16 0.35 0.16499999999999998 0.3375 0.16499999999999998 0.3125 0.16499999999999998 0.28125 0.16499999999999998 0.25625 0.16 0.24375 0.155 0.23125 0.145 0.225 0.13999999999999999 0.21875 0.13 0.23125 0.11499999999999999 0.25 0.11499999999999999 0.26875
3 0.41500000000000004 0.6875 0.41500000000000004 0.7 0.425 0.70625 0.45 0.7125 0.47000000000000003 0.7125 0.485 0.7125 0.495 0.71875 0.505 0.7125 0.515 0.70625 0.52 0.69375 0.52 0.66875 0.52 0.65 0.515 0.64375 0.5 0.6375 0.48 0.63125 0.45999999999999996 0.625 0.445 0.61875 0.43 0.6125 0.43 0.61875 0.425 0.6375 0.42000000000000004 0.65 0.42000000000000004 0.66875 0.41500000000000004 0.6875
3 0.475 0.525 0.495 0.54375 0.53 0.55 0.545 0.5625 0.575 0.5625 0.595 0.5625 0.615 0.54375 0.62 0.5125 0.625 0.48125 0.63 0.45 0.63 0.425 0.625 0.39375 0.615 0.375 0.595 0.3625 0.5700000000000001 0.35625 0.55 0.3625 0.525 0.375 0.51 0.39375 0.49000000000000005 0.41875 0.48 0.44375 0.48 0.46875 0.475 0.49375 0.475 0.525
3 0.795 0.55625 0.8 0.575 0.8099999999999999 0.5875 0.825 0.59375 0.835 0.5875 0.8400000000000001 0.575 0.8550000000000001 0.53125 0.865 0.5 0.8699999999999999 0.46875 0.865 0.45 0.8550000000000001 0.45 0.845 0.45625 0.8300000000000001 0.475 0.825 0.48125 0.82 0.48125 0.8099999999999999 0.5 0.805 0.5125 0.8 0.5375 0.795 0.55625
3 0.265 0.60625 0.275 0.60625 0.29 0.61875 0.29500000000000004 0.625 0.3 0.63125 0.31 0.64375 0.325 0.65 0.32999999999999996 0.625 0.325 0.60625 0.325 0.59375 0.32 0.575 0.31 0.56875 0.3 0.56875 0.28500000000000003 0.5625 0.27 0.5625 0.255 0.55625 0.25 0.55625 0.24500000000000002 0.5625 0.24 0.575 0.24 0.6 0.25 0.60625 0.265 0.60625
3 0.72 0.54375 0.73 0.5625 0.74 0.575 0.755 0.5875 0.765 0.5875 0.7849999999999999 0.575 0.795 0.55 0.805 0.525 0.8099999999999999 0.49375 0.8099999999999999 0.46875 0.82 0.45 0.82 0.44375 0.82 0.425 0.825 0.4125 0.8150000000000001 0.4 0.8099999999999999 0.4 0.7849999999999999 0.425 0.775 0.4375 0.76 0.45 0.745 0.4625 0.74 0.46875 0.73 0.4875 0.725 0.5125 0.725 0.53125 0.72 0.54375
3 0.335 0.625 0.32999999999999996 0.64375 0.32999999999999996 0.65 0.33999999999999997 0.65 0.355 0.6625 0.37 0.675 0.385 0.6875 0.395 0.69375 0.40499999999999997 0.69375 0.41500000000000004 0.68125 0.42000000000000004 0.6625 0.42000000000000004 0.65 0.43 0.61875 0.425 0.6125 0.4 0.60625 0.38 0.6 0.355 0.59375 0.33999999999999997 0.5875 0.335 0.5875 0.335 0.60625 0.335 0.625