3 0.6372881359375 0.475 0.644067796875 0.48 0.6508474578125 0.48 0.65762711875 0.475 0.6610169484374999 0.465 0.6610169484374999 0.45999999999999996 0.6610169484374999 0.45499999999999996 0.6542372875 0.45 0.6474576265625 0.445 0.644067796875 0.44000000000000006 0.6372881359375 0.45 0.6338983046875 0.45 0.630508475 0.45999999999999996 0.630508475 0.465 0.630508475 0.47000000000000003 0.6372881359375 0.475
3 0.528813559375 0.545 0.528813559375 0.5599999999999999 0.5355932203125 0.5650000000000001 0.5389830515625 0.5650000000000001 0.54237288125 0.5650000000000001 0.5491525421875 0.5650000000000001 0.5525423734375 0.5650000000000001 0.5593220343749999 0.5549999999999999 0.5593220343749999 0.52 0.5593220343749999 0.51 0.5491525421875 0.505 0.54237288125 0.505 0.5355932203125 0.505 0.528813559375 0.505 0.525423728125 0.51 0.525423728125 0.525 0.525423728125 0.5349999999999999 0.528813559375 0.545
3 0.498305084375 0.5349999999999999 0.501694915625 0.545 0.5050847453125 0.5549999999999999 0.51186440625 0.5650000000000001 0.5186440671875 0.5650000000000001 0.525423728125 0.5599999999999999 0.525423728125 0.5549999999999999 0.525423728125 0.55 0.525423728125 0.54 0.525423728125 0.53 0.528813559375 0.51 0.528813559375 0.505 0.528813559375 0.5 0.5152542375 0.495 0.5050847453125 0.495 0.501694915625 0.49000000000000005 0.498305084375 0.5 0.498305084375 0.505 0.498305084375 0.515 0.498305084375 0.5349999999999999
3 0.46101694843749996 0.515 0.4677966109375 0.52 0.47118644062500004 0.52 0.474576271875 0.515 0.47796610156249997 0.505 0.47796610156249997 0.495 0.4813559328125 0.485 0.4813559328125 0.48 0.4813559328125 0.475 0.474576271875 0.47000000000000003 0.4677966109375 0.47000000000000003 0.46101694843749996 0.465 0.45762711874999995 0.475 0.45762711874999995 0.49000000000000005 0.45762711874999995 0.51 0.46101694843749996 0.515
3 0.4542372875 0.45499999999999996 0.46440677968750005 0.45499999999999996 0.47118644062500004 0.45499999999999996 0.47118644062500004 0.44000000000000006 0.47118644062500004 0.42000000000000004 0.4677966109375 0.41 0.46101694843749996 0.40499999999999997 0.4508474578125 0.40499999999999997 0.4474576265625 0.41500000000000004 0.44067796562500006 0.43499999999999994 0.44406779687500003 0.445 0.4542372875 0.45499999999999996
3 0.474576271875 0.52 0.47796610156249997 0.54 0.4813559328125 0.545 0.48813559375000004 0.5549999999999999 0.498305084375 0.5549999999999999 0.498305084375 0.55 0.501694915625 0.5349999999999999 0.501694915625 0.53 0.501694915625 0.515 0.501694915625 0.495 0.501694915625 0.49000000000000005 0.498305084375 0.485 0.48474576249999995 0.48 0.4813559328125 0.485 0.47796610156249997 0.495 0.47796610156249997 0.505 0.474576271875 0.52
3 0.5627118640625 0.48 0.569491525 0.485 0.583050846875 0.49000000000000005 0.5932203390625 0.49000000000000005 0.6 0.48 0.6 0.45999999999999996 0.6 0.445 0.5966101687500001 0.43 0.5932203390625 0.43 0.583050846875 0.425 0.5762711859375 0.425 0.57288135625 0.43499999999999994 0.5627118640625 0.45 0.5627118640625 0.45999999999999996 0.5593220343749999 0.475 0.5627118640625 0.48
3 0.6372881359375 0.53 0.644067796875 0.5349999999999999 0.6508474578125 0.5349999999999999 0.65762711875 0.525 0.6610169484374999 0.515 0.65762711875 0.5 0.6542372875 0.495 0.644067796875 0.495 0.6372881359375 0.495 0.62711864375 0.5 0.6203389828125 0.5 0.6203389828125 0.51 0.6237288140625 0.515 0.630508475 0.525 0.6372881359375 0.53
3 0.60338983125 0.48 0.6067796609375 0.485 0.616949153125 0.485 0.62711864375 0.485 0.630508475 0.465 0.6338983046875 0.45 0.62711864375 0.44000000000000006 0.6203389828125 0.43499999999999994 0.616949153125 0.43499999999999994 0.6067796609375 0.44000000000000006 0.60338983125 0.45499999999999996 0.6 0.45999999999999996 0.6 0.475 0.60338983125 0.48
3 0.48474576249999995 0.47000000000000003 0.49152542343750005 0.47000000000000003 0.5084745765625 0.475 0.5152542375 0.465 0.5152542375 0.45 0.5152542375 0.43 0.51186440625 0.42000000000000004 0.501694915625 0.41 0.49152542343750005 0.40499999999999997 0.47796610156249997 0.40499999999999997 0.47118644062500004 0.41500000000000004 0.47118644062500004 0.43499999999999994 0.474576271875 0.45499999999999996 0.48474576249999995 0.47000000000000003
3 0.5593220343749999 0.5349999999999999 0.5593220343749999 0.545 0.5627118640625 0.55 0.5627118640625 0.5599999999999999 0.5661016953125 0.5599999999999999 0.5762711859375 0.5650000000000001 0.583050846875 0.5599999999999999 0.5898305078125 0.55 0.5932203390625 0.5349999999999999 0.5932203390625 0.53 0.5932203390625 0.515 0.5898305078125 0.5 0.583050846875 0.5 0.569491525 0.5 0.5627118640625 0.495 0.5593220343749999 0.51 0.5593220343749999 0.515 0.5593220343749999 0.525 0.5593220343749999 0.5349999999999999
3 0.525423728125 0.48 0.5389830515625 0.48 0.5491525421875 0.485 0.555932203125 0.48 0.5627118640625 0.45999999999999996 0.5627118640625 0.44000000000000006 0.5593220343749999 0.425 0.5491525421875 0.42000000000000004 0.5389830515625 0.41500000000000004 0.525423728125 0.41500000000000004 0.5152542375 0.42000000000000004 0.5152542375 0.44000000000000006 0.51186440625 0.45999999999999996 0.5152542375 0.475 0.525423728125 0.48
3 0.6644067796875001 0.52 0.6677966109375 0.525 0.6779661015625 0.53 0.68813559375 0.525 0.6949152546875 0.52 0.6949152546875 0.51 0.6949152546875 0.495 0.68813559375 0.49000000000000005 0.6847457625 0.485 0.671186440625 0.485 0.6644067796875001 0.49000000000000005 0.6610169484374999 0.495 0.6610169484374999 0.505 0.6610169484374999 0.51 0.6644067796875001 0.52