1 0.6171875 0.51810585 0.63125 0.51810585 0.6375 0.51810585 0.6421875 0.5236768796875 0.6421875 0.509749303125 0.6375 0.48189415 0.6265625 0.44568245156249997 0.6203125 0.43454039062499994 0.6125 0.4428969359375 0.60625 0.4679665734375 0.60625 0.49582172656249995 0.6078125 0.5125348187500001 0.6171875 0.51810585
3 0.39375 0.5543175484375 0.3984375 0.5821727015625 0.40625 0.596100278125 0.421875 0.604456825 0.44375 0.6100278546875 0.4546875 0.6128133703125 0.475 0.6128133703125 0.49375 0.6155988859375 0.503125 0.601671309375 0.50625 0.5849582171875001 0.5078125 0.5543175484375 0.5078125 0.520891365625 0.5046875 0.49582172656249995 0.4984375 0.4679665734375 0.49375 0.45125348125000003 0.48125 0.43175487500000004 0.46875 0.42339832812499995 0.4546875 0.4150417828125 0.4484375 0.4150417828125 0.4375 0.4150417828125 0.425 0.428969359375 0.4140625 0.4484679671875 0.4015625 0.479108634375 0.3953125 0.51810585 0.39375 0.5543175484375
3 0.1765625 0.576601671875 0.1828125 0.5905292484375 0.19375 0.6128133703125 0.2015625 0.626740946875 0.2109375 0.63509749375 0.2328125 0.6211699171875 0.2453125 0.5933147625 0.259375 0.5626740953125 0.26875 0.5431754875 0.271875 0.515320334375 0.26875 0.49303621093750005 0.2625 0.4679665734375 0.25 0.45125348125000003 0.2328125 0.4373259046875 0.2109375 0.42618384374999996 0.1984375 0.42618384374999996 0.1828125 0.4484679671875 0.178125 0.46239554375 0.171875 0.49582172656249995 0.171875 0.5320334265625 0.1765625 0.576601671875
3 0.2640625 0.6490250703125 0.271875 0.662952646875 0.2890625 0.6713091921875 0.3046875 0.6657381609375 0.31875 0.6490250703125 0.3265625 0.63509749375 0.33125 0.6155988859375 0.334375 0.5933147625 0.328125 0.5905292484375 0.3140625 0.596100278125 0.3015625 0.596100278125 0.2953125 0.5849582171875001 0.2859375 0.5459610031250001 0.284375 0.540389971875 0.2828125 0.5292479109375 0.28125 0.515320334375 0.278125 0.515320334375 0.271875 0.51810585 0.2703125 0.5320334265625 0.26875 0.540389971875 0.2640625 0.5571030640625 0.2625 0.5598885796874999 0.259375 0.571030640625 0.25625 0.5877437328124999 0.2578125 0.6100278546875 0.259375 0.632311978125 0.2640625 0.6490250703125
3 0.2828125 0.5292479109375 0.2890625 0.5654596093750001 0.3046875 0.59888579375 0.3265625 0.5933147625 0.3390625 0.5849582171875001 0.3609375 0.57381615625 0.378125 0.5598885796874999 0.3796875 0.5292479109375 0.375 0.49860724218749997 0.36875 0.47353760468750006 0.3578125 0.4484679671875 0.3421875 0.428969359375 0.325 0.42339832812499995 0.3109375 0.42618384374999996 0.2921875 0.45403899687499993 0.2875 0.4679665734375 0.28125 0.49582172656249995 0.2828125 0.5292479109375
3 0.534375 0.57381615625 0.5421875 0.601671309375 0.5484375 0.6100278546875 0.56875 0.62395543125 0.5953125 0.6211699171875 0.6203125 0.6183844015625 0.6421875 0.6155988859375 0.65625 0.601671309375 0.6578125 0.5821727015625 0.6453125 0.520891365625 0.6421875 0.5041782734375 0.6390625 0.479108634375 0.6328125 0.46518105781249997 0.6265625 0.44568245156249997 0.6140625 0.4206128140625 0.5984375 0.4094707515625 0.5796875 0.4122562671875 0.5703125 0.42618384374999996 0.5625 0.4428969359375 0.55625 0.44568245156249997 0.5453125 0.47632312031249996 0.5359375 0.509749303125 0.5328125 0.53760445625 0.534375 0.57381615625
3 0.665625 0.5654596093750001 0.6890625 0.5793871859374999 0.7125 0.5849582171875001 0.7328125 0.5793871859374999 0.740625 0.5543175484375 0.7453125 0.5069637890625 0.7453125 0.490250696875 0.7390625 0.46518105781249997 0.7375 0.4568245125 0.73125 0.4428969359375 0.721875 0.428969359375 0.7109375 0.42618384374999996 0.7078125 0.428969359375 0.6953125 0.4484679671875 0.6765625 0.47632312031249996 0.66875 0.5041782734375 0.6625 0.5431754875 0.665625 0.5654596093750001
3 0.6515625 0.5515320328125 0.65625 0.5654596093750001 0.65625 0.5793871859374999 0.653125 0.596100278125 0.65 0.601671309375 0.6453125 0.6128133703125 0.6390625 0.6211699171875 0.6390625 0.63509749375 0.640625 0.6490250703125 0.6484375 0.6657381609375 0.6546875 0.6796657374999999 0.6609375 0.6852367687500001 0.678125 0.688022284375 0.69375 0.682451253125 0.7015625 0.6768802234375 0.70625 0.6657381609375 0.709375 0.6462395546875 0.7125 0.632311978125 0.7109375 0.604456825 0.709375 0.5905292484375 0.70625 0.5849582171875001 0.6875 0.576601671875 0.6765625 0.571030640625 0.66875 0.5626740953125 0.6671875 0.5543175484375 0.6640625 0.5459610031250001 0.6640625 0.5320334265625 0.6609375 0.520891365625 0.653125 0.520891365625 0.6484375 0.520891365625 0.646875 0.5264623953124999 0.65 0.5348189421875 0.6515625 0.5515320328125
1 0.7203125 0.51810585 0.734375 0.5125348187500001 0.7421875 0.49582172656249995 0.7390625 0.4707520890625 0.734375 0.45403899687499993 0.728125 0.44568245156249997 0.7203125 0.43454039062499994 0.7140625 0.43454039062499994 0.703125 0.4373259046875 0.69375 0.45403899687499993 0.690625 0.459610028125 0.684375 0.47632312031249996 0.6890625 0.49860724218749997 0.703125 0.5125348187500001 0.7203125 0.51810585
3 0.0984375 0.571030640625 0.1109375 0.5933147625 0.140625 0.5793871859374999 0.1453125 0.576601671875 0.1609375 0.576601671875 0.171875 0.5654596093750001 0.1734375 0.5459610031250001 0.171875 0.5320334265625 0.15625 0.5013927578125 0.15 0.49303621093750005 0.14375 0.47632312031249996 0.134375 0.459610028125 0.1203125 0.4484679671875 0.1046875 0.4401114203125 0.0953125 0.45403899687499993 0.0875 0.4679665734375 0.0859375 0.490250696875 0.0890625 0.5264623953124999 0.0953125 0.5515320328125 0.0984375 0.571030640625
3 0.834375 0.5431754875 0.8328125 0.5543175484375 0.8546875 0.5571030640625 0.859375 0.5654596093750001 0.8734375 0.576601671875 0.8796875 0.576601671875 0.8890625 0.5515320328125 0.8890625 0.5264623953124999 0.890625 0.49860724218749997 0.890625 0.47353760468750006 0.8921875 0.44568245156249997 0.890625 0.428969359375 0.878125 0.43175487500000004 0.8640625 0.4428969359375 0.853125 0.4568245125 0.85 0.47353760468750006 0.840625 0.484679665625 0.8359375 0.5013927578125 0.8375 0.5348189421875 0.834375 0.5431754875
3 0.7375 0.5654596093750001 0.725 0.5793871859374999 0.715625 0.5877437328124999 0.7109375 0.59888579375 0.7125 0.626740946875 0.725 0.6490250703125 0.734375 0.6685236765625 0.746875 0.682451253125 0.7625 0.6852367687500001 0.775 0.688022284375 0.7875 0.6768802234375 0.790625 0.6685236765625 0.790625 0.6545961 0.7921875 0.62395543125 0.7921875 0.6100278546875 0.7921875 0.596100278125 0.790625 0.57381615625 0.7890625 0.5654596093750001 0.7828125 0.5459610031250001 0.778125 0.53760445625 0.76875 0.5236768796875 0.7640625 0.515320334375 0.75625 0.5069637890625 0.7515625 0.509749303125 0.7484375 0.5125348187500001 0.7453125 0.5236768796875 0.7421875 0.53760445625 0.740625 0.5515320328125 0.7375 0.5598885796874999 0.7375 0.5654596093750001
3 0.771875 0.520891365625 0.7875 0.5543175484375 0.7953125 0.576601671875 0.803125 0.5821727015625 0.809375 0.5821727015625 0.8140625 0.5821727015625 0.825 0.571030640625 0.834375 0.5431754875 0.8375 0.51810585 0.8375 0.4707520890625 0.8375 0.459610028125 0.8359375 0.42618384374999996 0.834375 0.4206128140625 0.825 0.4122562671875 0.8078125 0.40668523749999996 0.8 0.4150417828125 0.790625 0.428969359375 0.7828125 0.43454039062499994 0.765625 0.46239554375 0.75625 0.48189415 0.7625 0.5041782734375 0.771875 0.520891365625
1 0.4484375 0.49303621093750005 0.4515625 0.479108634375 0.4484375 0.46518105781249997 0.440625 0.4568245125 0.43125 0.4568245125 0.41875 0.46518105781249997 0.415625 0.484679665625 0.4234375 0.5041782734375 0.4390625 0.5013927578125 0.4484375 0.49303621093750005
1 0.31875 0.490250696875 0.3296875 0.5125348187500001 0.340625 0.5348189421875 0.35 0.5571030640625 0.359375 0.5543175484375 0.365625 0.5264623953124999 0.3640625 0.5125348187500001 0.359375 0.490250696875 0.3546875 0.479108634375 0.3484375 0.46239554375 0.340625 0.4568245125 0.3328125 0.46518105781249997 0.321875 0.459610028125 0.3171875 0.46518105781249997 0.31875 0.490250696875
3 0.803125 0.6490250703125 0.815625 0.6657381609375 0.828125 0.6768802234375 0.8390625 0.6852367687500001 0.846875 0.688022284375 0.85 0.6740947078125 0.85 0.6573816156250001 0.8484375 0.6378830078125 0.8421875 0.6128133703125 0.8390625 0.596100278125 0.8359375 0.5849582171875001 0.8328125 0.568245125 0.8296875 0.5598885796874999 0.828125 0.5626740953125 0.825 0.571030640625 0.8203125 0.576601671875 0.8109375 0.5821727015625 0.8 0.5821727015625 0.7953125 0.576601671875 0.790625 0.568245125 0.7890625 0.57381615625 0.790625 0.576601671875 0.790625 0.5849582171875001 0.790625 0.596100278125 0.790625 0.6128133703125 0.7953125 0.6295264625 0.803125 0.6490250703125
3 0.3625 0.662952646875 0.3703125 0.6740947078125 0.3875 0.6768802234375 0.4046875 0.6740947078125 0.421875 0.6657381609375 0.4265625 0.6545961 0.4296875 0.632311978125 0.428125 0.6100278546875 0.4203125 0.604456825 0.40625 0.596100278125 0.3984375 0.5849582171875001 0.39375 0.5654596093750001 0.390625 0.54874651875 0.390625 0.53760445625 0.3859375 0.5264623953124999 0.38125 0.520891365625 0.3796875 0.5320334265625 0.378125 0.5459610031250001 0.3703125 0.571030640625 0.35625 0.5793871859374999 0.3515625 0.5793871859374999 0.346875 0.5877437328124999 0.3484375 0.6100278546875 0.3546875 0.626740946875 0.3578125 0.6434540390625 0.3625 0.662952646875