3 0.23461538437499999 0.8352941171875001 0.284615384375 0.81176470625 0.31538461562500003 0.7647058828125 0.3423076921875 0.7294117640625 0.35 0.6647058828125 0.353846153125 0.6235294125 0.334615384375 0.582352940625 0.31923076875 0.5705882359375 0.3115384609375 0.5529411765625001 0.3 0.5352941171875 0.284615384375 0.5588235296875 0.2576923078125 0.58823529375 0.23461538437499999 0.594117646875 0.21923076875 0.6176470593750001 0.2115384609375 0.6588235296875 0.19615384687499998 0.7 0.19615384687499998 0.7470588234375 0.19615384687499998 0.8 0.2076923078125 0.8235294124999999 0.23461538437499999 0.8352941171875001
3 0.6423076921875001 0.7470588234375 0.6576923078125 0.7411764703125 0.6730769234375 0.682352940625 0.6884615390625 0.6411764703125 0.6961538468749999 0.594117646875 0.7 0.5588235296875 0.7 0.5294117640625 0.6961538468749999 0.517647059375 0.6884615390625 0.5294117640625 0.68076923125 0.5470588234375 0.6653846156250001 0.5529411765625001 0.6384615390625 0.5647058828125 0.6230769234375 0.5647058828125 0.603846153125 0.5705882359375 0.596153846875 0.582352940625 0.596153846875 0.6058823531249999 0.596153846875 0.6352941171875 0.6 0.6529411765625001 0.603846153125 0.682352940625 0.6115384609375 0.71176470625 0.6230769234375 0.7294117640625 0.6423076921875001 0.7470588234375
3 0.8423076921874999 0.8058823531250001 0.846153846875 0.8411764703125 0.853846153125 0.8529411765624999 0.8653846156249999 0.8411764703125 0.8769230765625 0.7764705875 0.8807692312500001 0.7294117640625 0.8884615390624999 0.6647058828125 0.8846153843750001 0.6176470593750001 0.8807692312500001 0.582352940625 0.8730769234375 0.5647058828125 0.8615384609375001 0.5588235296875 0.834615384375 0.5588235296875 0.8076923078125 0.5647058828125 0.8038461531250001 0.5705882359375 0.8 0.58823529375 0.796153846875 0.6058823531249999 0.796153846875 0.6470588234375 0.796153846875 0.6764705875 0.8 0.68823529375 0.8038461531250001 0.71176470625 0.8269230765625 0.7470588234375 0.83076923125 0.7705882359375 0.8423076921874999 0.8058823531250001
3 0.1115384609375 0.5352941171875 0.11923076875000001 0.5529411765625001 0.146153846875 0.5647058828125 0.1730769234375 0.5647058828125 0.1769230765625 0.5352941171875 0.1730769234375 0.48235294062499995 0.1769230765625 0.42352941250000004 0.1769230765625 0.35882352968750003 0.18076923125 0.3235294125 0.1615384609375 0.3 0.146153846875 0.28823529375 0.13076923125 0.317647059375 0.10769230781250001 0.35882352968750003 0.10384615312500001 0.42941176406250003 0.1115384609375 0.49411764687500004 0.1115384609375 0.5352941171875
3 0.7 0.517647059375 0.7230769234375 0.5411764703124999 0.7423076921875 0.5352941171875 0.7730769234375 0.517647059375 0.7730769234375 0.44117647031249996 0.76923076875 0.382352940625 0.7615384609375 0.3352941171875 0.75 0.305882353125 0.73076923125 0.294117646875 0.7115384609375 0.28823529375 0.68076923125 0.317647059375 0.68076923125 0.3352941171875 0.684615384375 0.35882352968750003 0.6961538468749999 0.49411764687500004 0.7 0.517647059375
3 0.3923076921875 0.48823529375 0.40384615312500005 0.5470588234375 0.415384615625 0.5529411765625001 0.446153846875 0.5588235296875 0.4884615390625 0.5588235296875 0.5269230765625 0.5411764703124999 0.546153846875 0.5235294125000001 0.5538461531250001 0.48235294062499995 0.546153846875 0.42941176406250003 0.5384615390625 0.35882352968750003 0.534615384375 0.3294117640625 0.5307692312500001 0.3 0.515384615625 0.2705882359375 0.4884615390625 0.2588235296875 0.46923076874999997 0.2529411765625 0.44230769218750005 0.2588235296875 0.41923076875 0.28823529375 0.4076923078125 0.3352941171875 0.4 0.3764705875 0.396153846875 0.4352941171875 0.3923076921875 0.48823529375
3 0.1769230765625 0.48823529375 0.18076923125 0.5411764703124999 0.18846153906250002 0.5705882359375 0.19615384687499998 0.594117646875 0.21538461562500003 0.6 0.2384615390625 0.58823529375 0.253846153125 0.594117646875 0.26923076875 0.5705882359375 0.3 0.5411764703124999 0.30384615312499996 0.505882353125 0.3 0.45294117656250005 0.29230769218749997 0.3647058828125 0.28076923125 0.3411764703125 0.2615384609375 0.282352940625 0.24230769218749998 0.2647058828125 0.21538461562500003 0.2588235296875 0.19615384687499998 0.2705882359375 0.184615384375 0.3 0.1730769234375 0.405882353125 0.1769230765625 0.44117647031249996 0.1769230765625 0.48823529375
3 0.30384615312499996 0.505882353125 0.30384615312499996 0.5470588234375 0.31538461562500003 0.5705882359375 0.346153846875 0.5705882359375 0.3884615390625 0.5647058828125 0.40384615312500005 0.5411764703124999 0.396153846875 0.505882353125 0.396153846875 0.4647058828125 0.4 0.417647059375 0.396153846875 0.3705882359375 0.384615384375 0.3294117640625 0.3730769234375 0.31176470625 0.3576923078125 0.3 0.3423076921875 0.282352940625 0.3230769234375 0.3 0.30384615312499996 0.3764705875 0.30384615312499996 0.41176470624999995 0.3 0.4352941171875 0.30384615312499996 0.505882353125
3 0.596153846875 0.682352940625 0.6 0.6411764703125 0.6 0.6058823531249999 0.6 0.5588235296875 0.5846153843749999 0.5411764703124999 0.5576923078125 0.5294117640625 0.546153846875 0.517647059375 0.5269230765625 0.5411764703124999 0.5076923078125 0.5529411765625001 0.515384615625 0.582352940625 0.515384615625 0.6235294125 0.5076923078125 0.6647058828125 0.5076923078125 0.682352940625 0.51923076875 0.7 0.5384615390625 0.7176470593750001 0.565384615625 0.7176470593750001 0.596153846875 0.682352940625
3 0.10769230781250001 0.7647058828125 0.1269230765625 0.7764705875 0.146153846875 0.7823529406249999 0.1769230765625 0.7588235296875 0.18846153906250002 0.71176470625 0.2076923078125 0.6705882359374999 0.21923076875 0.6235294125 0.21923076875 0.594117646875 0.2 0.594117646875 0.184615384375 0.5705882359375 0.1769230765625 0.5647058828125 0.15769230781250002 0.5705882359375 0.134615384375 0.5705882359375 0.13076923125 0.582352940625 0.12307692343750001 0.6294117640625 0.11538461562499999 0.6764705875 0.10769230781250001 0.7235294125 0.10769230781250001 0.7647058828125
3 0.7884615390625 0.5 0.815384615625 0.5294117640625 0.85 0.5470588234375 0.8653846156249999 0.5411764703124999 0.8692307687499999 0.49411764687500004 0.8615384609375001 0.417647059375 0.8615384609375001 0.35882352968750003 0.8615384609375001 0.3235294125 0.853846153125 0.3 0.8423076921874999 0.282352940625 0.8230769234374999 0.27647058750000003 0.8076923078125 0.305882353125 0.7884615390625 0.3352941171875 0.7769230765625 0.3705882359375 0.7730769234375 0.417647059375 0.7769230765625 0.4705882359375 0.7884615390625 0.5
3 0.7576923078125 0.8 0.784615384375 0.7823529406249999 0.8 0.7176470593750001 0.8 0.6411764703125 0.8 0.58823529375 0.796153846875 0.5352941171875 0.7884615390625 0.5117647062499999 0.7730769234375 0.48823529375 0.7769230765625 0.5 0.7730769234375 0.517647059375 0.7576923078125 0.5294117640625 0.7423076921875 0.5352941171875 0.715384615625 0.5411764703124999 0.703846153125 0.5352941171875 0.7 0.5529411765625001 0.6923076921875 0.58823529375 0.6884615390625 0.6176470593750001 0.6884615390625 0.6588235296875 0.6961538468749999 0.705882353125 0.7076923078124999 0.7470588234375 0.73076923125 0.78823529375 0.7576923078125 0.8
3 0.5538461531250001 0.4647058828125 0.5615384609375 0.517647059375 0.5923076921875 0.5411764703124999 0.6192307687499999 0.5647058828125 0.6423076921875001 0.5647058828125 0.6615384609375 0.5588235296875 0.684615384375 0.5411764703124999 0.6923076921875 0.48823529375 0.6923076921875 0.44117647031249996 0.6884615390625 0.394117646875 0.684615384375 0.3529411765625 0.68076923125 0.3294117640625 0.6730769234375 0.317647059375 0.6615384609375 0.294117646875 0.6423076921875001 0.2705882359375 0.6307692312500001 0.2588235296875 0.6076923078124999 0.2588235296875 0.5884615390625 0.2705882359375 0.5615384609375 0.28823529375 0.546153846875 0.31176470625 0.546153846875 0.3294117640625 0.55 0.3705882359375 0.55 0.417647059375 0.5538461531250001 0.4647058828125
3 0.8846153843750001 0.5411764703124999 0.9 0.5764705875 0.93076923125 0.594117646875 0.95 0.5705882359375 0.953846153125 0.48823529375 0.95 0.42352941250000004 0.9461538468749999 0.35882352968750003 0.934615384375 0.3352941171875 0.9269230765625001 0.31176470625 0.91923076875 0.305882353125 0.9 0.3235294125 0.8846153843750001 0.3529411765625 0.8692307687499999 0.38823529375 0.8692307687499999 0.4470588234375 0.8730769234375 0.5 0.8846153843750001 0.5411764703124999
3 0.5076923078125 0.682352940625 0.515384615625 0.6235294125 0.5115384609375 0.5764705875 0.5076923078125 0.5588235296875 0.46923076874999997 0.5529411765625001 0.4384615390625 0.5647058828125 0.4269230765625 0.582352940625 0.4230769234375 0.6235294125 0.41923076875 0.6647058828125 0.41923076875 0.7176470593750001 0.4230769234375 0.7352941171875 0.446153846875 0.7411764703125 0.48076923125000004 0.7352941171875 0.5076923078125 0.682352940625
3 0.41923076875 0.6705882359374999 0.4269230765625 0.6235294125 0.4230769234375 0.582352940625 0.4076923078125 0.5529411765625001 0.3923076921875 0.5470588234375 0.35 0.5705882359375 0.3384615390625 0.5764705875 0.3423076921875 0.6058823531249999 0.3423076921875 0.6411764703125 0.346153846875 0.6764705875 0.3423076921875 0.7235294125 0.3423076921875 0.7294117640625 0.3615384609375 0.7411764703125 0.384615384375 0.7470588234375 0.4115384609375 0.7352941171875 0.41923076875 0.6705882359374999