3 0.21305841874999998 0.7861271671875001 0.24054982812499998 0.8439306359375 0.257731959375 0.8670520234374999 0.305841925 0.8786127171875 0.3333333328125 0.8554913296875 0.336769759375 0.8208092484374999 0.336769759375 0.7572254328125 0.336769759375 0.710982659375 0.336769759375 0.67052023125 0.3230240546875 0.67052023125 0.2817869421875 0.6589595375 0.257731959375 0.653179190625 0.24398625468750001 0.6416184968749999 0.219931271875 0.6300578031249999 0.202749140625 0.64739884375 0.1993127140625 0.676300578125 0.2061855671875 0.7398843937499999 0.21305841874999998 0.7861271671875001
3 0.9656357390625001 0.7803468203125 0.9759450171875 0.7225433531250001 0.9656357390625001 0.653179190625 0.9587628859375 0.60115606875 0.9450171828125 0.595375721875 0.9106529203125 0.589595375 0.8900343640624999 0.589595375 0.8934707906250001 0.62427745625 0.9003436421875 0.653179190625 0.9072164953125 0.710982659375 0.9209622 0.7398843937499999 0.9450171828125 0.7745664734375 0.9656357390625001 0.7803468203125
3 0.5223367703124999 0.9364161843750001 0.5429553265625 0.96531791875 0.567010309375 0.9768786125 0.5910652921875 0.9768786125 0.6185567015625 0.953757225 0.6391752578125 0.8843930640625001 0.6494845359375 0.8150289015625001 0.6529209625 0.745664740625 0.6529209625 0.7052023125 0.6494845359375 0.664739884375 0.615120275 0.64739884375 0.5773195875 0.63583815 0.5498281781250001 0.6416184968749999 0.5326460484375 0.653179190625 0.5017182124999999 0.676300578125 0.4982817875 0.7283237 0.4982817875 0.8381502890625001 0.508591065625 0.8901734109375001 0.5223367703124999 0.9364161843750001
3 0.6804123718749999 0.8670520234374999 0.7044673546875 0.8786127171875 0.7457044671874999 0.8728323703124999 0.7731958765625 0.8381502890625001 0.78694158125 0.7687861265625 0.79037800625 0.710982659375 0.776632303125 0.6589595375 0.76975945 0.6416184968749999 0.7525773203125 0.62427745625 0.7353951890625 0.62427745625 0.7044673546875 0.6416184968749999 0.6804123718749999 0.6589595375 0.6597938140624999 0.682080925 0.6597938140624999 0.69364161875 0.6529209625 0.7225433531250001 0.6529209625 0.7803468203125 0.6563573890625001 0.8265895953125 0.6804123718749999 0.8670520234374999
3 0.219931271875 0.6127167625000001 0.2371134015625 0.6416184968749999 0.27491408906250003 0.653179190625 0.30927835 0.664739884375 0.3470790375 0.67052023125 0.374570446875 0.664739884375 0.40206185625 0.6589595375 0.41580755937499997 0.64739884375 0.44673539531250006 0.6416184968749999 0.45704467343750005 0.60115606875 0.4604811 0.5375722546875 0.44673539531250006 0.4739884390625 0.4226804125 0.4335260109375 0.384879725 0.39884393125 0.3505154640625 0.37572254374999997 0.3127147765625 0.36994219687499996 0.27491408906250003 0.37572254374999997 0.24398625468750001 0.38728323750000004 0.219931271875 0.41618497187500003 0.20962199374999999 0.4855491328125 0.20962199374999999 0.5664739890625 0.219931271875 0.6127167625000001
3 0.7457044671874999 0.5549132953125 0.780068728125 0.5491329484375 0.8144329890625001 0.5375722546875 0.8419243984375001 0.5260115609375 0.8625429546875001 0.5202312140625 0.8865979375 0.49710982656249997 0.8969072171875 0.46242774531249997 0.8969072171875 0.41618497187500003 0.8831615125000001 0.393063584375 0.8591065296875 0.37572254374999997 0.8178694156249999 0.37572254374999997 0.776632303125 0.381502890625 0.7457044671874999 0.404624278125 0.7319587624999999 0.4335260109375 0.7285223375000001 0.46820809218750004 0.738831615625 0.5086705203124999 0.742268040625 0.5433526015625 0.7457044671874999 0.5549132953125
3 0.7938144328125001 0.7687861265625 0.8041237109375 0.7861271671875001 0.835051546875 0.8208092484374999 0.8625429546875001 0.8381502890625001 0.8900343640624999 0.8439306359375 0.9072164953125 0.7976878609375 0.9106529203125 0.745664740625 0.90378006875 0.67052023125 0.8934707906250001 0.6127167625000001 0.8797250859375 0.583815028125 0.838487971875 0.5780346828125 0.8109965640624999 0.5780346828125 0.78694158125 0.60115606875 0.78694158125 0.618497109375 0.780068728125 0.63583815 0.780068728125 0.67052023125 0.79037800625 0.7052023125 0.7938144328125001 0.7687861265625
3 0.951890034375 0.595375721875 0.9621993124999999 0.5317919078125 0.9553264609375001 0.46820809218750004 0.9484536078125 0.41618497187500003 0.9072164953125 0.41040462499999997 0.8934707906250001 0.4335260109375 0.8900343640624999 0.46242774531249997 0.872852234375 0.5028901734375 0.8522336765625 0.5260115609375 0.845360825 0.5375722546875 0.8591065296875 0.5606936421875 0.8831615125000001 0.583815028125 0.9175257734375 0.60115606875 0.951890034375 0.595375721875
3 0.3470790375 0.8901734109375001 0.3608247421875 0.9306358375 0.384879725 0.953757225 0.412371134375 0.96531791875 0.43298969062500003 0.9595375718750001 0.4604811 0.91907514375 0.4879725078125 0.8497109828125 0.5017182124999999 0.7687861265625 0.4982817875 0.676300578125 0.4845360828125 0.6416184968749999 0.45704467343750005 0.63583815 0.42611683906250003 0.6416184968749999 0.40206185625 0.6589595375 0.357388315625 0.676300578125 0.3505154640625 0.676300578125 0.34364261093750004 0.676300578125 0.34020618593749996 0.7052023125 0.336769759375 0.7630057796874999 0.34020618593749996 0.8034682078125 0.3470790375 0.8901734109375001
3 0.030927834375 0.7745664734375 0.06529209687500001 0.7572254328125 0.0893470796875 0.7225433531250001 0.1030927828125 0.699421965625 0.1099656359375 0.653179190625 0.123711340625 0.62427745625 0.12027491406249999 0.60115606875 0.1099656359375 0.589595375 0.09278350468749999 0.583815028125 0.0824742265625 0.60115606875 0.068728521875 0.62427745625 0.0549828171875 0.62427745625 0.041237114062500003 0.618497109375 0.0343642609375 0.6127167625000001 0.0240549828125 0.63583815 0.02061855625 0.69364161875 0.01718213125 0.7398843937499999 0.030927834375 0.7745664734375
3 0.4845360828125 0.6416184968749999 0.5017182124999999 0.676300578125 0.51890034375 0.664739884375 0.5429553265625 0.64739884375 0.5876288656249999 0.64739884375 0.625429553125 0.6589595375 0.642611684375 0.67052023125 0.6666666671875 0.676300578125 0.694158075 0.653179190625 0.721649484375 0.63583815 0.738831615625 0.583815028125 0.738831615625 0.5202312140625 0.7250859109375 0.4508670515625 0.721649484375 0.41618497187500003 0.7079037796875001 0.381502890625 0.6769759453125 0.346820809375 0.642611684375 0.335260115625 0.6013745703125 0.335260115625 0.5635738828125 0.36416185 0.536082475 0.404624278125 0.508591065625 0.4566473984375 0.4845360828125 0.5144508671875 0.48109965624999995 0.5722543359375 0.4845360828125 0.6416184968749999
3 0.0378006875 0.6127167625000001 0.06529209687500001 0.62427745625 0.09621993125 0.589595375 0.123711340625 0.5549132953125 0.13402061875 0.5260115609375 0.1305841921875 0.5028901734375 0.1099656359375 0.47976878593750005 0.1030927828125 0.4508670515625 0.085910653125 0.42196531718749997 0.0721649484375 0.41618497187500003 0.0343642609375 0.41040462499999997 0.0343642609375 0.42196531718749997 0.02061855625 0.4393063578125 0.013745704687499999 0.4913294796875 0.027491409374999998 0.5549132953125 0.0378006875 0.6127167625000001
3 0.10652920937499999 0.7976878609375 0.12714776562500002 0.8208092484374999 0.1683848796875 0.8208092484374999 0.1855670109375 0.7861271671875001 0.19587628906250001 0.745664740625 0.202749140625 0.687861271875 0.1993127140625 0.6416184968749999 0.1924398625 0.606936415625 0.1580756015625 0.583815028125 0.1477663234375 0.5780346828125 0.12714776562500002 0.606936415625 0.1134020625 0.6416184968749999 0.1030927828125 0.699421965625 0.1030927828125 0.7514450859374999 0.10652920937499999 0.7976878609375