3 0.4 0.6885245906249999 0.410909090625 0.72677595625 0.41818181875000004 0.7595628421875 0.429090909375 0.770491803125 0.4654545453125 0.781420765625 0.4872727265625 0.7486338796875 0.4945454546875 0.7158469953125 0.5054545453125 0.6557377046874999 0.49818181875 0.601092896875 0.4945454546875 0.5464480875 0.4836363640625 0.5136612015625001 0.46181818124999996 0.508196721875 0.4436363640625 0.502732240625 0.41818181875000004 0.508196721875 0.4 0.5191256828124999 0.389090909375 0.54098360625 0.3854545453125 0.601092896875 0.39272727343749997 0.6502732234375 0.4 0.6885245906249999
3 0.2654545453125 0.781420765625 0.27999999999999997 0.8196721312499999 0.3127272734375 0.8196721312499999 0.33818181875 0.7923497265624999 0.36 0.7540983609375 0.37818181875 0.6939890703125 0.389090909375 0.64480874375 0.38181818125 0.590163934375 0.3672727265625 0.5628415296875 0.3527272734375 0.535519125 0.3345454546875 0.5245901640625 0.32 0.5136612015625001 0.29454545468750004 0.5245901640625 0.2872727265625 0.5300546453125 0.27272727343750003 0.5519125687499999 0.26181818125 0.584699453125 0.25818181875 0.672131146875 0.25818181875 0.72677595625 0.2654545453125 0.781420765625
3 0.5272727265625 0.72677595625 0.5636363640625001 0.7595628421875 0.5963636359375 0.7431693984375001 0.6145454546875 0.6994535515625 0.61818181875 0.6174863390625001 0.610909090625 0.5300546453125 0.6 0.48633879843749994 0.58181818125 0.47540983593749997 0.5636363640625001 0.4699453546875 0.5345454546874999 0.4808743171875 0.509090909375 0.4808743171875 0.50181818125 0.508196721875 0.49818181875 0.6120218578125 0.509090909375 0.6830601093750001 0.5272727265625 0.72677595625
3 0.8836363640625 0.398907103125 0.8836363640625 0.3497267765625 0.8836363640625 0.3060109296875 0.8800000000000001 0.25683060156250004 0.8763636359375001 0.224043715625 0.85818181875 0.1967213109375 0.8436363640625 0.2131147546875 0.8145454546875 0.24043715781250002 0.7854545453124999 0.25683060156250004 0.7854545453124999 0.3005464484375 0.78181818125 0.32786885312499997 0.7854545453124999 0.3387978140625 0.789090909375 0.3934426234375 0.82181818125 0.40983606562499997 0.86181818125 0.42076502656250003 0.8836363640625 0.398907103125
3 0.7672727265625 0.64480874375 0.8072727265624999 0.672131146875 0.8436363640625 0.6666666671875 0.8472727265625 0.601092896875 0.8327272734375001 0.5300546453125 0.8145454546875 0.464480875 0.7927272734375 0.42622950781249996 0.76 0.40437158437500004 0.74181818125 0.42622950781249996 0.7236363640625 0.43715847031250005 0.72 0.4699453546875 0.7163636359375001 0.497267759375 0.72 0.5464480875 0.73818181875 0.601092896875 0.7672727265625 0.64480874375
3 0.16363636406249998 0.45901639375 0.1854545453125 0.5136612015625001 0.2145454546875 0.5300546453125 0.2654545453125 0.5519125687499999 0.29818181875 0.5191256828124999 0.3127272734375 0.4808743171875 0.3163636359375 0.40983606562499997 0.30181818125 0.36612021875 0.27272727343750003 0.2950819671875 0.250909090625 0.2677595625 0.23272727343750002 0.2459016390625 0.21090909062500002 0.24043715781250002 0.1745454546875 0.2513661203125 0.1563636359375 0.2896174859375 0.1454545453125 0.3333333328125 0.1527272734375 0.415300546875 0.16363636406249998 0.45901639375
3 0.1454545453125 0.672131146875 0.14181818125 0.6994535515625 0.13818181875 0.7322404375 0.14181818125 0.765027321875 0.1672727265625 0.781420765625 0.2 0.7759562843750001 0.23272727343750002 0.7486338796875 0.250909090625 0.6994535515625 0.2545454546875 0.6612021859375 0.2545454546875 0.601092896875 0.26181818125 0.5573770484375 0.24727272656250002 0.5464480875 0.21818181874999998 0.535519125 0.2036363640625 0.535519125 0.1854545453125 0.535519125 0.17090909062499998 0.5737704921875 0.16 0.6120218578125 0.1563636359375 0.6284153 0.1454545453125 0.672131146875
3 0.82181818125 0.48633879843749994 0.8290909093750001 0.5300546453125 0.8400000000000001 0.5628415296875 0.8727272734374999 0.5792349734375 0.90181818125 0.584699453125 0.9090909093749999 0.5737704921875 0.9054545453125 0.5245901640625 0.8872727265625 0.4808743171875 0.8763636359375001 0.43715847031250005 0.8654545453125 0.42076502656250003 0.8400000000000001 0.40983606562499997 0.8327272734375001 0.40983606562499997 0.82181818125 0.415300546875 0.8072727265624999 0.43715847031250005 0.8072727265624999 0.45355191250000004 0.82181818125 0.48633879843749994
3 0.069090909375 0.73770491875 0.0836363640625 0.7486338796875 0.1127272734375 0.6994535515625 0.130909090625 0.6885245906249999 0.149090909375 0.6612021859375 0.1563636359375 0.63387978125 0.16363636406249998 0.595628415625 0.16363636406249998 0.5737704921875 0.1454545453125 0.5683060109375 0.1236363640625 0.5792349734375 0.10181818125 0.584699453125 0.0872727265625 0.590163934375 0.07272727343749999 0.6284153 0.0654545453125 0.677595628125 0.0654545453125 0.7158469953125 0.069090909375 0.73770491875
3 0.07272727343749999 0.508196721875 0.069090909375 0.5519125687499999 0.07272727343749999 0.5792349734375 0.10545454531250001 0.584699453125 0.1345454546875 0.5737704921875 0.16 0.54098360625 0.1672727265625 0.502732240625 0.17090909062499998 0.45901639375 0.1563636359375 0.415300546875 0.149090909375 0.38797814218750004 0.11636363593750002 0.3770491796875 0.09818181875000001 0.3715847 0.08 0.3497267765625 0.06181818125000001 0.35519125625000003 0.050909090625 0.36612021875 0.0436363640625 0.42622950781249996 0.05818181875 0.464480875 0.07272727343749999 0.508196721875
3 0.45818181874999997 0.3333333328125 0.4472727265625 0.3060109296875 0.429090909375 0.26229508125 0.410909090625 0.23497267812499997 0.38181818125 0.23497267812499997 0.3636363640625 0.2459016390625 0.3563636359375 0.2950819671875 0.349090909375 0.3387978140625 0.349090909375 0.415300546875 0.349090909375 0.464480875 0.370909090625 0.508196721875 0.410909090625 0.5136612015625001 0.45818181874999997 0.491803278125 0.5163636359375 0.4808743171875 0.5709090906250001 0.47540983593749997 0.6 0.464480875 0.61818181875 0.4426229515625 0.61818181875 0.3497267765625 0.610909090625 0.2841530046875 0.6036363640625 0.23497267812499997 0.5890909093750001 0.2076502734375 0.5527272734374999 0.2131147546875 0.5345454546874999 0.23497267812499997 0.5272727265625 0.2459016390625 0.5163636359375 0.2677595625 0.509090909375 0.3060109296875 0.49090909062500004 0.35519125625000003 0.4727272734375 0.36612021875 0.45818181874999997 0.3333333328125
3 0.6581818187499999 0.43715847031250005 0.70181818125 0.45901639375 0.73818181875 0.43715847031250005 0.7672727265625 0.3934426234375 0.7854545453124999 0.32786885312499997 0.78181818125 0.2841530046875 0.770909090625 0.23497267812499997 0.76 0.1967213109375 0.749090909375 0.1693989078125 0.73818181875 0.14754098437500002 0.7127272734375001 0.125683059375 0.6836363640625 0.131147540625 0.6618181812499999 0.1693989078125 0.6581818187499999 0.18579235 0.6472727265625 0.21857923437500001 0.6327272734375 0.25683060156250004 0.629090909375 0.32786885312499997 0.6327272734375 0.3825136609375 0.6581818187499999 0.43715847031250005
3 0.610909090625 0.601092896875 0.629090909375 0.6502732234375 0.6581818187499999 0.6994535515625 0.6836363640625 0.72677595625 0.7163636359375001 0.7431693984375001 0.74181818125 0.7049180328125 0.74181818125 0.63387978125 0.730909090625 0.5573770484375 0.7163636359375001 0.502732240625 0.690909090625 0.464480875 0.669090909375 0.4426229515625 0.6363636359375 0.4426229515625 0.629090909375 0.44808743125 0.61818181875 0.464480875 0.6072727265625 0.491803278125 0.610909090625 0.5464480875 0.610909090625 0.601092896875