3 0.8 0.41 0.8229508203125 0.425 0.8393442625 0.395 0.8426229515625 0.36 0.849180328125 0.32999999999999996 0.849180328125 0.305 0.8426229515625 0.27999999999999997 0.8327868859375 0.275 0.8163934421875 0.29 0.8065573765625 0.31 0.7934426234374999 0.325 0.7868852453125 0.35 0.7770491796875 0.37 0.7803278687499999 0.395 0.8 0.41
3 0.2 0.485 0.23278688593750002 0.505 0.25901639374999996 0.495 0.2819672125 0.465 0.272131146875 0.43499999999999994 0.2557377046875 0.395 0.229508196875 0.38 0.1868852453125 0.375 0.1770491796875 0.38 0.1770491796875 0.40499999999999997 0.1836065578125 0.45499999999999996 0.2 0.485
3 0.24262295156250002 0.5900000000000001 0.2459016390625 0.63 0.24918032812500002 0.6599999999999999 0.268852459375 0.6900000000000001 0.30163934375 0.6900000000000001 0.321311475 0.67 0.3344262296875 0.645 0.3344262296875 0.615 0.32786885312499997 0.585 0.3180327875 0.5599999999999999 0.30163934375 0.55 0.288524590625 0.5349999999999999 0.278688525 0.52 0.272131146875 0.515 0.26229508125 0.515 0.252459015625 0.515 0.2459016390625 0.545 0.24262295156250002 0.5900000000000001
3 0.649180328125 0.64 0.66229508125 0.61 0.66229508125 0.58 0.6393442625 0.58 0.5934426234375 0.595 0.5737704921875 0.595 0.570491803125 0.595 0.5573770484375 0.605 0.5639344265624999 0.635 0.5836065578125 0.6599999999999999 0.6163934421875 0.665 0.649180328125 0.64
3 0.39016393437499997 0.5900000000000001 0.4131147546875 0.595 0.46885245937500003 0.605 0.5147540984375001 0.595 0.5245901640625 0.5599999999999999 0.521311475 0.53 0.511475409375 0.48 0.491803278125 0.465 0.47213114687499996 0.45499999999999996 0.43934426249999997 0.45 0.4131147546875 0.45499999999999996 0.4 0.465 0.3868852453125 0.485 0.3770491796875 0.5 0.3770491796875 0.5549999999999999 0.39016393437499997 0.5900000000000001
3 0.150819671875 0.5349999999999999 0.1606557375 0.585 0.18032786875 0.615 0.2131147546875 0.61 0.229508196875 0.595 0.23934426250000002 0.5599999999999999 0.24262295156250002 0.53 0.23934426250000002 0.5 0.2262295078125 0.495 0.209836065625 0.485 0.19344262343750002 0.47000000000000003 0.1836065578125 0.45 0.18032786875 0.45499999999999996 0.1672131140625 0.45 0.150819671875 0.45 0.1442622953125 0.5 0.150819671875 0.5349999999999999
3 0.30163934375 0.5599999999999999 0.34426229531249997 0.5650000000000001 0.37377049218749997 0.5599999999999999 0.38360655781249997 0.525 0.37377049218749997 0.475 0.3606557375 0.445 0.33770491874999997 0.425 0.288524590625 0.41500000000000004 0.2754098359375 0.445 0.268852459375 0.505 0.288524590625 0.53 0.30163934375 0.5599999999999999
3 0.7016393437499999 0.505 0.731147540625 0.49000000000000005 0.7540983609375 0.48 0.7606557375 0.45999999999999996 0.7639344265625 0.43499999999999994 0.7672131140625 0.39 0.7606557375 0.36 0.7475409843749999 0.35 0.727868853125 0.37 0.708196721875 0.395 0.7016393437499999 0.41500000000000004 0.6885245906249999 0.43499999999999994 0.6819672125 0.45499999999999996 0.6819672125 0.5 0.7016393437499999 0.505
3 0.32786885312499997 0.615 0.34426229531249997 0.6599999999999999 0.35737704843749996 0.6900000000000001 0.370491803125 0.71 0.3868852453125 0.7150000000000001 0.40327868906250003 0.7 0.4163934421875 0.665 0.41967213125 0.625 0.4131147546875 0.595 0.4 0.585 0.39016393437499997 0.5700000000000001 0.3770491796875 0.5700000000000001 0.35737704843749996 0.5650000000000001 0.32786885312499997 0.5700000000000001 0.321311475 0.585 0.32786885312499997 0.615
3 0.6950819671875 0.655 0.7245901640625 0.665 0.74098360625 0.62 0.750819671875 0.5650000000000001 0.750819671875 0.52 0.727868853125 0.51 0.6819672125 0.51 0.6754098359375 0.51 0.668852459375 0.53 0.668852459375 0.575 0.6819672125 0.625 0.6950819671875 0.655
3 0.1344262296875 0.45499999999999996 0.1770491796875 0.445 0.18032786875 0.41 0.1606557375 0.385 0.12786885312500001 0.365 0.108196721875 0.355 0.09836065625 0.37 0.10163934375000001 0.42000000000000004 0.111475409375 0.44000000000000006 0.1344262296875 0.45499999999999996
3 0.570491803125 0.58 0.61967213125 0.5700000000000001 0.6459016390625 0.55 0.672131146875 0.545 0.6754098359375 0.51 0.6754098359375 0.47000000000000003 0.672131146875 0.44000000000000006 0.65901639375 0.42000000000000004 0.6360655734375 0.41500000000000004 0.6 0.425 0.570491803125 0.445 0.5639344265624999 0.45 0.547540984375 0.47000000000000003 0.54098360625 0.48 0.54098360625 0.53 0.5442622953125 0.5700000000000001 0.570491803125 0.58
3 0.8065573765625 0.5900000000000001 0.8229508203125 0.545 0.8229508203125 0.505 0.8163934421875 0.465 0.809836065625 0.44000000000000006 0.7934426234374999 0.43499999999999994 0.7639344265625 0.43 0.7639344265625 0.44000000000000006 0.7475409843749999 0.485 0.750819671875 0.485 0.750819671875 0.54 0.7573770484375 0.5650000000000001 0.770491803125 0.595 0.8065573765625 0.5900000000000001
3 0.46885245937500003 0.72 0.49836065625000003 0.72 0.521311475 0.72 0.54098360625 0.6849999999999999 0.54098360625 0.65 0.53770491875 0.5900000000000001 0.5344262296875 0.5599999999999999 0.5245901640625 0.5700000000000001 0.511475409375 0.5900000000000001 0.491803278125 0.595 0.4655737703125 0.605 0.4459016390625 0.6 0.43278688593750003 0.6 0.43278688593750003 0.635 0.43934426249999997 0.665 0.4459016390625 0.6900000000000001 0.46885245937500003 0.72