3 0.5375 0.5412844031249999 0.5666666671875 0.559633028125 0.5875 0.559633028125 0.6083333328125 0.559633028125 0.6333333328124999 0.550458715625 0.6541666671875 0.5229357796875 0.6625 0.48623853281249996 0.6708333328125 0.44954128437499996 0.6708333328125 0.4128440359375 0.6625 0.348623853125 0.6583333328125 0.3211009171875 0.6541666671875 0.29357798125 0.6458333328125 0.2660550453125 0.6291666671875 0.238532109375 0.6208333328125 0.22018348593749998 0.6041666671875 0.211009175 0.5875 0.211009175 0.5666666671875 0.22018348593749998 0.5416666671875 0.24770642187499997 0.5291666671875 0.2752293578125 0.525 0.31192660625 0.5166666671875 0.357798165625 0.5166666671875 0.39449541250000003 0.5166666671875 0.43119266093749997 0.5166666671875 0.4770642203125 0.5208333328125 0.5045871562500001 0.525 0.5229357796875 0.5375 0.5412844031249999
3 0.7458333328125 0.48623853281249996 0.7541666671875 0.44036697187499996 0.7541666671875 0.39449541250000003 0.75 0.3302752296875 0.7375 0.29357798125 0.7208333328125 0.2752293578125 0.6958333328124999 0.2660550453125 0.6666666671875 0.2844036703125 0.6583333328125 0.30275229375 0.6583333328125 0.3211009171875 0.6625 0.357798165625 0.6666666671875 0.4128440359375 0.6666666671875 0.458715596875 0.6708333328125 0.458715596875 0.6833333328125 0.4678899078125 0.7 0.48623853281249996 0.7208333328125 0.5045871562500001 0.7458333328125 0.48623853281249996
3 0.13333333281249998 0.4770642203125 0.1458333328125 0.5045871562500001 0.1541666671875 0.5229357796875 0.1708333328125 0.5137614671875 0.17916666718750002 0.48623853281249996 0.1833333328125 0.44954128437499996 0.17916666718750002 0.3761467890625 0.17916666718750002 0.3669724765625 0.1666666671875 0.348623853125 0.1458333328125 0.31192660625 0.125 0.3211009171875 0.125 0.348623853125 0.125 0.39449541250000003 0.1291666671875 0.44954128437499996 0.13333333281249998 0.4770642203125
3 0.4291666671875 0.7706422015625 0.45 0.7889908250000001 0.47083333281249995 0.7706422015625 0.4875 0.7247706421875 0.5 0.6788990828125 0.5083333328124999 0.6146788984375 0.5083333328124999 0.5688073390625 0.5083333328124999 0.5321100921874999 0.5041666671875 0.5229357796875 0.4916666671875 0.5412844031249999 0.4625 0.550458715625 0.43333333281249997 0.5412844031249999 0.4166666671875 0.550458715625 0.4125 0.559633028125 0.4125 0.6146788984375 0.4125 0.68807339375 0.4166666671875 0.7339449546875 0.4291666671875 0.7706422015625
3 0.5375 0.7798165140625 0.5541666671875001 0.7798165140625 0.5791666671875 0.752293578125 0.6 0.68807339375 0.6 0.6330275234375 0.6 0.5871559640624999 0.6 0.559633028125 0.5875 0.559633028125 0.5625 0.550458715625 0.5375 0.5321100921874999 0.5333333328125 0.5321100921874999 0.5291666671875 0.5321100921874999 0.5208333328125 0.5321100921874999 0.5125 0.5412844031249999 0.5083333328124999 0.559633028125 0.5083333328124999 0.5779816515625 0.5083333328124999 0.642201834375 0.5125 0.70642201875 0.5208333328125 0.752293578125 0.5375 0.7798165140625
3 0.8291666671875 0.6238532109375 0.8291666671875 0.5688073390625 0.825 0.5229357796875 0.8166666671874999 0.48623853281249996 0.8 0.5045871562500001 0.7791666671875 0.5045871562500001 0.775 0.5045871562500001 0.775 0.5321100921874999 0.775 0.5779816515625 0.775 0.6238532109375 0.775 0.642201834375 0.7791666671875 0.642201834375 0.7875 0.660550459375 0.8 0.660550459375 0.8166666671874999 0.660550459375 0.8291666671875 0.6238532109375
3 0.8625 0.49541284374999994 0.8708333328125001 0.4678899078125 0.8791666671874999 0.4220183484375 0.8791666671874999 0.3669724765625 0.8791666671874999 0.3302752296875 0.875 0.2844036703125 0.8708333328125001 0.2844036703125 0.8583333328125 0.2844036703125 0.8458333328125001 0.31192660625 0.8375 0.348623853125 0.8291666671875 0.3761467890625 0.8291666671875 0.4128440359375 0.825 0.44954128437499996 0.825 0.4678899078125 0.8333333328125001 0.49541284374999994 0.8416666671874999 0.49541284374999994 0.8583333328125 0.49541284374999994 0.8625 0.49541284374999994
3 0.6666666671875 0.7339449546875 0.6833333328125 0.68807339375 0.7 0.642201834375 0.7083333328125 0.5779816515625 0.7083333328125 0.5412844031249999 0.7083333328125 0.5137614671875 0.7 0.5045871562500001 0.6708333328125 0.48623853281249996 0.6666666671875 0.48623853281249996 0.6541666671875 0.5137614671875 0.6333333328124999 0.5412844031249999 0.6125 0.559633028125 0.6 0.5688073390625 0.5958333328125 0.6146788984375 0.5916666671875 0.660550459375 0.5958333328125 0.70642201875 0.6041666671875 0.68807339375 0.6083333328125 0.7155963296875 0.6291666671875 0.7431192656250001 0.65 0.752293578125 0.6666666671875 0.7339449546875
3 0.19583333281249998 0.5321100921874999 0.2 0.5412844031249999 0.2166666671875 0.550458715625 0.23333333281250002 0.5229357796875 0.2541666671875 0.48623853281249996 0.2666666671875 0.43119266093749997 0.2666666671875 0.3853211015625 0.2666666671875 0.348623853125 0.2541666671875 0.3211009171875 0.22916666718749998 0.29357798125 0.20833333281250002 0.2752293578125 0.2 0.2752293578125 0.1875 0.2844036703125 0.17916666718750002 0.31192660625 0.17916666718750002 0.3302752296875 0.17916666718750002 0.403669725 0.1833333328125 0.458715596875 0.19583333281249998 0.5321100921874999
3 0.2166666671875 0.660550459375 0.2208333328125 0.6055045875 0.225 0.5412844031249999 0.19583333281249998 0.5321100921874999 0.1875 0.5229357796875 0.1833333328125 0.48623853281249996 0.1833333328125 0.4770642203125 0.1666666671875 0.5045871562500001 0.1625 0.5412844031249999 0.1666666671875 0.5779816515625 0.1666666671875 0.6055045875 0.1666666671875 0.6238532109375 0.1666666671875 0.642201834375 0.1666666671875 0.651376146875 0.175 0.6697247703125 0.1833333328125 0.68807339375 0.20416666718749998 0.68807339375 0.2166666671875 0.660550459375
3 0.36666666718749996 0.43119266093749997 0.3708333328125 0.458715596875 0.38333333281250004 0.5137614671875 0.3916666671875 0.5412844031249999 0.40416666718750005 0.550458715625 0.47083333281249995 0.550458715625 0.5083333328124999 0.5321100921874999 0.5125 0.5137614671875 0.5125 0.4678899078125 0.5166666671875 0.43119266093749997 0.5125 0.39449541250000003 0.5041666671875 0.357798165625 0.5 0.3302752296875 0.49583333281249997 0.30275229375 0.48333333281249996 0.2752293578125 0.47083333281249995 0.25688073437500003 0.45416666718750004 0.238532109375 0.43333333281249997 0.238532109375 0.4125 0.238532109375 0.3958333328125 0.25688073437500003 0.3791666671875 0.2844036703125 0.375 0.31192660625 0.36666666718749996 0.357798165625 0.36666666718749996 0.39449541250000003 0.36666666718749996 0.43119266093749997
3 0.3125 0.69724770625 0.325 0.7339449546875 0.3541666671875 0.752293578125 0.3708333328125 0.7339449546875 0.3875 0.68807339375 0.4 0.651376146875 0.4 0.5871559640624999 0.3958333328125 0.5412844031249999 0.3875 0.5321100921874999 0.3791666671875 0.5045871562500001 0.3625 0.4678899078125 0.3541666671875 0.4770642203125 0.3333333328125 0.5045871562500001 0.3166666671875 0.5045871562500001 0.30416666718749996 0.5229357796875 0.30416666718749996 0.559633028125 0.3083333328125 0.6055045875 0.3083333328125 0.651376146875 0.3125 0.69724770625
3 0.75 0.752293578125 0.7666666671875 0.7339449546875 0.775 0.6788990828125 0.775 0.6055045875 0.775 0.5412844031249999 0.775 0.49541284374999994 0.7708333328125 0.48623853281249996 0.7541666671875 0.4770642203125 0.7416666671875001 0.4770642203125 0.7291666671875 0.5045871562500001 0.7125 0.5045871562500001 0.7041666671875 0.49541284374999994 0.7083333328125 0.5045871562500001 0.7083333328125 0.5321100921874999 0.7041666671875 0.5871559640624999 0.7041666671875 0.6330275234375 0.7 0.651376146875 0.7 0.68807339375 0.7041666671875 0.70642201875 0.7291666671875 0.7339449546875 0.75 0.752293578125
3 0.8666666671875 0.5688073390625 0.8666666671875 0.5229357796875 0.8625 0.5045871562500001 0.85 0.5045871562500001 0.8375 0.49541284374999994 0.825 0.4770642203125 0.825 0.4678899078125 0.8166666671874999 0.4770642203125 0.8208333328125 0.49541284374999994 0.825 0.5321100921874999 0.8291666671875 0.5688073390625 0.8333333328125001 0.6055045875 0.8333333328125001 0.596330275 0.8416666671874999 0.596330275 0.85 0.6055045875 0.8625 0.596330275 0.8666666671875 0.5688073390625
3 0.2416666671875 0.7247706421875 0.2416666671875 0.7339449546875 0.2666666671875 0.7339449546875 0.2833333328125 0.70642201875 0.3 0.6697247703125 0.30416666718749996 0.6146788984375 0.30416666718749996 0.559633028125 0.30416666718749996 0.5321100921874999 0.3 0.5229357796875 0.2791666671875 0.5045871562500001 0.2666666671875 0.4770642203125 0.2666666671875 0.4678899078125 0.25833333281250004 0.4678899078125 0.2541666671875 0.48623853281249996 0.2416666671875 0.5137614671875 0.23333333281250002 0.5229357796875 0.225 0.5321100921874999 0.2208333328125 0.559633028125 0.2208333328125 0.5871559640624999 0.2208333328125 0.6330275234375 0.225 0.68807339375 0.2416666671875 0.7247706421875
3 0.2875 0.5137614671875 0.32083333281250004 0.5137614671875 0.3458333328125 0.48623853281249996 0.3625 0.44036697187499996 0.3708333328125 0.3853211015625 0.3708333328125 0.3302752296875 0.36666666718749996 0.31192660625 0.3416666671875 0.30275229375 0.3291666671875 0.29357798125 0.30416666718749996 0.2752293578125 0.2833333328125 0.2844036703125 0.2708333328125 0.31192660625 0.2666666671875 0.339449540625 0.2625 0.39449541250000003 0.2666666671875 0.44036697187499996 0.2708333328125 0.48623853281249996 0.2875 0.5137614671875
3 0.8291666671875 0.403669725 0.8291666671875 0.3302752296875 0.825 0.2844036703125 0.8125 0.2752293578125 0.8041666671875 0.2752293578125 0.7833333328125 0.2844036703125 0.7666666671875 0.31192660625 0.75 0.348623853125 0.7541666671875 0.3761467890625 0.7583333328124999 0.44036697187499996 0.7416666671875001 0.48623853281249996 0.75 0.48623853281249996 0.7666666671875 0.48623853281249996 0.775 0.5045871562500001 0.7791666671875 0.5045871562500001 0.7916666671875 0.5137614671875 0.8125 0.49541284374999994 0.8208333328125 0.4678899078125 0.8291666671875 0.403669725