3 0.46181818124999996 0.6994535515625 0.4763636359375 0.7103825140625 0.49818181875 0.6885245906249999 0.5163636359375 0.6284153 0.52 0.5683060109375 0.5163636359375 0.5245901640625 0.52 0.4808743171875 0.5127272734375 0.497267759375 0.4945454546875 0.5191256828124999 0.46909090937500003 0.5300546453125 0.44000000000000006 0.5300546453125 0.43272727343749995 0.5300546453125 0.43636363593749994 0.5628415296875 0.4436363640625 0.6120218578125 0.45454545468749996 0.6666666671875 0.46181818124999996 0.6994535515625
3 0.89818181875 0.45355191250000004 0.90181818125 0.40437158437500004 0.9054545453125 0.35519125625000003 0.90181818125 0.322404371875 0.8872727265625 0.316939890625 0.8690909093749999 0.3333333328125 0.850909090625 0.36612021875 0.8400000000000001 0.3825136609375 0.8327272734375001 0.415300546875 0.8327272734375001 0.4426229515625 0.8400000000000001 0.44808743125 0.850909090625 0.47540983593749997 0.8654545453125 0.502732240625 0.8763636359375001 0.497267759375 0.89818181875 0.45355191250000004
3 0.39272727343749997 0.508196721875 0.429090909375 0.5300546453125 0.46909090937500003 0.5300546453125 0.49818181875 0.5191256828124999 0.5127272734375 0.497267759375 0.5163636359375 0.45901639375 0.5236363640625 0.38797814218750004 0.5236363640625 0.3497267765625 0.49818181875 0.3005464484375 0.4654545453125 0.27322404375 0.43636363593749994 0.2677595625 0.41818181875000004 0.2896174859375 0.3963636359375 0.322404371875 0.389090909375 0.35519125625000003 0.37818181875 0.42622950781249996 0.37818181875 0.48633879843749994 0.39272727343749997 0.508196721875
3 0.890909090625 0.5245901640625 0.8763636359375001 0.508196721875 0.8545454546875 0.4808743171875 0.850909090625 0.4808743171875 0.8436363640625 0.502732240625 0.8400000000000001 0.5136612015625001 0.8436363640625 0.54098360625 0.850909090625 0.5683060109375 0.85818181875 0.5792349734375 0.8727272734374999 0.5792349734375 0.9090909093749999 0.584699453125 0.9163636359374999 0.5737704921875 0.9127272734374999 0.5464480875 0.890909090625 0.5245901640625
3 0.749090909375 0.48633879843749994 0.7563636359375 0.44808743125 0.7563636359375 0.42622950781249996 0.7527272734375 0.3715847 0.73818181875 0.3387978140625 0.7127272734375001 0.31147540937499996 0.7054545453125 0.32786885312499997 0.69818181875 0.35519125625000003 0.6945454546875001 0.38797814218750004 0.6836363640625 0.42076502656250003 0.6763636359375 0.42622950781249996 0.669090909375 0.44808743125 0.669090909375 0.45901639375 0.6727272734375 0.48633879843749994 0.6799999999999999 0.48633879843749994 0.7054545453125 0.497267759375 0.73818181875 0.497267759375 0.749090909375 0.48633879843749994
3 0.5745454546875 0.7049180328125 0.6072727265625 0.6612021859375 0.61818181875 0.5737704921875 0.61818181875 0.5245901640625 0.5963636359375 0.5245901640625 0.549090909375 0.5191256828124999 0.52 0.491803278125 0.52 0.502732240625 0.52 0.5519125687499999 0.5272727265625 0.5737704921875 0.5454545453125 0.6393442625 0.5527272734374999 0.6612021859375 0.5599999999999999 0.6994535515625 0.5745454546875 0.7049180328125
3 0.8327272734375001 0.48633879843749994 0.8400000000000001 0.4316939890625 0.8363636359375001 0.35519125625000003 0.8290909093750001 0.316939890625 0.82181818125 0.31147540937499996 0.8036363640624999 0.322404371875 0.789090909375 0.3606557375 0.77818181875 0.40437158437500004 0.7672727265625 0.40983606562499997 0.76 0.42622950781249996 0.7563636359375 0.45901639375 0.76 0.464480875 0.7636363640625 0.4699453546875 0.77818181875 0.497267759375 0.7927272734375 0.5191256828124999 0.8072727265624999 0.5191256828124999 0.8327272734375001 0.48633879843749994
3 0.5563636359374999 0.5245901640625 0.610909090625 0.5191256828124999 0.6436363640625 0.508196721875 0.669090909375 0.47540983593749997 0.6727272734375 0.4426229515625 0.6581818187499999 0.398907103125 0.6472727265625 0.3606557375 0.6363636359375 0.316939890625 0.62181818125 0.2896174859375 0.6 0.278688525 0.58181818125 0.2841530046875 0.5563636359374999 0.3005464484375 0.5345454546874999 0.3333333328125 0.5236363640625 0.34426229531249997 0.52 0.3825136609375 0.52 0.464480875 0.5272727265625 0.491803278125 0.5563636359374999 0.5245901640625
3 0.8872727265625 0.47540983593749997 0.8800000000000001 0.48633879843749994 0.8763636359375001 0.5136612015625001 0.89645933125 0.52660339375 0.8872727265625 0.508196721875 0.9012121203125 0.529143896875 0.9163636359374999 0.5245901640625 0.930909090625 0.5191256828124999 0.930909090625 0.491803278125 0.9272727265625 0.4699453546875 0.9199999999999999 0.45355191250000004 0.89818181875 0.44808743125 0.8945454546875 0.45901639375 0.8872727265625 0.47540983593749997
3 0.8690909093749999 0.6393442625 0.8654545453125 0.590163934375 0.850909090625 0.5464480875 0.8290909093750001 0.497267759375 0.8254545453125001 0.48633879843749994 0.82181818125 0.497267759375 0.8072727265624999 0.5136612015625001 0.789090909375 0.5245901640625 0.77818181875 0.5300546453125 0.77818181875 0.5464480875 0.77818181875 0.5573770484375 0.789090909375 0.5792349734375 0.8145454546875 0.6120218578125 0.8363636359375001 0.64480874375 0.8545454546875 0.6502732234375 0.8690909093749999 0.6393442625
3 0.2545454546875 0.6612021859375 0.26181818125 0.6939890703125 0.2763636359375 0.7049180328125 0.309090909375 0.7049180328125 0.32 0.6612021859375 0.32 0.6120218578125 0.33090909062499996 0.5737704921875 0.33090909062499996 0.5519125687499999 0.32 0.5300546453125 0.29818181875 0.5191256828124999 0.28363636406250003 0.502732240625 0.2763636359375 0.4808743171875 0.2654545453125 0.48633879843749994 0.24727272656250002 0.54098360625 0.24727272656250002 0.5792349734375 0.250909090625 0.6174863390625001 0.2545454546875 0.6612021859375
3 0.9454545453125001 0.40983606562499997 0.9527272734375 0.35519125625000003 0.9454545453125001 0.3387978140625 0.930909090625 0.3333333328125 0.9163636359374999 0.3497267765625 0.9090909093749999 0.35519125625000003 0.9054545453125 0.3825136609375 0.9090909093749999 0.398907103125 0.9054545453125 0.42622950781249996 0.90181818125 0.43715847031250005 0.9127272734374999 0.44808743125 0.9236363640624999 0.45901639375 0.9381818187500001 0.4426229515625 0.9454545453125001 0.40983606562499997
3 0.73818181875 0.677595628125 0.7563636359375 0.672131146875 0.7745454546875 0.6612021859375 0.7854545453124999 0.6174863390625001 0.7854545453124999 0.5792349734375 0.78181818125 0.54098360625 0.77818181875 0.497267759375 0.770909090625 0.4808743171875 0.7636363640625 0.464480875 0.7563636359375 0.464480875 0.7563636359375 0.4808743171875 0.7454545453125 0.497267759375 0.7163636359375001 0.502732240625 0.70181818125 0.5136612015625001 0.69818181875 0.535519125 0.7054545453125 0.5683060109375 0.7127272734375001 0.584699453125 0.72 0.6120218578125 0.7272727265625 0.6502732234375 0.73818181875 0.677595628125
3 0.1454545453125 0.590163934375 0.1563636359375 0.584699453125 0.1745454546875 0.5683060109375 0.18181818125 0.5464480875 0.189090909375 0.5191256828124999 0.1854545453125 0.497267759375 0.1745454546875 0.497267759375 0.1563636359375 0.508196721875 0.1454545453125 0.5191256828124999 0.1345454546875 0.5245901640625 0.130909090625 0.5245901640625 0.1236363640625 0.54098360625 0.12 0.5628415296875 0.1272727265625 0.590163934375 0.1454545453125 0.590163934375
3 0.3672727265625 0.6885245906249999 0.3854545453125 0.6939890703125 0.4036363640625 0.6612021859375 0.410909090625 0.6174863390625001 0.4254545453125 0.5792349734375 0.4254545453125 0.54098360625 0.41818181875000004 0.5191256828124999 0.39272727343749997 0.5136612015625001 0.3745454546875 0.491803278125 0.3745454546875 0.497267759375 0.36 0.5136612015625001 0.34181818124999996 0.5300546453125 0.33818181875 0.535519125 0.33818181875 0.5737704921875 0.349090909375 0.6174863390625001 0.36 0.6612021859375 0.3672727265625 0.6885245906249999
3 0.27999999999999997 0.497267759375 0.29454545468750004 0.5191256828124999 0.33090909062499996 0.5300546453125 0.3527272734375 0.5245901640625 0.37818181875 0.48633879843749994 0.3745454546875 0.43715847031250005 0.36 0.398907103125 0.3527272734375 0.35519125625000003 0.3454545453125 0.322404371875 0.33090909062499996 0.3060109296875 0.32 0.31147540937499996 0.3054545453125 0.322404371875 0.290909090625 0.3606557375 0.28363636406250003 0.38797814218750004 0.2763636359375 0.42622950781249996 0.27272727343750003 0.464480875 0.27999999999999997 0.497267759375
3 0.1236363640625 0.5136612015625001 0.13818181875 0.5245901640625 0.1672727265625 0.497267759375 0.1854545453125 0.47540983593749997 0.1854545453125 0.44808743125 0.1854545453125 0.42622950781249996 0.17818181875 0.40983606562499997 0.16363636406249998 0.3770491796875 0.1563636359375 0.36612021875 0.13818181875 0.35519125625000003 0.1272727265625 0.35519125625000003 0.1127272734375 0.36612021875 0.10545454531250001 0.398907103125 0.10545454531250001 0.43715847031250005 0.11636363593750002 0.4808743171875 0.1236363640625 0.5136612015625001
3 0.6545454546875 0.672131146875 0.669090909375 0.672131146875 0.6872727265624999 0.64480874375 0.6945454546875001 0.6065573765625001 0.69818181875 0.5628415296875 0.69818181875 0.54098360625 0.6945454546875001 0.5136612015625001 0.6945454546875001 0.508196721875 0.6763636359375 0.497267759375 0.6654545453125 0.491803278125 0.6472727265625 0.508196721875 0.6327272734375 0.5191256828124999 0.61818181875 0.5245901640625 0.61818181875 0.5573770484375 0.62181818125 0.5737704921875 0.629090909375 0.5792349734375 0.6436363640625 0.6120218578125 0.650909090625 0.6502732234375 0.6545454546875 0.672131146875
3 0.17090909062499998 0.6174863390625001 0.17090909062499998 0.6393442625 0.1745454546875 0.6612021859375 0.2072727265625 0.6502732234375 0.2254545453125 0.6393442625 0.24727272656250002 0.601092896875 0.24727272656250002 0.5628415296875 0.2363636359375 0.535519125 0.2254545453125 0.54098360625 0.2145454546875 0.5464480875 0.2036363640625 0.535519125 0.2 0.5245901640625 0.189090909375 0.535519125 0.18181818125 0.5519125687499999 0.1745454546875 0.590163934375 0.17090909062499998 0.6174863390625001
3 0.2 0.5245901640625 0.2072727265625 0.535519125 0.2145454546875 0.5464480875 0.24 0.5191256828124999 0.25818181875 0.48633879843749994 0.269090909375 0.45355191250000004 0.2654545453125 0.415300546875 0.2545454546875 0.40983606562499997 0.22909090937499998 0.38797814218750004 0.22181818125000002 0.3387978140625 0.21090909062500002 0.32786885312499997 0.1963636359375 0.35519125625000003 0.1854545453125 0.3934426234375 0.1854545453125 0.4426229515625 0.2036363640625 0.48633879843749994 0.2 0.5245901640625