3 0.40176991093750003 0.6498673734375 0.41061946875000005 0.6419098140624999 0.415929203125 0.631299734375 0.42123893749999997 0.6206896546875 0.4247787609375 0.6047745359375 0.4247787609375 0.5915119359375 0.43008849531250004 0.5835543765625 0.426548671875 0.5755968171875 0.41769911562499995 0.5755968171875 0.40884955781250004 0.5782493375 0.4035398234375 0.5888594171875 0.40176991093750003 0.5888594171875 0.3982300890625 0.6047745359375 0.3964601765625 0.6259946953125 0.3982300890625 0.6498673734375 0.40176991093750003 0.6498673734375
3 0.750442478125 0.543766578125 0.7469026546875 0.527851459375 0.7451327437499999 0.5251989390625 0.7345132750000001 0.527851459375 0.727433628125 0.5331564984375 0.7238938046875 0.543766578125 0.7185840703124999 0.5676392578125 0.7168141593749999 0.5835543765625 0.7132743359375 0.5915119359375 0.7150442484374999 0.5968169765625 0.7256637171875 0.5994694953125 0.7362831859375001 0.5941644562499999 0.7451327437499999 0.5649867375000001 0.750442478125 0.543766578125
3 0.72212389375 0.5543766578125 0.7256637171875 0.53580901875 0.7256637171875 0.52254641875 0.7203539828125 0.514588859375 0.7061946906250001 0.514588859375 0.6902654874999999 0.52254641875 0.6902654874999999 0.5384615390625 0.6884955749999999 0.5517241375 0.6867256640625 0.5676392578125 0.6814159296875 0.572944296875 0.6920353984375 0.5915119359375 0.7061946906250001 0.5968169765625 0.7185840703124999 0.5835543765625 0.72212389375 0.5543766578125
3 0.6318584078125 0.543766578125 0.6371681421875001 0.5251989390625 0.6424778765625 0.5092838203125 0.6424778765625 0.498673740625 0.63362831875 0.49071617968750003 0.6247787609375 0.48806366093750003 0.6106194687500001 0.498673740625 0.6017699109375 0.514588859375 0.6017699109375 0.5172413796875001 0.6106194687500001 0.5305039781249999 0.6141592921875 0.543766578125 0.6212389375 0.54907161875 0.6318584078125 0.543766578125
3 0.5946902656249999 0.6790450921875 0.6017699109375 0.6631299734375 0.605309734375 0.65251989375 0.6088495578125 0.6419098140624999 0.6123893812500001 0.628647215625 0.6141592921875 0.6206896546875 0.6123893812500001 0.610079575 0.6070796453125 0.6074270562499999 0.5964601765624999 0.6047745359375 0.58761061875 0.6047745359375 0.582300884375 0.6047745359375 0.57699115 0.6047745359375 0.571681415625 0.6047745359375 0.5699115046875 0.6127320953125001 0.5681415921874999 0.623342175 0.5663716812499999 0.63925729375 0.5663716812499999 0.6498673734375 0.571681415625 0.6631299734375 0.5805309734375 0.6816976125 0.58761061875 0.6843501328125 0.5946902656249999 0.6790450921875
3 0.7628318578125 0.5411140578125 0.7646017703125 0.52254641875 0.7646017703125 0.5119363390625 0.7592920359375 0.5066313 0.739823009375 0.514588859375 0.738053096875 0.5172413796875001 0.739823009375 0.5251989390625 0.74336283125 0.5251989390625 0.750442478125 0.53580901875 0.750442478125 0.5464190984374999 0.748672565625 0.557029178125 0.7451327437499999 0.5649867375000001 0.74336283125 0.5755968171875 0.738053096875 0.586206896875 0.738053096875 0.5915119359375 0.738053096875 0.5941644562499999 0.74336283125 0.5994694953125 0.7539823015625 0.5968169765625 0.7628318578125 0.557029178125 0.7628318578125 0.5411140578125
3 0.5592920359375 0.66578249375 0.5646017703124999 0.65251989375 0.5663716812499999 0.6419098140624999 0.5681415921874999 0.631299734375 0.5681415921874999 0.6180371359375 0.5681415921874999 0.6127320953125001 0.5646017703124999 0.6074270562499999 0.5592920359375 0.6047745359375 0.550442478125 0.5994694953125 0.5469026546875 0.5994694953125 0.54336283125 0.5968169765625 0.5362831859375 0.5994694953125 0.534513275 0.602122015625 0.534513275 0.6180371359375 0.534513275 0.6339522546875 0.5327433625 0.6419098140624999 0.5327433625 0.6472148546875001 0.5380530968749999 0.657824934375 0.54336283125 0.66578249375 0.5522123890625 0.6684350125 0.5592920359375 0.66578249375
3 0.6707964609375 0.5835543765625 0.6743362828125 0.586206896875 0.683185840625 0.5782493375 0.6867256640625 0.557029178125 0.6902654874999999 0.5331564984375 0.6884955749999999 0.5172413796875001 0.6796460171875001 0.5092838203125 0.6672566375 0.5066313 0.651327434375 0.5172413796875001 0.638938053125 0.53580901875 0.63362831875 0.543766578125 0.6318584078125 0.5517241375 0.6371681421875001 0.5623342171875 0.6477876109375 0.5702917765625 0.6584070796875 0.572944296875 0.6707964609375 0.5835543765625
3 0.4070796453125 0.527851459375 0.42123893749999997 0.5305039781249999 0.43008849531250004 0.5331564984375 0.4353982296875 0.5305039781249999 0.43893805312499995 0.514588859375 0.43893805312499995 0.5039787796875 0.43008849531250004 0.49602122031249996 0.41769911562499995 0.48806366093750003 0.4070796453125 0.4801061015625 0.40176991093750003 0.46949602187500006 0.4 0.4668435015625 0.394690265625 0.4668435015625 0.3911504421875 0.47745358125 0.3911504421875 0.4933687 0.39292035468750003 0.5172413796875001 0.3982300890625 0.5305039781249999 0.4070796453125 0.527851459375
3 0.5646017703124999 0.5517241375 0.5787610625 0.5464190984374999 0.5858407078125001 0.5384615390625 0.5858407078125001 0.5119363390625 0.5858407078125001 0.4933687 0.582300884375 0.4801061015625 0.5699115046875 0.47745358125 0.5557522125000001 0.47745358125 0.548672565625 0.48806366093750003 0.5469026546875 0.498673740625 0.550442478125 0.52254641875 0.5522123890625 0.5384615390625 0.5646017703124999 0.5517241375
3 0.38053097343750003 0.5331564984375 0.3911504421875 0.53580901875 0.3982300890625 0.5305039781249999 0.394690265625 0.52254641875 0.3911504421875 0.49602122031249996 0.38938053125 0.4933687 0.384070796875 0.48806366093750003 0.38053097343750003 0.4801061015625 0.37699115 0.472148540625 0.373451328125 0.46949602187500006 0.3699115046875 0.4748010609375 0.3699115046875 0.485411140625 0.371681415625 0.5092838203125 0.373451328125 0.527851459375 0.38053097343750003 0.5331564984375
3 0.5238938046875 0.657824934375 0.5292035390625001 0.6498673734375 0.534513275 0.631299734375 0.534513275 0.6180371359375 0.5309734515625 0.602122015625 0.5238938046875 0.5915119359375 0.5150442484375 0.5915119359375 0.506194690625 0.5915119359375 0.5026548671875 0.5941644562499999 0.49557522187499997 0.5994694953125 0.493805309375 0.610079575 0.493805309375 0.6206896546875 0.493805309375 0.631299734375 0.49557522187499997 0.6339522546875 0.49911504375 0.644562334375 0.504424778125 0.657824934375 0.516814159375 0.6631299734375 0.5238938046875 0.657824934375
3 0.4743362828125 0.657824934375 0.4796460171875 0.65251989375 0.48672566406250006 0.644562334375 0.4920353984375 0.6339522546875 0.49557522187499997 0.6259946953125 0.493805309375 0.615384615625 0.49557522187499997 0.602122015625 0.49557522187499997 0.5941644562499999 0.48849557499999996 0.586206896875 0.4796460171875 0.58090185625 0.46902654843749997 0.58090185625 0.465486725 0.5888594171875 0.46194690312500003 0.5968169765625 0.46017699062500006 0.610079575 0.45840707968750005 0.6206896546875 0.46194690312500003 0.631299734375 0.465486725 0.63925729375 0.4707964609375 0.6472148546875001 0.472566371875 0.657824934375 0.4743362828125 0.657824934375
3 0.4318584078125 0.66578249375 0.43893805312499995 0.657824934375 0.4442477875 0.6472148546875001 0.4530973453125 0.636604775 0.46017699062500006 0.6206896546875 0.46017699062500006 0.6074270562499999 0.46194690312500003 0.5941644562499999 0.45486725625 0.5888594171875 0.4460176984375 0.58090185625 0.43362831875 0.58090185625 0.42831858437500003 0.5888594171875 0.4247787609375 0.5968169765625 0.4247787609375 0.610079575 0.4247787609375 0.6206896546875 0.42300885 0.6259946953125 0.42300885 0.636604775 0.42123893749999997 0.65251989375 0.4247787609375 0.6604774531250001 0.4318584078125 0.66578249375
3 0.6407079640625 0.7135278515625 0.649557521875 0.7161803718749999 0.65663716875 0.7055702921875 0.6584070796875 0.6790450921875 0.65663716875 0.6631299734375 0.65486725625 0.6472148546875001 0.65486725625 0.636604775 0.651327434375 0.628647215625 0.6407079640625 0.6259946953125 0.6318584078125 0.6206896546875 0.62300885 0.615384615625 0.6194690265625 0.615384615625 0.6141592921875 0.6259946953125 0.6123893812500001 0.636604775 0.6106194687500001 0.6498673734375 0.605309734375 0.65251989375 0.6123893812500001 0.66578249375 0.6194690265625 0.687002653125 0.6300884953125 0.6976127328125 0.6407079640625 0.7135278515625