3 0.798787878125 0.33799999999999997 0.795151515625 0.296 0.7866666671875 0.27999999999999997 0.7672727265625 0.308 0.7551515156249999 0.32999999999999996 0.7515151515625 0.348 0.7454545453125 0.394 0.761212121875 0.40800000000000003 0.7793939390625 0.41 0.8 0.382 0.798787878125 0.33799999999999997
3 0.19030302968749999 0.648 0.19393939375 0.666 0.20484848437499997 0.6639999999999999 0.21575757499999998 0.648 0.23151515156250002 0.628 0.2363636359375 0.606 0.2363636359375 0.576 0.2375757578125 0.5519999999999999 0.238787878125 0.534 0.2375757578125 0.53 0.224242425 0.526 0.2072727265625 0.526 0.19393939375 0.54 0.1866666671875 0.5519999999999999 0.1793939390625 0.5660000000000001 0.17818181875 0.6 0.18424242500000002 0.634 0.19030302968749999 0.648
3 0.55393939375 0.6940000000000001 0.5709090906250001 0.6980000000000001 0.5866666671874999 0.6799999999999999 0.5975757578125 0.642 0.598787878125 0.606 0.598787878125 0.572 0.598787878125 0.544 0.598787878125 0.522 0.5963636359375 0.504 0.5915151515625 0.49400000000000005 0.5721212125 0.49800000000000005 0.5636363640625001 0.504 0.5454545453125 0.51 0.5236363640625 0.512 0.5103030296875 0.51 0.50181818125 0.512 0.503030303125 0.53 0.503030303125 0.5599999999999999 0.5054545453125 0.5820000000000001 0.5115151515624999 0.5940000000000001 0.5163636359375 0.618 0.5296969703125 0.6519999999999999 0.54181818125 0.674 0.55393939375 0.6940000000000001
3 0.31757575781249997 0.716 0.3333333328125 0.712 0.343030303125 0.688 0.3503030296875 0.6599999999999999 0.3563636359375 0.638 0.3503030296875 0.614 0.3454545453125 0.5900000000000001 0.343030303125 0.558 0.344242425 0.544 0.3575757578125 0.538 0.36606060625 0.534 0.35515151562499997 0.524 0.3406060609375 0.518 0.3236363640625 0.512 0.3103030296875 0.522 0.29818181875 0.538 0.2993939390625 0.5519999999999999 0.2993939390625 0.572 0.30181818125 0.5980000000000001 0.304242425 0.616 0.3054545453125 0.632 0.3066666671875 0.64 0.3066666671875 0.654 0.3066666671875 0.686 0.3115151515625 0.704 0.31757575781249997 0.716
2 0.5684848484375 0.396 0.5915151515625 0.40800000000000003 0.6 0.4 0.601212121875 0.372 0.60606060625 0.352 0.5878787875 0.348 0.564848484375 0.33599999999999997 0.535757575 0.322 0.521212121875 0.316 0.5054545453125 0.306 0.49090909062500004 0.3 0.48484848437499994 0.306 0.48 0.33599999999999997 0.50181818125 0.344 0.518787878125 0.352 0.5503030296875 0.378 0.5684848484375 0.396
3 0.6727272734375 0.47400000000000003 0.68606060625 0.438 0.690909090625 0.388 0.690909090625 0.348 0.684848484375 0.306 0.678787878125 0.27799999999999997 0.67393939375 0.246 0.6678787875000001 0.238 0.6545454546875 0.266 0.638787878125 0.294 0.6193939390625001 0.312 0.6072727265625 0.324 0.6072727265625 0.356 0.601212121875 0.394 0.59393939375 0.42800000000000005 0.598787878125 0.43600000000000005 0.6072727265625 0.44800000000000006 0.6278787875 0.47000000000000003 0.6424242421875 0.47800000000000004 0.6727272734375 0.47400000000000003
3 0.7454545453125 0.40599999999999997 0.7515151515625 0.346 0.7515151515625 0.296 0.7503030296875 0.264 0.74181818125 0.252 0.7296969703125 0.258 0.7163636359375001 0.284 0.703030303125 0.314 0.695757575 0.33999999999999997 0.6921212125 0.372 0.6884848484375 0.40599999999999997 0.68606060625 0.44000000000000006 0.69818181875 0.458 0.7175757578125 0.458 0.7357575749999999 0.45599999999999996 0.7454545453125 0.40599999999999997
3 0.36 0.446 0.370909090625 0.46399999999999997 0.389090909375 0.46399999999999997 0.40969697031249996 0.458 0.4303030296875 0.462 0.45454545468749996 0.45199999999999996 0.464242425 0.45 0.46909090937500003 0.414 0.475151515625 0.374 0.4763636359375 0.344 0.4763636359375 0.318 0.45575757499999997 0.268 0.4484848484375 0.256 0.4303030296875 0.238 0.41818181875000004 0.22999999999999998 0.3963636359375 0.22799999999999998 0.383030303125 0.236 0.364848484375 0.26 0.35393939375 0.3 0.3515151515625 0.358 0.3503030296875 0.404 0.36 0.446
3 0.22787878749999999 0.414 0.2363636359375 0.458 0.24363636406250003 0.47400000000000003 0.26181818125 0.472 0.275151515625 0.458 0.278787878125 0.44000000000000006 0.27999999999999997 0.41600000000000004 0.27999999999999997 0.386 0.2775757578125 0.36 0.2775757578125 0.33599999999999997 0.275151515625 0.318 0.2654545453125 0.296 0.2533333328125 0.274 0.24606060625 0.256 0.2375757578125 0.25 0.2254545453125 0.254 0.21696969687499998 0.294 0.21575757499999998 0.33199999999999996 0.21818181874999998 0.38 0.22787878749999999 0.414
3 0.40969697031249996 0.728 0.42181818125000003 0.71 0.429090909375 0.67 0.43272727343749995 0.632 0.43393939374999996 0.606 0.43272727343749995 0.5740000000000001 0.429090909375 0.548 0.424242425 0.528 0.4193939390625 0.512 0.41212121249999994 0.508 0.39272727343749997 0.522 0.37818181875 0.528 0.36 0.538 0.3454545453125 0.544 0.343030303125 0.55 0.3406060609375 0.572 0.344242425 0.596 0.3503030296875 0.616 0.35515151562499997 0.634 0.3575757578125 0.64 0.3636363640625 0.6679999999999999 0.3745454546875 0.702 0.3878787875 0.728 0.40969697031249996 0.728
3 0.28363636406250003 0.43200000000000005 0.28969697031249997 0.454 0.3066666671875 0.472 0.3296969703125 0.46399999999999997 0.3454545453125 0.45599999999999996 0.3515151515625 0.442 0.35393939375 0.42000000000000004 0.35393939375 0.38 0.35393939375 0.35 0.3515151515625 0.32599999999999996 0.3454545453125 0.302 0.33212121250000004 0.27999999999999997 0.32121212187500003 0.26 0.3115151515625 0.24 0.304242425 0.238 0.295757575 0.242 0.28606060625 0.27999999999999997 0.2763636359375 0.36 0.2763636359375 0.392 0.28363636406250003 0.43200000000000005
3 0.1793939390625 0.41600000000000004 0.18424242500000002 0.44000000000000006 0.1975757578125 0.45 0.21575757499999998 0.43600000000000005 0.22181818125000002 0.42000000000000004 0.22181818125000002 0.39 0.21818181874999998 0.36 0.2133333328125 0.33999999999999997 0.20484848437499997 0.322 0.2024242421875 0.304 0.1975757578125 0.294 0.189090909375 0.288 0.18424242500000002 0.302 0.176969696875 0.33999999999999997 0.175757575 0.386 0.1793939390625 0.41600000000000004
3 0.241212121875 0.736 0.25212121249999997 0.74 0.2715151515625 0.72 0.2872727265625 0.686 0.30181818125 0.64 0.3054545453125 0.614 0.3006060609375 0.584 0.290909090625 0.5740000000000001 0.278787878125 0.5599999999999999 0.2715151515625 0.54 0.264242425 0.524 0.24848484843750002 0.524 0.2375757578125 0.54 0.23393939375 0.5780000000000001 0.235151515625 0.606 0.23393939375 0.622 0.23151515156250002 0.626 0.2303030296875 0.6519999999999999 0.2303030296875 0.688 0.2363636359375 0.72 0.241212121875 0.736
3 0.6533333328125 0.724 0.6715151515625 0.722 0.6836363640625 0.6759999999999999 0.6921212125 0.622 0.690909090625 0.562 0.68606060625 0.52 0.678787878125 0.5 0.656969696875 0.5 0.6327272734375 0.506 0.6096969703124999 0.516 0.6024242421875 0.54 0.601212121875 0.548 0.6036363640625 0.58 0.601212121875 0.6 0.6048484843749999 0.61 0.6133333328125 0.644 0.624242425 0.6759999999999999 0.6375757578125001 0.71 0.6533333328125 0.724
3 0.155151515625 0.414 0.1624242421875 0.43 0.1672727265625 0.43200000000000005 0.175757575 0.42800000000000005 0.17818181875 0.426 0.17818181875 0.414 0.1745454546875 0.388 0.1745454546875 0.358 0.176969696875 0.33799999999999997 0.17333333281250002 0.32999999999999996 0.1684848484375 0.312 0.16606060625000002 0.304 0.158787878125 0.292 0.155151515625 0.292 0.1515151515625 0.294 0.14666666718750002 0.304 0.1454545453125 0.33399999999999996 0.14666666718750002 0.37 0.149090909375 0.392 0.155151515625 0.414
3 0.7515151515625 0.632 0.7587878781249999 0.588 0.7587878781249999 0.554 0.7575757578125 0.516 0.75393939375 0.49000000000000005 0.7430303031250001 0.472 0.724848484375 0.46799999999999997 0.695757575 0.472 0.6775757578125 0.47800000000000004 0.6763636359375 0.49000000000000005 0.6884848484375 0.524 0.6896969703125 0.544 0.6945454546875001 0.5519999999999999 0.7054545453125 0.5820000000000001 0.7212121218750001 0.618 0.73818181875 0.642 0.7515151515625 0.632
3 0.4654545453125 0.458 0.46666666718750005 0.48 0.48121212187499995 0.5 0.5103030296875 0.508 0.5296969703125 0.512 0.5527272734374999 0.514 0.575757575 0.496 0.5854545453125 0.472 0.5927272734375 0.44000000000000006 0.598787878125 0.404 0.6024242421875 0.372 0.60606060625 0.346 0.60606060625 0.31 0.60606060625 0.284 0.6 0.252 0.5866666671874999 0.22599999999999998 0.564848484375 0.20800000000000002 0.53818181875 0.21000000000000002 0.5127272734375 0.23199999999999998 0.5006060609375 0.262 0.48484848437499994 0.304 0.4763636359375 0.33799999999999997 0.4727272734375 0.37 0.4678787875 0.422 0.4654545453125 0.458
3 0.47030302968750004 0.6980000000000001 0.48242424218749996 0.6900000000000001 0.495757575 0.67 0.5054545453125 0.64 0.509090909375 0.5980000000000001 0.5078787874999999 0.5660000000000001 0.50181818125 0.524 0.50181818125 0.512 0.48969697031250004 0.506 0.4763636359375 0.496 0.4654545453125 0.488 0.456969696875 0.48200000000000004 0.4436363640625 0.484 0.4303030296875 0.49000000000000005 0.4206060609375 0.5 0.4206060609375 0.52 0.424242425 0.534 0.4315151515625 0.5700000000000001 0.4315151515625 0.588 0.43636363593749994 0.602 0.44242424218750004 0.632 0.45575757499999997 0.666 0.4654545453125 0.6839999999999999 0.47030302968750004 0.6980000000000001