3 0.4270833328125 0.668571428125 0.4375 0.64 0.44097222187499996 0.611428571875 0.4375 0.5771428578125 0.43402777812500004 0.5771428578125 0.4166666671875 0.5657142859375 0.39930555624999997 0.5542857140625 0.3958333328125 0.5371428578125 0.3923611109375 0.531428571875 0.38194444375000003 0.548571428125 0.3611111109375 0.548571428125 0.3611111109375 0.5542857140625 0.3645833328125 0.5942857140625 0.3645833328125 0.611428571875 0.36805555624999997 0.6342857140625 0.36805555624999997 0.6628571421875 0.38194444375000003 0.6971428578125 0.40277777812500004 0.7028571421875001 0.4270833328125 0.668571428125
3 0.25347222187499996 0.548571428125 0.2638888890625 0.5714285718750001 0.28819444375000003 0.5714285718750001 0.3020833328125 0.5371428578125 0.30902777812500004 0.508571428125 0.3125 0.47428571406250003 0.30902777812500004 0.44571428593749995 0.2986111109375 0.42285714218750003 0.28472222187499996 0.4 0.27430555624999997 0.3942857140625 0.25694444375000003 0.3828571421875 0.246527778125 0.411428571875 0.24305555625 0.46285714218749996 0.25 0.508571428125 0.25347222187499996 0.548571428125
3 0.222222221875 0.5771428578125 0.23611111093749998 0.5771428578125 0.25 0.5657142859375 0.25347222187499996 0.5428571421874999 0.246527778125 0.5028571421875 0.246527778125 0.46285714218749996 0.23611111093749998 0.44571428593749995 0.22916666718749998 0.44571428593749995 0.21180555625 0.44571428593749995 0.20833333281250002 0.47428571406250003 0.20833333281250002 0.52 0.215277778125 0.5542857140625 0.222222221875 0.5771428578125
3 0.5173611109375 0.5371428578125 0.5381944437499999 0.5657142859375 0.5694444437499999 0.5714285718750001 0.6076388890625 0.5714285718750001 0.6319444437499999 0.5542857140625 0.6388888890625 0.4971428578125 0.6319444437499999 0.44000000000000006 0.6180555562500001 0.3828571421875 0.6041666671875 0.36 0.5833333328125 0.3428571421875 0.559027778125 0.34857142812499997 0.5381944437499999 0.3771428578125 0.527777778125 0.411428571875 0.5173611109375 0.451428571875 0.5138888890625 0.4971428578125 0.5173611109375 0.5371428578125
3 0.35069444375000003 0.6571428578125 0.3645833328125 0.6342857140625 0.3645833328125 0.6057142859375 0.3611111109375 0.5771428578125 0.3576388890625 0.5599999999999999 0.3333333328125 0.548571428125 0.31944444375000003 0.5428571421874999 0.3125 0.5257142859374999 0.30902777812500004 0.5257142859374999 0.3020833328125 0.5428571421874999 0.2916666671875 0.5599999999999999 0.2916666671875 0.5828571421875 0.2916666671875 0.6228571421875 0.2916666671875 0.6571428578125 0.2986111109375 0.6857142859375001 0.3229166671875 0.6857142859375001 0.35069444375000003 0.6571428578125
3 0.8333333328125001 0.651428571875 0.8298611109375 0.6171428578125 0.8194444437499999 0.5942857140625 0.8125 0.5771428578125 0.8055555562500001 0.5714285718750001 0.7951388890625 0.5714285718750001 0.784722221875 0.5714285718750001 0.784722221875 0.5771428578125 0.7916666671875 0.6 0.7951388890625 0.6228571421875 0.7986111109375 0.6457142859375 0.7986111109375 0.651428571875 0.809027778125 0.6628571421875 0.815972221875 0.6742857140625 0.8263888890625 0.6799999999999999 0.8333333328125001 0.651428571875
3 0.652777778125 0.6971428578125 0.6631944437499999 0.6628571421875 0.6631944437499999 0.628571428125 0.6631944437499999 0.5885714281250001 0.659722221875 0.5714285718750001 0.6388888890625 0.5542857140625 0.6354166671875 0.5542857140625 0.6180555562500001 0.5599999999999999 0.590277778125 0.5771428578125 0.5868055562500001 0.5771428578125 0.59375 0.611428571875 0.59375 0.64 0.597222221875 0.64 0.6076388890625 0.6799999999999999 0.621527778125 0.708571428125 0.6354166671875 0.72 0.652777778125 0.6971428578125
3 0.1875 0.6742857140625 0.20486111093749998 0.668571428125 0.222222221875 0.651428571875 0.23263888906250002 0.628571428125 0.24305555625 0.6 0.23958333281250002 0.5771428578125 0.222222221875 0.5771428578125 0.20833333281250002 0.5942857140625 0.18402777812499999 0.628571428125 0.18055555625 0.6628571421875 0.1875 0.6742857140625
3 0.27430555624999997 0.6342857140625 0.28819444375000003 0.611428571875 0.2916666671875 0.5885714281250001 0.2951388890625 0.5714285718750001 0.2916666671875 0.5657142859375 0.2708333328125 0.5714285718750001 0.25694444375000003 0.5714285718750001 0.246527778125 0.5828571421875 0.24305555625 0.5942857140625 0.23263888906250002 0.6228571421875 0.22569444375 0.6457142859375 0.23263888906250002 0.6628571421875 0.23958333281250002 0.6742857140625 0.2604166671875 0.6628571421875 0.27430555624999997 0.6342857140625
3 0.7986111109375 0.6628571421875 0.7916666671875 0.6171428578125 0.784722221875 0.5828571421875 0.78125 0.5657142859375 0.7743055562500001 0.5714285718750001 0.7673611109375 0.5885714281250001 0.753472221875 0.5885714281250001 0.7430555562500001 0.5714285718750001 0.7395833328125 0.5714285718750001 0.7395833328125 0.5942857140625 0.7430555562500001 0.6228571421875 0.746527778125 0.6342857140625 0.7569444437499999 0.6571428578125 0.7708333328125 0.6799999999999999 0.7881944437499999 0.6914285718750001 0.7986111109375 0.6628571421875
3 0.784722221875 0.5428571421874999 0.7916666671875 0.5028571421875 0.7986111109375 0.47428571406250003 0.8020833328125001 0.4342857140625 0.8020833328125001 0.411428571875 0.7986111109375 0.3828571421875 0.78125 0.371428571875 0.7604166671875 0.3771428578125 0.746527778125 0.4 0.7291666671875 0.428571428125 0.7256944437499999 0.451428571875 0.722222221875 0.48 0.722222221875 0.4971428578125 0.722222221875 0.5428571421874999 0.7361111109375 0.5657142859375 0.753472221875 0.5828571421875 0.7708333328125 0.5885714281250001 0.784722221875 0.5428571421874999
3 0.715277778125 0.548571428125 0.71875 0.52 0.722222221875 0.48 0.71875 0.44571428593749995 0.7118055562500001 0.42285714218750003 0.7048611109375 0.3942857140625 0.690972221875 0.3771428578125 0.6701388890625 0.3771428578125 0.65625 0.4 0.6458333328125 0.428571428125 0.6388888890625 0.4571428578125 0.6354166671875 0.4857142859375 0.6354166671875 0.5142857140625 0.6354166671875 0.548571428125 0.6458333328125 0.5657142859375 0.659722221875 0.5714285718750001 0.684027778125 0.5771428578125 0.7048611109375 0.5657142859375 0.715277778125 0.548571428125
3 0.8368055562500001 0.5142857140625 0.84375 0.47428571406250003 0.847222221875 0.4571428578125 0.84375 0.4342857140625 0.840277778125 0.4171428578125 0.8298611109375 0.4171428578125 0.815972221875 0.428571428125 0.8055555562500001 0.44000000000000006 0.7986111109375 0.46285714218749996 0.7951388890625 0.49142857187500005 0.7881944437499999 0.52 0.784722221875 0.548571428125 0.784722221875 0.5657142859375 0.7951388890625 0.5714285718750001 0.8125 0.5714285718750001 0.8263888890625 0.5428571421874999 0.8368055562500001 0.5142857140625
3 0.47569444375 0.7142857140625 0.4895833328125 0.7028571421875001 0.503472221875 0.668571428125 0.5104166671875 0.64 0.5138888890625 0.6057142859375 0.5138888890625 0.5828571421875 0.5104166671875 0.5599999999999999 0.5069444437499999 0.5599999999999999 0.4895833328125 0.5714285718750001 0.46527777812500004 0.5828571421875 0.44097222187499996 0.5771428578125 0.4375 0.6057142859375 0.44097222187499996 0.628571428125 0.44444444375 0.6857142859375001 0.4513888890625 0.7028571421875001 0.46180555625 0.7142857140625 0.47569444375 0.7142857140625
3 0.3229166671875 0.5428571421874999 0.35069444375000003 0.548571428125 0.37847222187499996 0.548571428125 0.3923611109375 0.5257142859374999 0.3958333328125 0.4857142859375 0.3888888890625 0.4571428578125 0.3854166671875 0.42285714218750003 0.37152777812500004 0.4 0.3576388890625 0.3828571421875 0.34722222187499996 0.371428571875 0.3298611109375 0.3771428578125 0.31944444375000003 0.40571428593750003 0.30902777812500004 0.4857142859375 0.31597222187499996 0.52 0.3229166671875 0.5428571421874999
3 0.5798611109375 0.7028571421875001 0.590277778125 0.6628571421875 0.59375 0.6228571421875 0.590277778125 0.5828571421875 0.5868055562500001 0.5714285718750001 0.5694444437499999 0.5714285718750001 0.534722221875 0.5657142859375 0.5138888890625 0.5542857140625 0.5208333328125 0.5599999999999999 0.5208333328125 0.5885714281250001 0.5173611109375 0.611428571875 0.5173611109375 0.6171428578125 0.527777778125 0.6799999999999999 0.5381944437499999 0.7028571421875001 0.5520833328125 0.7142857140625 0.5798611109375 0.7028571421875001
3 0.7083333328125 0.708571428125 0.7291666671875 0.7028571421875001 0.7430555562500001 0.6742857140625 0.7430555562500001 0.64 0.7395833328125 0.5714285718750001 0.7291666671875 0.548571428125 0.722222221875 0.548571428125 0.7118055562500001 0.5599999999999999 0.6979166671875 0.5714285718750001 0.6701388890625 0.5771428578125 0.6631944437499999 0.5771428578125 0.6701388890625 0.6228571421875 0.6770833328125 0.6628571421875 0.6875 0.6914285718750001 0.7083333328125 0.708571428125
3 0.3958333328125 0.531428571875 0.40625 0.5599999999999999 0.4479166671875 0.5771428578125 0.4826388890625 0.5771428578125 0.5104166671875 0.5599999999999999 0.5138888890625 0.5142857140625 0.5138888890625 0.47428571406250003 0.5173611109375 0.4342857140625 0.5104166671875 0.3828571421875 0.49305555625 0.3542857140625 0.47222222187499996 0.33714285781250003 0.44444444375 0.33142857187499997 0.4166666671875 0.34857142812499997 0.40625 0.388571428125 0.3958333328125 0.4342857140625 0.3923611109375 0.48 0.3958333328125 0.531428571875