3 0.82 0.54 0.818 0.49000000000000005 0.8119999999999999 0.44000000000000006 0.8039999999999999 0.3933333328125 0.78 0.36 0.746 0.3466666671875 0.696 0.3633333328125 0.6599999999999999 0.42000000000000004 0.662 0.44333333281250004 0.6679999999999999 0.5 0.6559999999999999 0.5433333328125001 0.6519999999999999 0.5766666671875 0.6799999999999999 0.5966666671875 0.734 0.6033333328125 0.79 0.5733333328125 0.82 0.54
3 0.304 0.5366666671875 0.356 0.5599999999999999 0.414 0.5599999999999999 0.46399999999999997 0.5599999999999999 0.48600000000000004 0.5599999999999999 0.49400000000000005 0.55 0.504 0.5066666671875 0.508 0.44333333281250004 0.508 0.3933333328125 0.5 0.3366666671875 0.49000000000000005 0.30333333281249997 0.45999999999999996 0.2666666671875 0.422 0.2533333328125 0.378 0.2666666671875 0.35 0.3066666671875 0.33599999999999997 0.3366666671875 0.312 0.37666666718749997 0.302 0.43 0.3 0.49000000000000005 0.304 0.5366666671875
3 0.9019999999999999 0.53 0.9380000000000001 0.48 0.95 0.45 0.9480000000000001 0.4033333328125 0.9480000000000001 0.3566666671875 0.9259999999999999 0.3133333328125 0.9199999999999999 0.2666666671875 0.914 0.2266666671875 0.8939999999999999 0.1966666671875 0.86 0.2266666671875 0.8480000000000001 0.3166666671875 0.826 0.3433333328125 0.8099999999999999 0.37666666718749997 0.8119999999999999 0.4266666671875 0.826 0.44666666718750003 0.85 0.4766666671875 0.8800000000000001 0.52 0.9019999999999999 0.53
3 0.764 0.7433333328125 0.792 0.6900000000000001 0.8039999999999999 0.6333333328124999 0.8140000000000001 0.5833333328125 0.8140000000000001 0.5566666671875 0.782 0.5866666671874999 0.738 0.6033333328125 0.7 0.61 0.686 0.6033333328125 0.696 0.6466666671875 0.712 0.73 0.734 0.7466666671875 0.764 0.7433333328125
3 0.462 0.64 0.46399999999999997 0.58 0.45599999999999996 0.5566666671875 0.40599999999999997 0.5599999999999999 0.36 0.5633333328125001 0.362 0.5933333328125 0.374 0.64 0.394 0.6833333328125 0.43 0.6900000000000001 0.462 0.64
3 0.23199999999999998 0.7566666671875 0.262 0.7266666671875 0.27 0.6633333328125001 0.272 0.61 0.26 0.5933333328125 0.238 0.5866666671874999 0.21800000000000003 0.5866666671874999 0.20400000000000001 0.6133333328125 0.19 0.6033333328125 0.174 0.61 0.16 0.61 0.162 0.6266666671875 0.16999999999999998 0.6666666671875 0.19 0.71 0.20600000000000002 0.74 0.23199999999999998 0.7566666671875
3 0.602 0.6333333328124999 0.64 0.6 0.654 0.5599999999999999 0.666 0.4933333328125 0.6639999999999999 0.43666666718749997 0.6519999999999999 0.3933333328125 0.642 0.3566666671875 0.612 0.3266666671875 0.576 0.3433333328125 0.528 0.3966666671875 0.51 0.44333333281250004 0.506 0.4733333328125 0.496 0.5333333328125 0.47800000000000004 0.5633333328125001 0.45599999999999996 0.5733333328125 0.472 0.6033333328125 0.524 0.62 0.568 0.6266666671875 0.602 0.6333333328124999
3 0.132 0.5166666671875 0.13999999999999999 0.5666666671875 0.16399999999999998 0.6066666671875 0.20600000000000002 0.6066666671875 0.22400000000000003 0.5866666671874999 0.21600000000000003 0.5666666671875 0.202 0.54 0.196 0.5 0.196 0.45999999999999996 0.20400000000000001 0.4233333328125 0.2 0.4066666671875 0.178 0.37666666718749997 0.156 0.3566666671875 0.13799999999999998 0.35 0.128 0.3533333328125 0.124 0.3933333328125 0.13 0.46333333281250005 0.132 0.5166666671875
3 0.22400000000000003 0.37 0.21000000000000002 0.4066666671875 0.198 0.4566666671875 0.192 0.5066666671875 0.198 0.5466666671875 0.22400000000000003 0.58 0.258 0.6 0.298 0.61 0.33399999999999996 0.6 0.362 0.5766666671875 0.36 0.5599999999999999 0.32599999999999996 0.55 0.306 0.5366666671875 0.296 0.4933333328125 0.3 0.45 0.306 0.41333333281250006 0.31 0.37333333281250003 0.294 0.36 0.27599999999999997 0.3433333328125 0.248 0.33999999999999997 0.22400000000000003 0.37
3 0.044 0.6333333328124999 0.05600000000000001 0.6666666671875 0.09 0.6866666671874999 0.134 0.6833333328125 0.158 0.65 0.16 0.6133333328125 0.144 0.5866666671874999 0.088 0.5333333328125 0.064 0.54 0.048 0.5599999999999999 0.041999999999999996 0.61 0.044 0.6333333328124999
3 0.874 0.6799999999999999 0.8939999999999999 0.6333333328124999 0.906 0.5733333328125 0.898 0.5233333328125 0.876 0.5066666671875 0.8560000000000001 0.5 0.836 0.5066666671875 0.8119999999999999 0.58 0.8140000000000001 0.6066666671875 0.826 0.65 0.8480000000000001 0.67 0.874 0.6799999999999999