3 0.0217391296875 0.868852459375 0.0289855078125 0.90163934375 0.036231884375 0.9398907109374999 0.0434782609375 0.9836065578125 0.0507246375 0.99453551875 0.061594203125000004 0.9890710374999999 0.07608695625 0.99453551875 0.101449275 0.99453551875 0.12681159375 0.9836065578125 0.14492753593750002 0.9672131140625 0.1666666671875 0.9508196718749999 0.188405796875 0.9125683062500001 0.20289855 0.8743169406250001 0.210144928125 0.8360655734375 0.1992753625 0.8032786890624999 0.184782609375 0.7868852453125 0.17391304375 0.781420765625 0.15579710156249998 0.8032786890624999 0.14492753593750002 0.8196721312499999 0.12318840625000001 0.8196721312499999 0.0978260875 0.81420765 0.0688405796875 0.81420765 0.0434782609375 0.8251366125 0.032608695312500005 0.8306010921875 0.032608695312500005 0.8196721312499999 0.0217391296875 0.868852459375
3 0.184782609375 0.42076502656250003 0.1992753625 0.42622950781249996 0.22463768125 0.40437158437500004 0.24637681093750002 0.3715847 0.2572463765625 0.3333333328125 0.260869565625 0.2896174859375 0.24637681093750002 0.26229508125 0.235507246875 0.2513661203125 0.210144928125 0.26229508125 0.1920289859375 0.2896174859375 0.1811594203125 0.3060109296875 0.17391304375 0.3387978140625 0.1811594203125 0.38797814218750004 0.184782609375 0.42076502656250003
3 0.148550725 0.6120218578125 0.1702898546875 0.6284153 0.1920289859375 0.6284153 0.20289855 0.601092896875 0.2173913046875 0.5683060109375 0.2210144921875 0.5300546453125 0.21376811562500003 0.5136612015625001 0.19565217343750002 0.5191256828124999 0.17391304375 0.535519125 0.163043478125 0.54098360625 0.1413043484375 0.5136612015625001 0.1340579703125 0.502732240625 0.112318840625 0.5136612015625001 0.101449275 0.535519125 0.090579709375 0.5683060109375 0.086956521875 0.601092896875 0.0978260875 0.6174863390625001 0.12318840625000001 0.6120218578125 0.148550725 0.6120218578125
3 0.2572463765625 0.31147540937499996 0.264492753125 0.34426229531249997 0.28985507187500004 0.3333333328125 0.3188405796875 0.2950819671875 0.340579709375 0.26229508125 0.340579709375 0.2131147546875 0.32608695625 0.1693989078125 0.30434782656250003 0.142076503125 0.28985507187500004 0.14754098437500002 0.2681159421875 0.1748633875 0.2572463765625 0.21857923437500001 0.2536231890625 0.26229508125 0.2572463765625 0.31147540937499996
3 0.789855071875 0.6502732234375 0.79710145 0.6666666671875 0.8152173906250001 0.6939890703125 0.851449275 0.6994535515625 0.887681159375 0.6939890703125 0.92391304375 0.6557377046874999 0.9311594203125001 0.6065573765625001 0.9311594203125001 0.5519125687499999 0.92391304375 0.5136612015625001 0.9130434781250001 0.48633879843749994 0.87681159375 0.47540983593749997 0.8405797093749999 0.47540983593749997 0.8152173906250001 0.4808743171875 0.79710145 0.497267759375 0.77536231875 0.5300546453125 0.7681159421875 0.5683060109375 0.7717391296875 0.601092896875 0.789855071875 0.6502732234375
3 0.1920289859375 0.5191256828124999 0.2210144921875 0.5136612015625001 0.25 0.5136612015625001 0.27536231875 0.47540983593749997 0.27536231875 0.415300546875 0.2572463765625 0.398907103125 0.2210144921875 0.415300546875 0.1920289859375 0.42076502656250003 0.1811594203125 0.40983606562499997 0.1811594203125 0.38797814218750004 0.1702898546875 0.3770491796875 0.148550725 0.3934426234375 0.1340579703125 0.415300546875 0.1340579703125 0.4699453546875 0.14492753593750002 0.5245901640625 0.163043478125 0.54098360625 0.1920289859375 0.5191256828124999
3 0.6340579703125 0.24043715781250002 0.659420290625 0.2513661203125 0.684782609375 0.2677595625 0.6956521734375001 0.2677595625 0.6992753625 0.229508196875 0.6992753625 0.18579235 0.6920289859375 0.15300546406249999 0.6811594203125 0.1147540984375 0.663043478125 0.08743169375 0.637681159375 0.0765027328125 0.6195652171875 0.0819672125 0.6050724640625 0.09836065625 0.601449275 0.15300546406249999 0.601449275 0.18032786875 0.601449275 0.2076502734375 0.6159420296875 0.229508196875 0.6340579703125 0.24043715781250002
3 0.086956521875 0.8087431687500001 0.1159420296875 0.81420765 0.137681159375 0.8251366125 0.1666666671875 0.7868852453125 0.184782609375 0.72677595625 0.1920289859375 0.672131146875 0.1920289859375 0.6393442625 0.1702898546875 0.6229508203125 0.1413043484375 0.6120218578125 0.10869565156250001 0.6120218578125 0.086956521875 0.6174863390625001 0.07246376875 0.6065573765625001 0.04710145 0.672131146875 0.039855071874999995 0.6939890703125 0.036231884375 0.7431693984375001 0.032608695312500005 0.7759562843750001 0.032608695312500005 0.781420765625 0.0289855078125 0.81420765 0.0434782609375 0.8251366125 0.057971014062500006 0.8251366125 0.086956521875 0.8087431687500001
3 0.7210144921875 0.40983606562499997 0.7463768109375 0.415300546875 0.7826086953125 0.3825136609375 0.8043478265624999 0.3715847 0.82608695625 0.3606557375 0.8333333328125001 0.31147540937499996 0.82608695625 0.2677595625 0.8079710140625 0.2459016390625 0.79710145 0.23497267812499997 0.789855071875 0.27322404375 0.786231884375 0.3060109296875 0.7717391296875 0.3060109296875 0.75 0.3060109296875 0.7282608703125 0.2950819671875 0.713768115625 0.2950819671875 0.6992753625 0.31147540937499996 0.6956521734375001 0.35519125625000003 0.6992753625 0.3770491796875 0.7210144921875 0.40983606562499997
0 0.02536231875 0.8797814203125001 0.0289855078125 0.90163934375 0.036231884375 0.9508196718749999 0.039855071874999995 0.9672131140625 0.0507246375 0.9890710374999999 0.057971014062500006 0.9890710374999999 0.07246376875 0.99453551875 0.10869565156250001 0.99453551875 0.12681159375 0.9836065578125 0.15579710156249998 0.961748634375 0.1666666671875 0.9398907109374999 0.15579710156249998 0.9398907109374999 0.137681159375 0.9125683062500001 0.1159420296875 0.8797814203125001 0.1050724640625 0.868852459375 0.086956521875 0.8743169406250001 0.0543478265625 0.868852459375 0.036231884375 0.8524590156249999 0.02536231875 0.863387978125 0.02536231875 0.8797814203125001
3 0.340579709375 0.1584699453125 0.362318840625 0.1584699453125 0.40579710156250004 0.142076503125 0.46014492812499996 0.12021857968750001 0.46014492812499996 0.092896175 0.45652173906250004 0.0601092890625 0.4420289859375 0.0218579234375 0.42028985468749996 0.00546448125 0.4021739125 0 0.3804347828125 0.0109289625 0.362318840625 0.016393442187500003 0.34420289843749996 0.049180328125 0.3297101453125 0.092896175 0.3297101453125 0.136612021875 0.340579709375 0.1584699453125
3 0.8478260875 0.8087431687500001 0.87681159375 0.8469945359375 0.9130434781250001 0.8743169406250001 0.9492753625000001 0.8524590156249999 0.9746376812499999 0.8415300546875001 0.9963768109375 0.8251366125 0.9963768109375 0.7103825140625 0.989130434375 0.677595628125 0.9782608703125 0.64480874375 0.9420289859375 0.63387978125 0.9130434781250001 0.6557377046874999 0.9021739125 0.6830601093750001 0.8840579703125 0.6994535515625 0.8478260875 0.6994535515625 0.82608695625 0.6994535515625 0.8224637687499999 0.6994535515625 0.82608695625 0.73770491875 0.8478260875 0.8087431687500001
3 0.5181159421875 0 0.49637681093749997 0.0109289625 0.4782608703125 0.0655737703125 0.47463768125000005 0.08743169375 0.4710144921875 0.12021857968750001 0.49637681093749997 0.131147540625 0.5289855078125 0.136612021875 0.5688405796875 0.136612021875 0.601449275 0.15300546406249999 0.601449275 0.10928961718750001 0.5978260875 0.0601092890625 0.5797101453125 0.032786885937499996 0.5579710140625 0.0109289625 0.5217391296875 0 0.5181159421875 0
3 0.789855071875 0.3060109296875 0.7934782609375 0.2513661203125 0.789855071875 0.2076502734375 0.7717391296875 0.1748633875 0.75 0.15300546406249999 0.7210144921875 0.125683059375 0.70289855 0.136612021875 0.6956521734375001 0.1693989078125 0.6956521734375001 0.2131147546875 0.6956521734375001 0.2513661203125 0.70289855 0.2677595625 0.713768115625 0.2841530046875 0.7427536234375001 0.3060109296875 0.7681159421875 0.3060109296875 0.789855071875 0.3060109296875
0 0.1159420296875 0.765027321875 0.137681159375 0.770491803125 0.1521739125 0.7595628421875 0.163043478125 0.7431693984375001 0.17391304375 0.72677595625 0.17391304375 0.6994535515625 0.163043478125 0.6830601093750001 0.1304347828125 0.6612021859375 0.0978260875 0.64480874375 0.08333333281250001 0.63387978125 0.061594203125000004 0.64480874375 0.0507246375 0.6612021859375 0.0434782609375 0.6885245906249999 0.039855071874999995 0.7322404375 0.0507246375 0.73770491875 0.06521739062500001 0.7486338796875 0.086956521875 0.7595628421875 0.1159420296875 0.765027321875
0 0.786231884375 0.6502732234375 0.8043478265624999 0.6666666671875 0.8224637687499999 0.6666666671875 0.851449275 0.6830601093750001 0.87318840625 0.6666666671875 0.887681159375 0.6557377046874999 0.8804347828125 0.6229508203125 0.8949275359375 0.6065573765625001 0.8949275359375 0.590163934375 0.8804347828125 0.5792349734375 0.8659420296875 0.5573770484375 0.8442028984375 0.5628415296875 0.8333333328125001 0.5792349734375 0.8442028984375 0.6065573765625001 0.8442028984375 0.6393442625 0.8224637687499999 0.6557377046874999 0.8007246374999999 0.6502732234375 0.789855071875 0.63387978125 0.77536231875 0.6229508203125 0.786231884375 0.6502732234375
3 0.79710145 0.497267759375 0.8224637687499999 0.4808743171875 0.8550724640625 0.47540983593749997 0.87681159375 0.44808743125 0.8804347828125 0.415300546875 0.8659420296875 0.3715847 0.8442028984375 0.3497267765625 0.82608695625 0.35519125625000003 0.8043478265624999 0.3715847 0.77536231875 0.3825136609375 0.7536231890625 0.40437158437500004 0.75 0.415300546875 0.7427536234375001 0.42076502656250003 0.75 0.464480875 0.7681159421875 0.497267759375 0.79710145 0.497267759375