3 0.7591240875 0.690217390625 0.755474453125 0.635869565625 0.7408759125 0.6032608703125 0.7299270078125 0.559782609375 0.7153284671875 0.5271739125 0.7043795625 0.5163043484375 0.689781021875 0.5434782609375 0.6642335765625 0.5706521734375001 0.6532846718750001 0.586956521875 0.6642335765625 0.614130434375 0.6970802921875 0.6793478265624999 0.726277371875 0.6956521734375001 0.7591240875 0.690217390625
3 0.9197080296875001 0.538043478125 0.9270073 0.5054347828125 0.9270073 0.46739130468749995 0.9233576640625 0.461956521875 0.8868613140624999 0.4728260875 0.8686131390625 0.48369565156250005 0.8576642328125 0.5054347828125 0.8576642328125 0.5271739125 0.8613138687499999 0.5543478265624999 0.87956204375 0.5706521734375001 0.9014598546875 0.5706521734375001 0.9197080296875001 0.538043478125
3 0.8540145984375 0.4945652171875 0.8576642328125 0.461956521875 0.846715328125 0.45652173906250004 0.8211678828125001 0.4782608703125 0.8102189781250001 0.4945652171875 0.7956204375 0.5434782609375 0.7956204375 0.5706521734375001 0.8029197078125 0.586956521875 0.8211678828125001 0.586956521875 0.8394160578125 0.54891304375 0.8540145984375 0.4945652171875
3 0.1094890515625 0.5978260875 0.12043795625 0.5815217390625 0.1459854015625 0.5978260875 0.1678832109375 0.6086956515625 0.1788321171875 0.5706521734375001 0.17518248125 0.5326086953125 0.1678832109375 0.510869565625 0.14233576718750002 0.5054347828125 0.12043795625 0.489130434375 0.087591240625 0.4782608703125 0.0729927 0.4782608703125 0.06569343125 0.4728260875 0.06569343125 0.510869565625 0.0766423359375 0.5543478265624999 0.087591240625 0.5923913046875 0.1094890515625 0.5978260875
3 0.13868613125 0.6576086953125 0.16423357656249998 0.6521739125 0.1970802921875 0.6521739125 0.21532846718749998 0.6195652171875 0.2043795625 0.57608695625 0.189781021875 0.5543478265624999 0.1824817515625 0.54891304375 0.17518248125 0.5706521734375001 0.17153284687499998 0.5978260875 0.16423357656249998 0.6086956515625 0.1459854015625 0.5978260875 0.13138686093750002 0.586956521875 0.11678832187499999 0.586956521875 0.1094890515625 0.6032608703125 0.0948905109375 0.6521739125 0.0948905109375 0.6684782609375 0.11678832187499999 0.6793478265624999 0.13868613125 0.6576086953125
3 0.8321167890625001 0.6684782609375 0.828467153125 0.625 0.82481751875 0.5978260875 0.8175182484375 0.586956521875 0.8029197078125 0.586956521875 0.7956204375 0.565217390625 0.791970803125 0.5706521734375001 0.7846715328125 0.5923913046875 0.7664233578124999 0.614130434375 0.7664233578124999 0.6304347828125 0.7773722625 0.6521739125 0.791970803125 0.67391304375 0.82481751875 0.690217390625 0.8321167890625001 0.6684782609375
3 0.3211678828125 0.461956521875 0.346715328125 0.4945652171875 0.394160584375 0.5163043484375 0.43065693437499997 0.5217391296875 0.467153284375 0.5054347828125 0.481751825 0.461956521875 0.481751825 0.3913043484375 0.4781021890625 0.32608695625 0.45985401406250004 0.288043478125 0.44160583906250006 0.260869565625 0.40510948906250005 0.260869565625 0.3868613140625 0.2663043484375 0.35766423281250004 0.2826086953125 0.3394160578125 0.309782609375 0.32481751875 0.364130434375 0.3211678828125 0.41847826093749996 0.3211678828125 0.461956521875
3 0.19343065625 0.5706521734375001 0.20802919687500002 0.5978260875 0.22992700781250003 0.614130434375 0.2591240875 0.5923913046875 0.273722628125 0.538043478125 0.2992700734375 0.4782608703125 0.2992700734375 0.45108695625 0.2773722625 0.41847826093749996 0.2518248171875 0.3913043484375 0.21532846718749998 0.3695652171875 0.1824817515625 0.3586956515625 0.1605839421875 0.364130434375 0.153284671875 0.4021739125 0.1605839421875 0.4782608703125 0.17153284687499998 0.510869565625 0.19343065625 0.5706521734375001
3 0.5072992703125 0.510869565625 0.5510948906250001 0.5217391296875 0.60218978125 0.5217391296875 0.635036496875 0.4945652171875 0.6532846718750001 0.45108695625 0.6496350359374999 0.375 0.635036496875 0.32065217343749997 0.62043795625 0.2771739125 0.5948905109375 0.25 0.5620437953125 0.23913043437499998 0.5328467156250001 0.2554347828125 0.514598540625 0.27173912968749997 0.496350365625 0.32608695625 0.4890510953125 0.375 0.4927007296875 0.41847826093749996 0.496350365625 0.46739130468749995 0.5072992703125 0.510869565625
3 0.2956204375 0.711956521875 0.32846715312499997 0.663043478125 0.35766423281250004 0.614130434375 0.346715328125 0.559782609375 0.3138686125 0.5217391296875 0.2883211671875 0.5163043484375 0.273722628125 0.54891304375 0.2591240875 0.586956521875 0.2518248171875 0.6032608703125 0.2408759125 0.6413043484375 0.2335766421875 0.711956521875 0.244525546875 0.7336956515625 0.2956204375 0.711956521875
3 0.8175182484375 0.4782608703125 0.8211678828125001 0.42391304375 0.7992700734375 0.40760869531250005 0.7518248171875 0.42391304375 0.7226277375 0.434782609375 0.6970802921875 0.461956521875 0.7007299265625 0.4945652171875 0.7043795625 0.5217391296875 0.7226277375 0.5271739125 0.7335766421875001 0.5706521734375001 0.737226278125 0.5978260875 0.744525546875 0.6086956515625 0.762773721875 0.625 0.7846715328125 0.5978260875 0.8029197078125 0.5326086953125 0.8175182484375 0.4782608703125
3 0.635036496875 0.5923913046875 0.6788321171875 0.565217390625 0.6970802921875 0.5163043484375 0.7007299265625 0.461956521875 0.689781021875 0.42391304375 0.6678832109374999 0.413043478125 0.6532846718750001 0.4293478265625 0.6459854015625 0.461956521875 0.6313868609375 0.5 0.605839415625 0.510869565625 0.569343065625 0.5217391296875 0.5620437953125 0.538043478125 0.5729927 0.57608695625 0.6131386859375 0.586956521875 0.635036496875 0.5923913046875
3 0.894160584375 0.67391304375 0.9087591234374999 0.6413043484375 0.9014598546875 0.5923913046875 0.87956204375 0.5706521734375001 0.864963503125 0.5543478265624999 0.8503649640625 0.5434782609375 0.8394160578125 0.5543478265624999 0.82481751875 0.5815217390625 0.8211678828125001 0.586956521875 0.82481751875 0.6086956515625 0.8503649640625 0.6413043484375 0.87956204375 0.6576086953125 0.894160584375 0.67391304375