3 0.176 0.43661971875 0.184 0.4553990609375 0.198 0.45774647812499997 0.22599999999999998 0.45070422499999996 0.24 0.43427230000000006 0.236 0.40375586874999997 0.23199999999999998 0.37558685468749997 0.22799999999999998 0.3427230046875 0.22000000000000003 0.31924882656250003 0.2 0.3075117375 0.19 0.3028169015625 0.172 0.30046948281249997 0.16399999999999998 0.3122065734375 0.162 0.345070421875 0.16999999999999998 0.4084507046875 0.176 0.43661971875
3 0.512 0.48591549218749996 0.54 0.492957746875 0.576 0.49530516406249997 0.614 0.49530516406249997 0.644 0.48591549218749996 0.6519999999999999 0.4553990609375 0.658 0.42253521093749996 0.6559999999999999 0.37089201875 0.648 0.3262910796875 0.64 0.30046948281249997 0.632 0.2863849765625 0.614 0.267605634375 0.602 0.2605633796875 0.572 0.25352112656250003 0.546 0.2629107984375 0.532 0.2769953046875 0.518 0.3028169015625 0.49800000000000005 0.345070421875 0.496 0.38262910781250004 0.49800000000000005 0.43192488281249997 0.5 0.46713614999999997 0.512 0.48591549218749996
3 0.508 0.652582159375 0.534 0.669014084375 0.5660000000000001 0.654929578125 0.5820000000000001 0.61267605625 0.588 0.586854459375 0.5940000000000001 0.539906103125 0.592 0.5187793421875 0.584 0.5 0.5700000000000001 0.492957746875 0.55 0.490610328125 0.524 0.490610328125 0.49000000000000005 0.49530516406249997 0.484 0.4976525828125 0.48 0.5234741781250001 0.48200000000000004 0.56338028125 0.48200000000000004 0.5915492953125 0.49000000000000005 0.622065728125 0.508 0.652582159375
3 0.752 0.474178403125 0.768 0.45774647812499997 0.774 0.4084507046875 0.772 0.36384976562500004 0.764 0.32159624375 0.758 0.298122065625 0.748 0.2746478875 0.734 0.267605634375 0.712 0.2793427234375 0.702 0.30046948281249997 0.6759999999999999 0.3356807515625 0.6599999999999999 0.3427230046875 0.6559999999999999 0.3568075125 0.662 0.38732394375 0.6599999999999999 0.42253521093749996 0.6559999999999999 0.4389671359375 0.6639999999999999 0.4624413140625 0.6839999999999999 0.474178403125 0.718 0.48591549218749996 0.752 0.474178403125
3 0.8400000000000001 0.38732394375 0.852 0.3427230046875 0.8539999999999999 0.3169014078125 0.852 0.2910798125 0.834 0.28873239375000004 0.8119999999999999 0.30985915468749997 0.788 0.345070421875 0.77 0.35915492968749996 0.772 0.3896713609375 0.77 0.42018779375 0.77 0.443661971875 0.788 0.45774647812499997 0.806 0.460093896875 0.828 0.41549295781250006 0.8400000000000001 0.38732394375
3 0.192 0.5915492953125 0.196 0.6338028171875 0.196 0.6572769953125001 0.20600000000000002 0.6666666671875 0.22799999999999998 0.6643192484375 0.252 0.64553990625 0.266 0.6197183093749999 0.27799999999999997 0.59859155 0.268 0.5610328640625 0.272 0.5352112671875 0.27799999999999997 0.516431925 0.274 0.5070422531250001 0.256 0.4976525828125 0.248 0.490610328125 0.236 0.4882629109375 0.22400000000000003 0.48591549218749996 0.20800000000000002 0.5046948359375001 0.198 0.5281690140624999 0.19 0.56338028125 0.192 0.5915492953125
3 0.33799999999999997 0.4553990609375 0.352 0.4788732390625 0.39 0.4882629109375 0.42400000000000004 0.483568075 0.454 0.4812206578125 0.48 0.476525821875 0.492 0.4553990609375 0.492 0.410798121875 0.492 0.3661971828125 0.488 0.330985915625 0.47000000000000003 0.2957746484375 0.454 0.27230046875 0.43200000000000005 0.2582159625 0.40800000000000003 0.25352112656250003 0.378 0.25352112656250003 0.362 0.27230046875 0.346 0.2863849765625 0.33799999999999997 0.32159624375 0.33199999999999996 0.377934271875 0.33199999999999996 0.4084507046875 0.33799999999999997 0.4553990609375
3 0.716 0.6079812203125 0.728 0.62910798125 0.744 0.654929578125 0.758 0.6737089203125 0.78 0.669014084375 0.792 0.6244131453125 0.79 0.6150234734375 0.788 0.57981220625 0.794 0.5375586859375 0.788 0.5140845078125 0.768 0.490610328125 0.748 0.48591549218749996 0.72 0.49530516406249997 0.714 0.5023474171875 0.704 0.5187793421875 0.696 0.539906103125 0.702 0.5845070421874999 0.716 0.6079812203125
3 0.284 0.59859155 0.292 0.6314553984375 0.304 0.652582159375 0.318 0.66197183125 0.33199999999999996 0.6408450703125 0.346 0.6244131453125 0.366 0.61267605625 0.376 0.5938967140625 0.372 0.5610328640625 0.374 0.5446009390625 0.374 0.53286385 0.36 0.5211267609375 0.322 0.5140845078125 0.312 0.5140845078125 0.292 0.5187793421875 0.27799999999999997 0.516431925 0.272 0.5187793421875 0.27 0.539906103125 0.272 0.5704225359375 0.284 0.59859155
3 0.238 0.4248826296875 0.246 0.45774647812499997 0.272 0.474178403125 0.308 0.476525821875 0.324 0.46948356875 0.33599999999999997 0.4553990609375 0.33599999999999997 0.42957746406249997 0.33199999999999996 0.3920187796875 0.32999999999999996 0.361502346875 0.318 0.3427230046875 0.3 0.314553990625 0.29 0.28873239375000004 0.282 0.2793427234375 0.268 0.2863849765625 0.258 0.314553990625 0.248 0.3521126765625 0.236 0.3920187796875 0.238 0.4248826296875
3 0.39 0.622065728125 0.4 0.6431924875 0.418 0.66197183125 0.43200000000000005 0.6760563375 0.45 0.67840375625 0.46399999999999997 0.64553990625 0.47800000000000004 0.6173708921875 0.484 0.586854459375 0.484 0.549295775 0.47800000000000004 0.5187793421875 0.47800000000000004 0.509389671875 0.45999999999999996 0.5 0.438 0.49530516406249997 0.41 0.49530516406249997 0.382 0.5 0.37 0.516431925 0.374 0.5704225359375 0.378 0.5938967140625 0.39 0.622065728125
3 0.604 0.6173708921875 0.614 0.6384976531250001 0.628 0.654929578125 0.64 0.66197183125 0.658 0.6478873234375 0.6759999999999999 0.636150234375 0.6839999999999999 0.61267605625 0.6900000000000001 0.582159625 0.696 0.549295775 0.702 0.5305164312499999 0.702 0.5140845078125 0.6900000000000001 0.5023474171875 0.6679999999999999 0.490610328125 0.636 0.490610328125 0.606 0.5 0.592 0.5117370890624999 0.592 0.5446009390625 0.5900000000000001 0.5774647890625 0.588 0.5915492953125 0.604 0.6173708921875
3 0.844 0.589201878125 0.8380000000000001 0.5469483562499999 0.8240000000000001 0.5070422531250001 0.808 0.4882629109375 0.79 0.476525821875 0.778 0.4788732390625 0.774 0.49530516406249997 0.784 0.509389671875 0.792 0.5305164312499999 0.792 0.5539906109375 0.786 0.5774647890625 0.788 0.589201878125 0.798 0.6009389671875 0.8119999999999999 0.6197183093749999 0.834 0.6197183093749999 0.844 0.589201878125