3 0.73818181875 0.5628415296875 0.73818181875 0.595628415625 0.74181818125 0.6120218578125 0.749090909375 0.63387978125 0.7563636359375 0.6557377046874999 0.770909090625 0.64480874375 0.7745454546875 0.6284153 0.77818181875 0.6120218578125 0.78181818125 0.584699453125 0.78181818125 0.535519125 0.77818181875 0.497267759375 0.76 0.4808743171875 0.73818181875 0.47540983593749997 0.7272727265625 0.491803278125 0.730909090625 0.508196721875 0.730909090625 0.535519125 0.73818181875 0.5628415296875
3 0.4036363640625 0.6666666671875 0.40727272656249996 0.63387978125 0.41454545468750004 0.5737704921875 0.410909090625 0.5245901640625 0.40727272656249996 0.497267759375 0.3963636359375 0.48633879843749994 0.39272727343749997 0.47540983593749997 0.3636363640625 0.48633879843749994 0.33818181875 0.491803278125 0.33090909062499996 0.508196721875 0.33818181875 0.535519125 0.33818181875 0.5573770484375 0.33818181875 0.584699453125 0.349090909375 0.6229508203125 0.3527272734375 0.64480874375 0.38181818125 0.672131146875 0.4036363640625 0.6666666671875
3 0.54181818125 0.5136612015625001 0.5927272734375 0.5191256828124999 0.6254545453125 0.502732240625 0.6363636359375 0.47540983593749997 0.629090909375 0.40983606562499997 0.61818181875 0.3606557375 0.6036363640625 0.322404371875 0.5854545453125 0.3005464484375 0.5672727265625 0.2950819671875 0.5454545453125 0.316939890625 0.5272727265625 0.3497267765625 0.52 0.38797814218750004 0.5163636359375 0.4316939890625 0.5163636359375 0.4808743171875 0.54181818125 0.5136612015625001
3 0.8327272734375001 0.48633879843749994 0.8436363640625 0.43715847031250005 0.8400000000000001 0.3934426234375 0.8290909093750001 0.3606557375 0.8145454546875 0.3497267765625 0.8 0.3606557375 0.8036363640624999 0.3825136609375 0.8 0.40983606562499997 0.7927272734375 0.45355191250000004 0.789090909375 0.464480875 0.77818181875 0.4699453546875 0.76 0.47540983593749997 0.770909090625 0.491803278125 0.789090909375 0.5136612015625001 0.8109090906249999 0.5191256828124999 0.8327272734375001 0.48633879843749994
3 0.2363636359375 0.48633879843749994 0.2654545453125 0.47540983593749997 0.2872727265625 0.44808743125 0.30181818125 0.4426229515625 0.3127272734375 0.4316939890625 0.3163636359375 0.398907103125 0.309090909375 0.35519125625000003 0.29818181875 0.322404371875 0.28363636406250003 0.2950819671875 0.2654545453125 0.2841530046875 0.2545454546875 0.3005464484375 0.24 0.32786885312499997 0.23272727343750002 0.3606557375 0.22909090937499998 0.42076502656250003 0.22909090937499998 0.47540983593749997 0.2363636359375 0.48633879843749994
3 0.5672727265625 0.6557377046874999 0.57818181875 0.601092896875 0.58181818125 0.5573770484375 0.58181818125 0.5191256828124999 0.5599999999999999 0.5136612015625001 0.54181818125 0.5136612015625001 0.5272727265625 0.497267759375 0.5127272734375 0.48633879843749994 0.50181818125 0.508196721875 0.5054545453125 0.535519125 0.50181818125 0.5792349734375 0.49818181875 0.601092896875 0.50181818125 0.63387978125 0.5127272734375 0.6557377046874999 0.53818181875 0.672131146875 0.5672727265625 0.6557377046874999
3 0.789090909375 0.4699453546875 0.8036363640624999 0.42076502656250003 0.8036363640624999 0.3715847 0.7963636359375 0.3333333328125 0.789090909375 0.3005464484375 0.78181818125 0.27322404375 0.7672727265625 0.26229508125 0.7454545453125 0.25683060156250004 0.7236363640625 0.2950819671875 0.7127272734375001 0.3333333328125 0.69818181875 0.3606557375 0.70181818125 0.3934426234375 0.709090909375 0.42622950781249996 0.72 0.4316939890625 0.74181818125 0.45355191250000004 0.7636363640625 0.464480875 0.770909090625 0.4808743171875 0.789090909375 0.4699453546875
3 0.1454545453125 0.590163934375 0.1563636359375 0.6065573765625001 0.1745454546875 0.595628415625 0.18181818125 0.5792349734375 0.189090909375 0.5519125687499999 0.189090909375 0.5136612015625001 0.1927272734375 0.497267759375 0.17818181875 0.497267759375 0.1745454546875 0.4808743171875 0.17090909062499998 0.4808743171875 0.16363636406249998 0.508196721875 0.1527272734375 0.5464480875 0.1454545453125 0.5683060109375 0.1454545453125 0.590163934375
3 0.4945454546875 0.6174863390625001 0.49818181875 0.5792349734375 0.50181818125 0.5464480875 0.50181818125 0.5136612015625001 0.50181818125 0.48633879843749994 0.49090909062500004 0.497267759375 0.45818181874999997 0.502732240625 0.429090909375 0.502732240625 0.41454545468750004 0.502732240625 0.410909090625 0.5136612015625001 0.410909090625 0.5573770484375 0.41454545468750004 0.584699453125 0.41818181875000004 0.6065573765625001 0.4254545453125 0.63387978125 0.4472727265625 0.6502732234375 0.48 0.6502732234375 0.4945454546875 0.6174863390625001
3 0.4 0.48633879843749994 0.4254545453125 0.497267759375 0.46181818124999996 0.502732240625 0.4872727265625 0.497267759375 0.5127272734375 0.4808743171875 0.5127272734375 0.415300546875 0.5054545453125 0.36612021875 0.49090909062500004 0.31147540937499996 0.4727272734375 0.2950819671875 0.45454545468749996 0.2896174859375 0.43272727343749995 0.3005464484375 0.42181818125000003 0.322404371875 0.4 0.38797814218750004 0.3963636359375 0.42622950781249996 0.39272727343749997 0.45901639375 0.4 0.48633879843749994
3 0.6363636359375 0.6666666671875 0.6472727265625 0.6284153 0.6581818187499999 0.584699453125 0.6618181812499999 0.5573770484375 0.6618181812499999 0.5300546453125 0.6618181812499999 0.502732240625 0.6436363640625 0.497267759375 0.6254545453125 0.497267759375 0.6072727265625 0.5136612015625001 0.5854545453125 0.5245901640625 0.5854545453125 0.5300546453125 0.58181818125 0.5737704921875 0.57818181875 0.6065573765625001 0.58181818125 0.64480874375 0.5890909093750001 0.6830601093750001 0.6072727265625 0.6994535515625 0.6363636359375 0.6666666671875
3 0.2545454546875 0.5792349734375 0.2654545453125 0.5464480875 0.269090909375 0.5136612015625001 0.2654545453125 0.4699453546875 0.2545454546875 0.48633879843749994 0.24 0.48633879843749994 0.2363636359375 0.4808743171875 0.2254545453125 0.4808743171875 0.21818181874999998 0.497267759375 0.21818181874999998 0.5245901640625 0.2145454546875 0.5519125687499999 0.21090909062500002 0.5737704921875 0.2145454546875 0.584699453125 0.2145454546875 0.6120218578125 0.22909090937499998 0.6229508203125 0.24 0.6174863390625001 0.2545454546875 0.5792349734375
3 0.85818181875 0.5136612015625001 0.850909090625 0.497267759375 0.8436363640625 0.497267759375 0.8363636359375001 0.491803278125 0.82181818125 0.502732240625 0.8072727265624999 0.5136612015625001 0.81818181875 0.5300546453125 0.82181818125 0.5628415296875 0.8254545453125001 0.5683060109375 0.8327272734375001 0.590163934375 0.850909090625 0.595628415625 0.8654545453125 0.5792349734375 0.85818181875 0.5136612015625001
3 0.17090909062499998 0.464480875 0.18181818125 0.497267759375 0.21090909062500002 0.497267759375 0.2254545453125 0.47540983593749997 0.2363636359375 0.4426229515625 0.22909090937499998 0.40437158437500004 0.22181818125000002 0.3606557375 0.2145454546875 0.3497267765625 0.2 0.34426229531249997 0.1854545453125 0.35519125625000003 0.17818181875 0.3825136609375 0.1745454546875 0.42622950781249996 0.17090909062499998 0.464480875
3 0.82181818125 0.5737704921875 0.81818181875 0.5300546453125 0.8072727265624999 0.5191256828124999 0.8 0.5136612015625001 0.7854545453124999 0.502732240625 0.78181818125 0.502732240625 0.7854545453124999 0.535519125 0.78181818125 0.5628415296875 0.7854545453124999 0.590163934375 0.789090909375 0.6120218578125 0.8036363640624999 0.6229508203125 0.82181818125 0.6120218578125 0.82181818125 0.5737704921875
3 0.2872727265625 0.6830601093750001 0.3127272734375 0.64480874375 0.3345454546875 0.595628415625 0.34181818124999996 0.535519125 0.33090909062499996 0.502732240625 0.32 0.491803278125 0.3054545453125 0.47540983593749997 0.2872727265625 0.4699453546875 0.2654545453125 0.4808743171875 0.269090909375 0.502732240625 0.269090909375 0.54098360625 0.25818181875 0.584699453125 0.25818181875 0.6229508203125 0.26181818125 0.6557377046874999 0.269090909375 0.672131146875 0.2872727265625 0.6830601093750001
3 0.70181818125 0.491803278125 0.7127272734375001 0.47540983593749997 0.7163636359375001 0.43715847031250005 0.69818181875 0.3825136609375 0.6945454546875001 0.35519125625000003 0.6799999999999999 0.322404371875 0.6581818187499999 0.31147540937499996 0.6363636359375 0.3333333328125 0.6254545453125 0.3606557375 0.6254545453125 0.38797814218750004 0.6327272734375 0.42076502656250003 0.6363636359375 0.45901639375 0.6327272734375 0.491803278125 0.650909090625 0.497267759375 0.6654545453125 0.502732240625 0.690909090625 0.502732240625 0.70181818125 0.491803278125
3 0.8872727265625 0.3825136609375 0.8872727265625 0.3606557375 0.8763636359375001 0.35519125625000003 0.86181818125 0.3770491796875 0.8472727265625 0.398907103125 0.8436363640625 0.415300546875 0.8400000000000001 0.4426229515625 0.8436363640625 0.464480875 0.86181818125 0.4808743171875 0.8836363640625 0.45355191250000004 0.8872727265625 0.40983606562499997 0.8872727265625 0.3825136609375
3 0.70181818125 0.6939890703125 0.72 0.6885245906249999 0.7345454546875 0.63387978125 0.73818181875 0.595628415625 0.7345454546875 0.5519125687499999 0.7272727265625 0.502732240625 0.72 0.4808743171875 0.709090909375 0.47540983593749997 0.690909090625 0.497267759375 0.669090909375 0.508196721875 0.6654545453125 0.508196721875 0.6618181812499999 0.54098360625 0.6581818187499999 0.5737704921875 0.6581818187499999 0.584699453125 0.669090909375 0.63387978125 0.6727272734375 0.6612021859375 0.6872727265624999 0.6830601093750001 0.70181818125 0.6939890703125
3 0.2036363640625 0.6120218578125 0.21090909062500002 0.584699453125 0.21090909062500002 0.5573770484375 0.2145454546875 0.5245901640625 0.2145454546875 0.48633879843749994 0.2036363640625 0.497267759375 0.1927272734375 0.502732240625 0.1927272734375 0.5136612015625001 0.1927272734375 0.54098360625 0.1854545453125 0.5573770484375 0.1854545453125 0.5792349734375 0.1854545453125 0.584699453125 0.189090909375 0.601092896875 0.1927272734375 0.6120218578125 0.2036363640625 0.6120218578125
3 0.32 0.491803278125 0.34181818124999996 0.497267759375 0.36 0.4808743171875 0.37818181875 0.4699453546875 0.39272727343749997 0.4699453546875 0.3963636359375 0.43715847031250005 0.4 0.38797814218750004 0.3963636359375 0.36612021875 0.389090909375 0.34426229531249997 0.37818181875 0.3060109296875 0.3672727265625 0.3060109296875 0.3527272734375 0.32786885312499997 0.34181818124999996 0.34426229531249997 0.3345454546875 0.36612021875 0.32 0.398907103125 0.3127272734375 0.4316939890625 0.3127272734375 0.464480875 0.32 0.491803278125