3 0.467153284375 0.4456521734375 0.47080292031250004 0.4782608703125 0.47445255468749997 0.5 0.48540145937499996 0.5054347828125 0.5218978109375 0.5054347828125 0.5656934312499999 0.5054347828125 0.587591240625 0.4945652171875 0.5948905109375 0.48369565156250005 0.60218978125 0.45652173906250004 0.60218978125 0.4293478265625 0.5948905109375 0.39673912968749997 0.5766423359374999 0.364130434375 0.54744525625 0.3423913046875 0.5328467156250001 0.336956521875 0.514598540625 0.3423913046875 0.503649634375 0.3478260875 0.481751825 0.3695652171875 0.47445255468749997 0.3804347828125 0.47080292031250004 0.3913043484375 0.467153284375 0.413043478125 0.467153284375 0.4456521734375
3 0.7883211671875 0.7771739125 0.8138686125 0.739130434375 0.8211678828125001 0.690217390625 0.8102189781250001 0.663043478125 0.7810218984375 0.6467391296875 0.7664233578124999 0.625 0.755474453125 0.614130434375 0.744525546875 0.6086956515625 0.7408759125 0.6467391296875 0.737226278125 0.67391304375 0.7335766421875001 0.6956521734375001 0.7299270078125 0.711956521875 0.737226278125 0.7445652171875 0.744525546875 0.7717391296875 0.7664233578124999 0.7826086953125 0.7883211671875 0.7771739125
3 0.762773721875 0.6086956515625 0.7810218984375 0.559782609375 0.791970803125 0.5054347828125 0.791970803125 0.4293478265625 0.791970803125 0.40760869531250005 0.773722628125 0.3804347828125 0.7518248171875 0.364130434375 0.726277371875 0.375 0.7116788328125 0.3913043484375 0.708029196875 0.4293478265625 0.708029196875 0.461956521875 0.7116788328125 0.4945652171875 0.708029196875 0.5217391296875 0.7007299265625 0.5326086953125 0.7189781015625 0.54891304375 0.7335766421875001 0.5706521734375001 0.744525546875 0.6032608703125 0.762773721875 0.6086956515625
3 0.82481751875 0.6576086953125 0.8357664234375 0.6413043484375 0.8503649640625 0.6086956515625 0.8576642328125 0.565217390625 0.8540145984375 0.538043478125 0.8394160578125 0.5217391296875 0.82481751875 0.510869565625 0.80656934375 0.510869565625 0.7846715328125 0.5217391296875 0.7773722625 0.5434782609375 0.773722628125 0.57608695625 0.762773721875 0.5978260875 0.762773721875 0.6086956515625 0.773722628125 0.6467391296875 0.7846715328125 0.663043478125 0.80656934375 0.6576086953125 0.82481751875 0.6576086953125
3 0.26277372187500003 0.75 0.2773722625 0.711956521875 0.2883211671875 0.6793478265624999 0.291970803125 0.6521739125 0.2956204375 0.6195652171875 0.291970803125 0.5923913046875 0.2883211671875 0.5706521734375001 0.273722628125 0.559782609375 0.2518248171875 0.5706521734375001 0.2335766421875 0.5923913046875 0.21167883281250002 0.614130434375 0.2043795625 0.625 0.2043795625 0.635869565625 0.2189781015625 0.67391304375 0.2335766421875 0.739130434375 0.244525546875 0.7554347828125 0.26277372187500003 0.75
3 0.3905109484375 0.684782609375 0.4087591234375 0.7065217390625 0.43430656875 0.6956521734375001 0.44890510937499994 0.6684782609375 0.45985401406250004 0.6195652171875 0.467153284375 0.57608695625 0.467153284375 0.538043478125 0.46350365 0.5217391296875 0.45255474375000004 0.510869565625 0.43065693437499997 0.5163043484375 0.412408759375 0.5271739125 0.3905109484375 0.5217391296875 0.37956204375 0.5271739125 0.37591240937500003 0.559782609375 0.37956204375 0.5923913046875 0.383211678125 0.6521739125 0.3905109484375 0.684782609375
3 0.2518248171875 0.5543478265624999 0.2883211671875 0.54891304375 0.30656934375 0.538043478125 0.32846715312499997 0.510869565625 0.3321167890625 0.489130434375 0.3357664234375 0.4456521734375 0.3321167890625 0.413043478125 0.32846715312499997 0.3804347828125 0.3138686125 0.364130434375 0.2846715328125 0.3586956515625 0.27007299218749997 0.3586956515625 0.255474453125 0.375 0.2408759125 0.42391304375 0.2335766421875 0.45108695625 0.2335766421875 0.5 0.237226278125 0.5271739125 0.2518248171875 0.5543478265624999
3 0.6678832109374999 0.7717391296875 0.689781021875 0.7717391296875 0.7116788328125 0.7445652171875 0.7335766421875001 0.6793478265624999 0.7408759125 0.635869565625 0.7408759125 0.586956521875 0.7116788328125 0.559782609375 0.671532846875 0.559782609375 0.6569343062499999 0.565217390625 0.6423357671875001 0.5978260875 0.6423357671875001 0.625 0.6423357671875001 0.663043478125 0.6423357671875001 0.7065217390625 0.6459854015625 0.739130434375 0.6678832109374999 0.7717391296875
3 0.1970802921875 0.614130434375 0.2226277375 0.6032608703125 0.237226278125 0.5815217390625 0.244525546875 0.559782609375 0.244525546875 0.5271739125 0.237226278125 0.5054347828125 0.237226278125 0.4728260875 0.2335766421875 0.4293478265625 0.22627737187500002 0.41847826093749996 0.21532846718749998 0.413043478125 0.2007299265625 0.41847826093749996 0.1861313875 0.434782609375 0.1788321171875 0.461956521875 0.17518248125 0.48369565156250005 0.1678832109375 0.5271739125 0.1678832109375 0.57608695625 0.1788321171875 0.6032608703125 0.1970802921875 0.614130434375
3 0.6532846718750001 0.538043478125 0.6788321171875 0.5434782609375 0.6970802921875 0.5434782609375 0.7043795625 0.5271739125 0.708029196875 0.4945652171875 0.708029196875 0.46739130468749995 0.7043795625 0.434782609375 0.7007299265625 0.40760869531250005 0.69343065625 0.385869565625 0.6788321171875 0.364130434375 0.6605839421875 0.3586956515625 0.6423357671875001 0.35326087031250003 0.616788321875 0.364130434375 0.605839415625 0.3913043484375 0.60218978125 0.41847826093749996 0.605839415625 0.45108695625 0.60218978125 0.4782608703125 0.587591240625 0.489130434375 0.5912408765625 0.5 0.60218978125 0.5217391296875 0.6277372265625 0.5326086953125 0.6532846718750001 0.538043478125
3 0.3357664234375 0.5 0.34306569374999996 0.5163043484375 0.35766423281250004 0.5217391296875 0.394160584375 0.5217391296875 0.43065693437499997 0.5163043484375 0.45255474375000004 0.510869565625 0.467153284375 0.489130434375 0.467153284375 0.45108695625 0.467153284375 0.4293478265625 0.45985401406250004 0.40760869531250005 0.45985401406250004 0.385869565625 0.45255474375000004 0.364130434375 0.43795620468749996 0.3478260875 0.4197080296875 0.3423913046875 0.3905109484375 0.3423913046875 0.3686131390625 0.3586956515625 0.3503649640625 0.3804347828125 0.346715328125 0.3913043484375 0.3357664234375 0.4293478265625 0.3321167890625 0.4728260875 0.3357664234375 0.5
3 0.569343065625 0.7173913046875 0.58394160625 0.7173913046875 0.6094890515625 0.690217390625 0.6313868609375 0.6413043484375 0.6459854015625 0.586956521875 0.6459854015625 0.5543478265624999 0.6240875906250001 0.5326086953125 0.5729927 0.5271739125 0.5620437953125 0.5271739125 0.554744525 0.559782609375 0.54744525625 0.5815217390625 0.54744525625 0.6086956515625 0.5510948906250001 0.663043478125 0.554744525 0.6956521734375001 0.569343065625 0.7173913046875
3 0.48540145937499996 0.70108695625 0.5072992703125 0.70108695625 0.5255474453125 0.67391304375 0.5401459859375 0.625 0.54744525625 0.5706521734375001 0.5510948906250001 0.5326086953125 0.54744525625 0.5163043484375 0.5255474453125 0.5054347828125 0.4927007296875 0.5054347828125 0.47080292031250004 0.510869565625 0.47080292031250004 0.559782609375 0.47080292031250004 0.6032608703125 0.47445255468749997 0.663043478125 0.48540145937499996 0.70108695625
3 0.2956204375 0.6413043484375 0.3029197078125 0.6684782609375 0.310218978125 0.711956521875 0.32481751875 0.7282608703125 0.3394160578125 0.7282608703125 0.35766423281250004 0.690217390625 0.3686131390625 0.6467391296875 0.37591240937500003 0.6086956515625 0.37956204375 0.5706521734375001 0.37591240937500003 0.538043478125 0.36131386875 0.5271739125 0.3394160578125 0.5217391296875 0.3175182484375 0.5271739125 0.30656934375 0.5434782609375 0.2992700734375 0.54891304375 0.291970803125 0.5706521734375001 0.291970803125 0.5978260875 0.2956204375 0.6413043484375