3 0.549090909375 0.398907103125 0.5745454546875 0.40983606562499997 0.5927272734375 0.415300546875 0.6036363640625 0.42622950781249996 0.6363636359375 0.42076502656250003 0.6545454546875 0.3825136609375 0.669090909375 0.316939890625 0.669090909375 0.25683060156250004 0.6618181812499999 0.21857923437500001 0.650909090625 0.1967213109375 0.629090909375 0.1748633875 0.5890909093750001 0.1748633875 0.5599999999999999 0.1967213109375 0.549090909375 0.24043715781250002 0.53818181875 0.2677595625 0.530909090625 0.3060109296875 0.5236363640625 0.34426229531249997 0.5236363640625 0.3825136609375 0.549090909375 0.398907103125
3 0.549090909375 0.8469945359375 0.5745454546875 0.7978142078125 0.5890909093750001 0.7431693984375001 0.5963636359375 0.6994535515625 0.6036363640625 0.6557377046874999 0.58181818125 0.6229508203125 0.5345454546874999 0.6174863390625001 0.5054545453125 0.6174863390625001 0.50181818125 0.6612021859375 0.50181818125 0.7049180328125 0.4945454546875 0.721311475 0.49818181875 0.781420765625 0.50181818125 0.8196721312499999 0.5236363640625 0.8415300546875001 0.549090909375 0.8469945359375
3 0.349090909375 0.35519125625000003 0.3672727265625 0.36612021875 0.4 0.3770491796875 0.4254545453125 0.3825136609375 0.4872727265625 0.38797814218750004 0.509090909375 0.3715847 0.52 0.3387978140625 0.5272727265625 0.278688525 0.530909090625 0.229508196875 0.530909090625 0.18032786875 0.5236363640625 0.142076503125 0.49818181875 0.10928961718750001 0.45454545468749996 0.10382513593750001 0.41818181875000004 0.12021857968750001 0.3963636359375 0.15300546406249999 0.3745454546875 0.19125683124999998 0.3636363640625 0.24043715781250002 0.3527272734375 0.3005464484375 0.349090909375 0.35519125625000003
3 0.22181818125000002 0.3005464484375 0.23272727343750002 0.3387978140625 0.2763636359375 0.3387978140625 0.3272727265625 0.32786885312499997 0.3454545453125 0.316939890625 0.36 0.2841530046875 0.3636363640625 0.23497267812499997 0.370909090625 0.19125683124999998 0.370909090625 0.15300546406249999 0.36 0.1147540984375 0.33818181875 0.0819672125 0.32 0.0655737703125 0.290909090625 0.0710382515625 0.27272727343750003 0.092896175 0.250909090625 0.142076503125 0.23272727343750002 0.20218579218750002 0.22181818125000002 0.2513661203125 0.22181818125000002 0.3005464484375
3 0.40727272656249996 0.8524590156249999 0.4254545453125 0.857923496875 0.4472727265625 0.8251366125 0.46909090937500003 0.781420765625 0.4836363640625 0.72677595625 0.4945454546875 0.677595628125 0.49818181875 0.64480874375 0.49090909062500004 0.6284153 0.45818181874999997 0.6174863390625001 0.4254545453125 0.6174863390625001 0.40727272656249996 0.6174863390625001 0.39272727343749997 0.6393442625 0.389090909375 0.6666666671875 0.39272727343749997 0.7759562843750001 0.4 0.8196721312499999 0.40727272656249996 0.8524590156249999
3 0.8436363640625 0.5628415296875 0.8800000000000001 0.54098360625 0.89818181875 0.48633879843749994 0.89818181875 0.4316939890625 0.90181818125 0.3606557375 0.8836363640625 0.32786885312499997 0.8545454546875 0.3333333328125 0.81818181875 0.3715847 0.8072727265624999 0.40983606562499997 0.7963636359375 0.4426229515625 0.789090909375 0.4808743171875 0.7927272734375 0.5136612015625001 0.81818181875 0.54098360625 0.8327272734375001 0.5573770484375 0.8436363640625 0.5628415296875
3 0.890909090625 0.5300546453125 0.8800000000000001 0.5464480875 0.8763636359375001 0.5573770484375 0.8872727265625 0.584699453125 0.8945454546875 0.595628415625 0.9090909093749999 0.6065573765625001 0.9381818187500001 0.595628415625 0.96 0.5683060109375 0.989090909375 0.45901639375 0.9781818187500001 0.42076502656250003 0.96 0.42076502656250003 0.9345454546875 0.4316939890625 0.9090909093749999 0.45901639375 0.8945454546875 0.4808743171875 0.8945454546875 0.497267759375 0.890909090625 0.5300546453125
3 0.77818181875 0.9125683062500001 0.8 0.8907103828125 0.8 0.8524590156249999 0.8072727265624999 0.81420765 0.8072727265624999 0.770491803125 0.7854545453124999 0.7431693984375001 0.76 0.7158469953125 0.730909090625 0.7158469953125 0.7127272734375001 0.7486338796875 0.709090909375 0.7595628421875 0.7127272734375001 0.8032786890624999 0.7163636359375001 0.8196721312499999 0.72 0.863387978125 0.7345454546875 0.90163934375 0.7563636359375 0.9289617484375 0.77818181875 0.9125683062500001
3 0.6545454546875 0.9562841531249999 0.6727272734375 0.961748634375 0.690909090625 0.9453551906250001 0.69818181875 0.8907103828125 0.7127272734375001 0.8196721312499999 0.7127272734375001 0.770491803125 0.709090909375 0.73770491875 0.6799999999999999 0.7049180328125 0.6545454546875 0.6830601093750001 0.6327272734375 0.6885245906249999 0.6036363640625 0.7103825140625 0.5927272734375 0.7322404375 0.5890909093750001 0.781420765625 0.5927272734375 0.8415300546875001 0.6036363640625 0.90163934375 0.6254545453125 0.9398907109374999 0.6545454546875 0.9562841531249999
3 0.3163636359375 0.7978142078125 0.33090909062499996 0.81420765 0.3636363640625 0.781420765625 0.3745454546875 0.72677595625 0.38181818125 0.677595628125 0.3963636359375 0.6284153 0.3963636359375 0.6065573765625001 0.3745454546875 0.590163934375 0.3345454546875 0.5737704921875 0.32 0.5737704921875 0.309090909375 0.595628415625 0.309090909375 0.63387978125 0.309090909375 0.7049180328125 0.309090909375 0.7431693984375001 0.3163636359375 0.7978142078125
3 0.16363636406249998 0.316939890625 0.17090909062499998 0.32786885312499997 0.1963636359375 0.3333333328125 0.2145454546875 0.32786885312499997 0.22181818125000002 0.322404371875 0.22181818125000002 0.2841530046875 0.22181818125000002 0.2459016390625 0.23272727343750002 0.19125683124999998 0.24 0.1748633875 0.24727272656250002 0.16393442656249999 0.24727272656250002 0.125683059375 0.24 0.09836065625 0.23272727343750002 0.08743169375 0.21818181874999998 0.10382513593750001 0.2 0.136612021875 0.1927272734375 0.16393442656249999 0.18181818125 0.18579235 0.1745454546875 0.224043715625 0.16363636406249998 0.2896174859375 0.16363636406249998 0.316939890625
3 0.7454545453125 0.491803278125 0.78181818125 0.47540983593749997 0.7963636359375 0.42622950781249996 0.8036363640624999 0.3715847 0.8109090906249999 0.3060109296875 0.8072727265624999 0.2677595625 0.8036363640624999 0.23497267812499997 0.78181818125 0.2076502734375 0.749090909375 0.1967213109375 0.7054545453125 0.21857923437500001 0.6799999999999999 0.25683060156250004 0.669090909375 0.31147540937499996 0.6654545453125 0.35519125625000003 0.6654545453125 0.38797814218750004 0.6799999999999999 0.42622950781249996 0.70181818125 0.45901639375 0.7163636359375001 0.48633879843749994 0.7454545453125 0.491803278125
3 0.24727272656250002 0.781420765625 0.269090909375 0.7868852453125 0.2872727265625 0.7595628421875 0.29818181875 0.721311475 0.30181818125 0.6666666671875 0.30181818125 0.6120218578125 0.29454545468750004 0.590163934375 0.269090909375 0.5792349734375 0.250909090625 0.590163934375 0.250909090625 0.595628415625 0.24727272656250002 0.6393442625 0.24363636406250003 0.6939890703125 0.24 0.7431693984375001 0.24727272656250002 0.781420765625
3 0.85818181875 0.8415300546875001 0.8800000000000001 0.8251366125 0.8945454546875 0.8087431687500001 0.8763636359375001 0.7923497265624999 0.8472727265625 0.7595628421875 0.8290909093750001 0.7431693984375001 0.8145454546875 0.7431693984375001 0.8 0.7540983609375 0.8072727265624999 0.7759562843750001 0.8145454546875 0.7978142078125 0.8145454546875 0.8196721312499999 0.82181818125 0.8469945359375 0.8254545453125001 0.868852459375 0.8400000000000001 0.863387978125 0.85818181875 0.8415300546875001