3 0.658064515625 0.41104294531249996 0.6612903218749999 0.374233128125 0.6645161296875 0.33128834375 0.6612903218749999 0.300613496875 0.648387096875 0.294478528125 0.6322580640625 0.2883435578125 0.60967741875 0.294478528125 0.60322580625 0.300613496875 0.60322580625 0.3190184046875 0.6064516125 0.3435582828125 0.6064516125 0.374233128125 0.60322580625 0.404907975 0.60322580625 0.41717791406250004 0.6129032265625 0.429447853125 0.6290322578125 0.435582821875 0.651612903125 0.429447853125 0.658064515625 0.41104294531249996
3 0.60967741875 0.5889570546875 0.6129032265625 0.5460122703125 0.6161290328125 0.503067484375 0.6193548390625 0.46625766874999997 0.6193548390625 0.4478527609375 0.6161290328125 0.435582821875 0.60967741875 0.429447853125 0.5935483875 0.4233128828125 0.5709677421875 0.4417177921875 0.5645161296875 0.4417177921875 0.5677419359375 0.46625766874999997 0.5709677421875 0.4846625765625 0.5709677421875 0.5092024546875 0.5709677421875 0.53374233125 0.5741935484375 0.5582822078125 0.5774193546874999 0.5828220859375 0.5935483875 0.5889570546875 0.60967741875 0.5889570546875
3 0.2838709671875 0.4417177921875 0.3 0.4478527609375 0.30645161249999997 0.4233128828125 0.31290322656249997 0.39877300625 0.3258064515625 0.3803680984375 0.3354838703125 0.368098159375 0.33870967812499997 0.34969325156250003 0.33870967812499997 0.325153375 0.33870967812499997 0.306748465625 0.31612903281250004 0.3128834359375 0.29032258125 0.3190184046875 0.2677419359375 0.325153375 0.254838709375 0.325153375 0.254838709375 0.33128834375 0.258064515625 0.361963190625 0.2645161296875 0.3926380375 0.2741935484375 0.4233128828125 0.2838709671875 0.4417177921875
3 0.5322580640625 0.4417177921875 0.554838709375 0.4478527609375 0.5741935484375 0.435582821875 0.5870967734375 0.429447853125 0.6 0.41717791406250004 0.60322580625 0.39877300625 0.6064516125 0.361963190625 0.60322580625 0.325153375 0.6 0.306748465625 0.5935483875 0.294478528125 0.5741935484375 0.294478528125 0.5451612906250001 0.294478528125 0.5258064515624999 0.300613496875 0.5129032265625 0.300613496875 0.50967741875 0.3190184046875 0.5064516125 0.368098159375 0.50967741875 0.39877300625 0.5161290328125 0.429447853125 0.5322580640625 0.4417177921875
3 0.548387096875 0.60122699375 0.554838709375 0.5828220859375 0.5645161296875 0.5521472390625 0.5677419359375 0.5276073625000001 0.5709677421875 0.496932515625 0.5677419359375 0.46625766874999997 0.5677419359375 0.4417177921875 0.5612903218749999 0.4478527609375 0.5451612906250001 0.4478527609375 0.538709678125 0.4478527609375 0.5225806453125 0.435582821875 0.5161290328125 0.429447853125 0.5129032265625 0.4478527609375 0.5129032265625 0.47239263749999993 0.5129032265625 0.503067484375 0.50967741875 0.5214723921875 0.5129032265625 0.5521472390625 0.5193548390625 0.564417178125 0.5290322578125 0.5889570546875 0.548387096875 0.60122699375
3 0.4129032265625 0.4233128828125 0.4225806453125 0.4478527609375 0.44516129062500004 0.4539877296875 0.4645161296875 0.4539877296875 0.4838709671875 0.4478527609375 0.49677419375 0.435582821875 0.50322580625 0.41104294531249996 0.5064516125 0.374233128125 0.5064516125 0.34969325156250003 0.50322580625 0.3190184046875 0.5 0.3128834359375 0.47741935468749996 0.306748465625 0.454838709375 0.294478528125 0.4354838703125 0.294478528125 0.4193548390625 0.294478528125 0.4129032265625 0.300613496875 0.40967741875 0.3190184046875 0.4064516125 0.3435582828125 0.40967741875 0.39877300625 0.4129032265625 0.4233128828125
3 0.6967741937499999 0.3865030671875 0.7 0.34969325156250003 0.7 0.33128834375 0.69032258125 0.3190184046875 0.6709677421875 0.306748465625 0.6612903218749999 0.3128834359375 0.6612903218749999 0.3190184046875 0.6645161296875 0.34969325156250003 0.6612903218749999 0.368098159375 0.6612903218749999 0.39877300625 0.6645161296875 0.41717791406250004 0.6709677421875 0.4233128828125 0.6806451609375 0.435582821875 0.6935483875 0.41717791406250004 0.6967741937499999 0.3865030671875
3 0.49032258124999994 0.5828220859375 0.5 0.570552146875 0.50322580625 0.5460122703125 0.50967741875 0.5153374234375 0.5129032265625 0.4846625765625 0.5129032265625 0.4539877296875 0.5161290328125 0.429447853125 0.50967741875 0.41717791406250004 0.50322580625 0.41717791406250004 0.4935483875 0.429447853125 0.49032258124999994 0.4417177921875 0.47419354843750006 0.4478527609375 0.458064515625 0.4539877296875 0.448387096875 0.4539877296875 0.451612903125 0.47852760781250003 0.451612903125 0.503067484375 0.451612903125 0.53374233125 0.454838709375 0.564417178125 0.458064515625 0.5828220859375 0.47741935468749996 0.595092025 0.49032258124999994 0.5828220859375
3 0.6612903218749999 0.5828220859375 0.6709677421875 0.564417178125 0.6709677421875 0.5276073625000001 0.6741935484375 0.4907975453125 0.6709677421875 0.4417177921875 0.6645161296875 0.4233128828125 0.658064515625 0.429447853125 0.645161290625 0.435582821875 0.6322580640625 0.435582821875 0.6193548390625 0.4417177921875 0.6193548390625 0.4539877296875 0.6161290328125 0.4846625765625 0.6161290328125 0.5153374234375 0.6225806453125 0.5276073625000001 0.6354838703125 0.5398773 0.645161290625 0.5582822078125 0.651612903125 0.5766871171875 0.6612903218749999 0.5828220859375
3 0.35161290312500004 0.41717791406250004 0.3645161296875 0.435582821875 0.38387096718749997 0.4417177921875 0.4 0.4417177921875 0.4064516125 0.41717791406250004 0.40967741875 0.3926380375 0.4064516125 0.361963190625 0.4064516125 0.3374233125 0.4064516125 0.3128834359375 0.40322580625000004 0.294478528125 0.38709677343750004 0.2883435578125 0.3677419359375 0.294478528125 0.358064515625 0.300613496875 0.34838709687499997 0.306748465625 0.345161290625 0.3190184046875 0.33870967812499997 0.361963190625 0.33870967812499997 0.3865030671875 0.35161290312500004 0.41717791406250004
3 0.44193548437499997 0.595092025 0.448387096875 0.5521472390625 0.448387096875 0.5153374234375 0.448387096875 0.47239263749999993 0.44516129062500004 0.4539877296875 0.4354838703125 0.4478527609375 0.4193548390625 0.4417177921875 0.4161290328125 0.429447853125 0.40967741875 0.4233128828125 0.40322580625000004 0.4233128828125 0.39677419375 0.4417177921875 0.38709677343750004 0.4478527609375 0.39032258125 0.4539877296875 0.39032258125 0.47852760781250003 0.39032258125 0.5092024546875 0.3935483875 0.53374233125 0.39677419375 0.570552146875 0.4064516125 0.5889570546875 0.4225806453125 0.60122699375 0.44193548437499997 0.595092025
3 0.30645161249999997 0.5521472390625 0.3225806453125 0.5521472390625 0.3322580640625 0.5214723921875 0.3354838703125 0.47852760781250003 0.341935484375 0.4478527609375 0.341935484375 0.41717791406250004 0.341935484375 0.3926380375 0.3322580640625 0.3865030671875 0.3193548390625 0.3865030671875 0.30645161249999997 0.429447853125 0.3 0.4478527609375 0.29677419375 0.4539877296875 0.2935483875 0.47239263749999993 0.2935483875 0.503067484375 0.2935483875 0.53374233125 0.30645161249999997 0.5521472390625
3 0.3645161296875 0.6073619625 0.3806451609375 0.60122699375 0.39032258125 0.570552146875 0.3935483875 0.5398773 0.39032258125 0.4907975453125 0.39032258125 0.4601227 0.38709677343750004 0.4417177921875 0.3709677421875 0.435582821875 0.358064515625 0.429447853125 0.34838709687499997 0.41104294531249996 0.345161290625 0.41104294531249996 0.341935484375 0.429447853125 0.33870967812499997 0.47239263749999993 0.33870967812499997 0.4846625765625 0.3322580640625 0.5214723921875 0.3322580640625 0.5521472390625 0.3354838703125 0.5828220859375 0.345161290625 0.60122699375 0.3645161296875 0.6073619625