0 0.4609375 0.48098859374999997 0.4661458328125 0.48098859374999997 0.4661458328125 0.479087453125 0.4661458328125 0.4733840296875 0.4622395828125 0.4733840296875 0.4583333328125 0.4733840296875 0.4583333328125 0.479087453125 0.4609375 0.48098859374999997
0 0.3372395828125 0.5 0.3502604171875 0.486692015625 0.35546875 0.486692015625 0.3645833328125 0.486692015625 0.3658854171875 0.479087453125 0.3658854171875 0.46958174843749995 0.3619791671875 0.4676806078125 0.3528645828125 0.46387832656250005 0.3463541671875 0.4619771859375 0.3385416671875 0.4619771859375 0.3333333328125 0.46387832656250005 0.328125 0.4676806078125 0.3229166671875 0.48288973437499993 0.3255208328125 0.49809885937500004 0.3307291671875 0.5057034218750001 0.3372395828125 0.5
0 0.4244791671875 0.41444866874999997 0.421875 0.42775665468749996 0.4270833328125 0.4315589359375 0.4375 0.423954371875 0.4518229171875 0.40874524687499997 0.4609375 0.397338403125 0.46484375 0.40114068437499995 0.46875 0.40874524687499997 0.4765625 0.420152090625 0.4856770828125 0.42965779531250003 0.4921875 0.42775665468749996 0.4947916671875 0.420152090625 0.49609375 0.40874524687499997 0.4947916671875 0.40114068437499995 0.4934895828125 0.393536121875 0.48828125 0.38403041875 0.4869791671875 0.39163498125 0.4856770828125 0.397338403125 0.4817708328125 0.39923954375 0.4791666671875 0.393536121875 0.4765625 0.389733840625 0.46875 0.38403041875 0.4674479171875 0.3802281375 0.4661458328125 0.3707224328125 0.44921875 0.3802281375 0.4388020828125 0.389733840625 0.4309895828125 0.403041825 0.4244791671875 0.41444866874999997
0 0.38671875 0.587452471875 0.3854166671875 0.5969581749999999 0.3893229171875 0.606463878125 0.390625 0.60076045625 0.3893229171875 0.5912547531250001 0.39453125 0.58174905 0.3997395828125 0.5703422046875 0.4036458328125 0.5608365015625 0.4049479171875 0.5551330796875 0.3984375 0.5608365015625 0.3932291671875 0.5589353609375001 0.3919270828125 0.5722433453125 0.38671875 0.587452471875
3 0.6276041671875 0.621673003125 0.6627604171875 0.6178707218749999 0.6953125 0.6045627375 0.7135416671875 0.5779467687500001 0.7200520828125 0.5323193921875 0.7317708328125 0.5076045625 0.7421875 0.4619771859375 0.7369791671875 0.39923954375 0.73046875 0.3650190109375 0.7135416671875 0.3384030421875 0.6927083328125 0.321292775 0.6875 0.31558935312499997 0.6796875 0.29847908749999996 0.6627604171875 0.28897338437500003 0.6380208328125 0.2832699625 0.6145833328125 0.29467680625 0.5846354171875 0.33650190156250004 0.5716145828125 0.3612167296875 0.5625 0.389733840625 0.5625 0.423954371875 0.5638020828125 0.4619771859375 0.5651041671875 0.5171102656250001 0.5690104171875 0.524714828125 0.578125 0.5475285171875 0.5885416671875 0.58174905 0.6002604171875 0.602661596875 0.6276041671875 0.621673003125
3 0.3229166671875 0.4391634984375 0.3203125 0.49239543750000003 0.3216145828125 0.5456273765625 0.3307291671875 0.59315589375 0.3424479171875 0.6311787078125 0.3671875 0.6501901140624999 0.3736979171875 0.6653992390625 0.4075520828125 0.6730038015625001 0.4388020828125 0.6673003796875 0.4713541671875 0.6577946765625 0.5078125 0.6558935359375 0.53125 0.6406844109375001 0.5442708328125 0.5893536125 0.5677083328125 0.520912546875 0.56640625 0.479087453125 0.55859375 0.39163498125 0.5572916671875 0.3593155890625 0.5455729171875 0.323193915625 0.5286458328125 0.30608365000000004 0.5026041671875 0.28707224375 0.4817708328125 0.27756654062499997 0.4283854171875 0.2737642578125 0.3984375 0.285171103125 0.3815104171875 0.292775665625 0.3684895828125 0.30228136875 0.3502604171875 0.3384030421875 0.3424479171875 0.3612167296875 0.3307291671875 0.37642585624999997 0.3229166671875 0.41064638750000004 0.3229166671875 0.4391634984375
3 0.87109375 0.606463878125 0.9010416671874999 0.58174905 0.9192708328125001 0.5285171109375 0.92578125 0.4733840296875 0.9309895828125001 0.4258555140625 0.9375 0.3954372625 0.9244791671874999 0.3707224328125 0.9114583328125001 0.34600760468749997 0.8971354171874999 0.30608365000000004 0.8854166671874999 0.29847908749999996 0.8671875 0.285171103125 0.8450520828125001 0.2737642578125 0.8307291671874999 0.2737642578125 0.8020833328125001 0.2832699625 0.7734375 0.29847908749999996 0.75390625 0.3250950578125 0.7421875 0.3593155890625 0.73828125 0.393536121875 0.7395833328125 0.4448669203125 0.7408854171875 0.47718631250000004 0.7760416671875 0.5722433453125 0.8020833328125001 0.6045627375 0.8424479171874999 0.610266159375 0.87109375 0.606463878125
1 0.33203125 0.520912546875 0.328125 0.5589353609375001 0.3307291671875 0.5741444859375 0.34375 0.587452471875 0.359375 0.5912547531250001 0.3763020828125 0.60076045625 0.3828125 0.610266159375 0.3997395828125 0.606463878125 0.4166666671875 0.595057034375 0.4388020828125 0.587452471875 0.4557291671875 0.5893536125 0.4778645828125 0.58555133125 0.4986979171875 0.5570342203124999 0.5208333328125 0.5171102656250001 0.5286458328125 0.4733840296875 0.5286458328125 0.4372623578125 0.5234375 0.378326996875 0.5104166671875 0.3536121671875 0.4921875 0.3517110265625 0.47265625 0.3555133078125 0.4466145828125 0.3631178703125 0.4205729171875 0.38212927812499997 0.3997395828125 0.40684410625 0.3854166671875 0.4315589359375 0.375 0.45627376406250003 0.328125 0.4619771859375 0.3203125 0.48098859374999997 0.3229166671875 0.501901140625 0.33203125 0.520912546875
0 0.48828125 0.4733840296875 0.4947916671875 0.4733840296875 0.5026041671875 0.47528517187499997 0.5065104171875 0.47528517187499997 0.5078125 0.4714828890625 0.49609375 0.4676806078125 0.48828125 0.4657794671875 0.484375 0.4714828890625 0.48828125 0.4733840296875
0 0.47265625 0.48098859374999997 0.4765625 0.479087453125 0.4791666671875 0.47528517187499997 0.48046875 0.4733840296875 0.4765625 0.4733840296875 0.47265625 0.4733840296875 0.4713541671875 0.479087453125 0.47265625 0.48098859374999997
0 0.4375 0.5380228140625001 0.44140625 0.5418250953125 0.4466145828125 0.5437262359374999 0.4505208328125 0.5456273765625 0.4544270828125 0.5456273765625 0.45703125 0.5437262359374999 0.45703125 0.5513307984375 0.45703125 0.5551330796875 0.4596354171875 0.5551330796875 0.4609375 0.5494296578125 0.4635416671875 0.5399239546875 0.4635416671875 0.5323193921875 0.4596354171875 0.524714828125 0.45703125 0.5228136875 0.44921875 0.51901140625 0.4453125 0.5152091249999999 0.4401041671875 0.520912546875 0.4361979171875 0.5304182515625 0.4375 0.5380228140625001