3 0.5142857140625 0.47222222187499996 0.5142857140625 0.527777778125 0.525 0.5611111109375 0.5571428578125001 0.5722222218749999 0.6 0.5722222218749999 0.628571428125 0.5722222218749999 0.65 0.5611111109375 0.6607142859375 0.54444444375 0.6642857140625 0.49444444374999996 0.653571428125 0.43333333281249997 0.6428571421875 0.39444444375 0.6392857140625 0.3611111109375 0.6321428578125 0.3333333328125 0.6178571421875 0.3166666671875 0.596428571875 0.3111111109375 0.5714285718750001 0.3111111109375 0.5428571421874999 0.3333333328125 0.525 0.35 0.5178571421875 0.38333333281250004 0.5142857140625 0.42222222187499997 0.5142857140625 0.47222222187499996
3 0.1642857140625 0.5666666671875 0.175 0.5833333328125 0.2 0.577777778125 0.203571428125 0.5555555562500001 0.1928571421875 0.49444444374999996 0.1928571421875 0.45555555625000005 0.196428571875 0.41111111093749997 0.196428571875 0.377777778125 0.1892857140625 0.35555555625 0.175 0.3333333328125 0.15714285781249998 0.3166666671875 0.15 0.322222221875 0.146428571875 0.33888888906250003 0.1392857140625 0.38333333281250004 0.1392857140625 0.43333333281249997 0.153571428125 0.54444444375 0.1642857140625 0.5666666671875
3 0.16071428593749998 0.722222221875 0.1642857140625 0.7666666671875 0.1821428578125 0.7611111109375 0.196428571875 0.74444444375 0.2071428578125 0.7111111109375 0.203571428125 0.6666666671875 0.2 0.6166666671875001 0.2 0.5833333328125 0.1928571421875 0.577777778125 0.171428571875 0.577777778125 0.171428571875 0.5833333328125 0.1678571421875 0.60555555625 0.16071428593749998 0.6388888890625 0.15714285781249998 0.6777777781250001 0.16071428593749998 0.722222221875
3 0.753571428125 0.5722222218749999 0.7642857140625 0.55 0.7678571421875 0.527777778125 0.7678571421875 0.5 0.7678571421875 0.4611111109375 0.7678571421875 0.40555555625000006 0.7607142859375 0.3611111109375 0.7428571421875 0.322222221875 0.7357142859375 0.30555555624999997 0.721428571875 0.29444444375 0.703571428125 0.3111111109375 0.6785714281249999 0.34444444375 0.6607142859375 0.38333333281250004 0.653571428125 0.4166666671875 0.653571428125 0.44444444375 0.6607142859375 0.477777778125 0.6642857140625 0.5 0.6642857140625 0.5166666671875 0.6642857140625 0.5388888890625 0.675 0.5666666671875 0.6928571421874999 0.5722222218749999 0.725 0.577777778125 0.753571428125 0.5722222218749999
3 0.23571428593750002 0.74444444375 0.25 0.7166666671875 0.25 0.6777777781250001 0.25 0.627777778125 0.253571428125 0.5944444437499999 0.23571428593750002 0.5888888890625 0.2142857140625 0.5888888890625 0.196428571875 0.5944444437499999 0.196428571875 0.6111111109375 0.2 0.6388888890625 0.203571428125 0.672222221875 0.203571428125 0.70555555625 0.203571428125 0.722222221875 0.2071428578125 0.74444444375 0.21785714218750002 0.75555555625 0.22857142812500003 0.75 0.23571428593750002 0.74444444375
3 0.375 0.46666666718750005 0.378571428125 0.522222221875 0.3821428578125 0.5555555562500001 0.3892857140625 0.5833333328125 0.42142857187500005 0.5888888890625 0.4607142859375 0.5833333328125 0.496428571875 0.5833333328125 0.5107142859375 0.5611111109375 0.5142857140625 0.5111111109375 0.5178571421875 0.46666666718750005 0.5107142859375 0.41111111093749997 0.5107142859375 0.372222221875 0.503571428125 0.34444444375 0.496428571875 0.322222221875 0.4857142859375 0.2888888890625 0.45357142812499995 0.2666666671875 0.43214285781250006 0.2666666671875 0.41071428593750003 0.2833333328125 0.3928571421875 0.3111111109375 0.3821428578125 0.33888888906250003 0.378571428125 0.377777778125 0.375 0.46666666718750005
3 0.6857142859375001 0.8055555562500001 0.703571428125 0.8111111109375001 0.725 0.7888888890625 0.7321428578125 0.7611111109375 0.7428571421875 0.6944444437499999 0.746428571875 0.6611111109375 0.746428571875 0.622222221875 0.746428571875 0.5833333328125 0.7392857140625 0.5722222218749999 0.7178571421875 0.5722222218749999 0.6892857140624999 0.5722222218749999 0.675 0.5666666671875 0.6642857140625 0.5555555562500001 0.6607142859375 0.5666666671875 0.6571428578125 0.5944444437499999 0.653571428125 0.622222221875 0.65 0.65 0.646428571875 0.6666666671875 0.6571428578125 0.7 0.6642857140625 0.7388888890625 0.671428571875 0.772222221875 0.6857142859375001 0.8055555562500001
3 0.896428571875 0.5388888890625 0.903571428125 0.522222221875 0.9142857140625 0.47222222187499996 0.9142857140625 0.43333333281249997 0.9107142859374999 0.39444444375 0.896428571875 0.36666666718749996 0.871428571875 0.35555555625 0.846428571875 0.3611111109375 0.8392857140625001 0.38333333281250004 0.8321428578125 0.4166666671875 0.8321428578125 0.45 0.8357142859375 0.48333333281249996 0.8357142859375 0.522222221875 0.8357142859375 0.5611111109375 0.8428571421875001 0.5722222218749999 0.8607142859374999 0.5833333328125 0.8821428578124999 0.5833333328125 0.896428571875 0.5388888890625
3 0.39642857187499997 0.772222221875 0.40714285781250004 0.727777778125 0.4142857140625 0.672222221875 0.4178571421875 0.6333333328124999 0.4142857140625 0.5944444437499999 0.40714285781250004 0.5833333328125 0.3892857140625 0.5833333328125 0.3678571421875 0.5833333328125 0.346428571875 0.5833333328125 0.3357142859375 0.5944444437499999 0.3357142859375 0.622222221875 0.33928571406249997 0.6611111109375 0.3428571421875 0.6833333328125 0.3428571421875 0.7 0.35 0.74444444375 0.3642857140625 0.8 0.375 0.8055555562500001 0.39642857187499997 0.772222221875
3 0.45 0.772222221875 0.47142857187500004 0.772222221875 0.48214285781250005 0.7333333328125 0.48214285781250005 0.6888888890625 0.4892857140625 0.6388888890625 0.4857142859375 0.6111111109375 0.4857142859375 0.5944444437499999 0.4857142859375 0.5888888890625 0.46785714218749996 0.5888888890625 0.4392857140625 0.5888888890625 0.4142857140625 0.5888888890625 0.4142857140625 0.5944444437499999 0.4178571421875 0.622222221875 0.42142857187500005 0.6388888890625 0.425 0.6888888890625 0.428571428125 0.7111111109375 0.4357142859375 0.74444444375 0.45 0.772222221875
3 0.5892857140625 0.7666666671875 0.6 0.777777778125 0.6178571421875 0.7666666671875 0.6357142859375 0.727777778125 0.646428571875 0.672222221875 0.653571428125 0.622222221875 0.6607142859375 0.5888888890625 0.6642857140625 0.5555555562500001 0.6607142859375 0.5555555562500001 0.6571428578125 0.5611111109375 0.6357142859375 0.5722222218749999 0.6107142859375 0.5722222218749999 0.578571428125 0.5722222218749999 0.5714285718750001 0.5833333328125 0.5678571421874999 0.5888888890625 0.5678571421874999 0.60555555625 0.5714285718750001 0.6611111109375 0.578571428125 0.7166666671875 0.5892857140625 0.7666666671875
3 0.8 0.74444444375 0.8071428578125 0.6944444437499999 0.8071428578125 0.6555555562500001 0.8107142859375 0.6111111109375 0.8107142859375 0.5888888890625 0.8 0.5944444437499999 0.778571428125 0.577777778125 0.7642857140625 0.5611111109375 0.753571428125 0.5666666671875 0.7428571421875 0.577777778125 0.746428571875 0.5944444437499999 0.746428571875 0.622222221875 0.746428571875 0.6666666671875 0.7428571421875 0.7 0.7392857140625 0.722222221875 0.746428571875 0.74444444375 0.7642857140625 0.7666666671875 0.7892857140625 0.7611111109375 0.8 0.74444444375
3 0.825 0.577777778125 0.8357142859375 0.5388888890625 0.8357142859375 0.50555555625 0.8321428578125 0.45 0.8357142859375 0.41111111093749997 0.8357142859375 0.377777778125 0.8357142859375 0.34444444375 0.8321428578125 0.322222221875 0.8107142859375 0.30555555624999997 0.8035714281249999 0.3111111109375 0.7892857140625 0.33888888906250003 0.775 0.372222221875 0.7678571421875 0.4 0.7678571421875 0.427777778125 0.7678571421875 0.46666666718750005 0.7678571421875 0.5111111109375 0.7642857140625 0.5388888890625 0.7642857140625 0.5611111109375 0.775 0.577777778125 0.7892857140625 0.5888888890625 0.8107142859375 0.5944444437499999 0.825 0.577777778125
3 0.2821428578125 0.8333333328125001 0.30357142812500004 0.8111111109375001 0.32142857187499996 0.772222221875 0.3357142859375 0.74444444375 0.3428571421875 0.672222221875 0.33214285781249997 0.6333333328124999 0.325 0.5944444437499999 0.32142857187499996 0.5888888890625 0.296428571875 0.577777778125 0.278571428125 0.5722222218749999 0.2678571421875 0.5722222218749999 0.25 0.5944444437499999 0.24642857187499997 0.6166666671875001 0.24642857187499997 0.65 0.24642857187499997 0.6777777781250001 0.25 0.722222221875 0.2571428578125 0.75 0.2607142859375 0.777777778125 0.2642857140625 0.8111111109375001 0.2821428578125 0.8333333328125001
3 0.5107142859375 0.7333333328125 0.5178571421875 0.7666666671875 0.5321428578125 0.7666666671875 0.5392857140625 0.75555555625 0.55 0.7333333328125 0.5571428578125001 0.6944444437499999 0.5642857140624999 0.6333333328124999 0.5642857140624999 0.60555555625 0.5678571421874999 0.5833333328125 0.5607142859375001 0.5722222218749999 0.5357142859375 0.5666666671875 0.521428571875 0.5555555562500001 0.5142857140625 0.5388888890625 0.5142857140625 0.55 0.5071428578125 0.577777778125 0.4928571421875 0.5888888890625 0.496428571875 0.622222221875 0.5 0.65 0.503571428125 0.6944444437499999 0.5107142859375 0.7333333328125
3 0.196428571875 0.522222221875 0.203571428125 0.5833333328125 0.22857142812500003 0.5888888890625 0.25 0.5833333328125 0.27142857187499997 0.5666666671875 0.27142857187499997 0.5611111109375 0.275 0.55 0.27142857187499997 0.5111111109375 0.2678571421875 0.47222222187499996 0.275 0.427777778125 0.275 0.4 0.2642857140625 0.372222221875 0.25 0.35555555625 0.24642857187499997 0.33888888906250003 0.22857142812500003 0.322222221875 0.22142857187499998 0.3166666671875 0.2142857140625 0.322222221875 0.21071428593750002 0.3333333328125 0.203571428125 0.35 0.2 0.377777778125 0.196428571875 0.40555555625000006 0.1928571421875 0.46666666718750005 0.196428571875 0.522222221875
3 0.871428571875 0.8 0.8857142859374999 0.772222221875 0.8892857140625001 0.722222221875 0.8928571421875 0.6611111109375 0.8857142859374999 0.6111111109375 0.878571428125 0.5833333328125 0.8607142859374999 0.577777778125 0.828571428125 0.577777778125 0.8178571421875 0.5833333328125 0.8142857140625 0.5944444437499999 0.8107142859375 0.6166666671875001 0.8107142859375 0.6388888890625 0.8107142859375 0.672222221875 0.8071428578125 0.70555555625 0.8071428578125 0.722222221875 0.8035714281249999 0.7333333328125 0.8178571421875 0.7611111109375 0.8357142859375 0.777777778125 0.853571428125 0.79444444375 0.871428571875 0.8
3 0.27142857187499997 0.5166666671875 0.275 0.5611111109375 0.3 0.577777778125 0.325 0.5833333328125 0.35357142812500003 0.5833333328125 0.375 0.577777778125 0.3821428578125 0.5611111109375 0.378571428125 0.527777778125 0.375 0.4888888890625 0.371428571875 0.44444444375 0.375 0.4166666671875 0.375 0.39444444375 0.3642857140625 0.372222221875 0.346428571875 0.35555555625 0.328571428125 0.34444444375 0.3142857140625 0.34444444375 0.30357142812500004 0.35555555625 0.2892857140625 0.377777778125 0.2821428578125 0.39444444375 0.275 0.42222222187499997 0.27142857187499997 0.46666666718750005 0.27142857187499997 0.5166666671875