3 0.5488721796875 0.708994709375 0.5639097750000001 0.7354497359375001 0.5827067671874999 0.7460317453124999 0.60902255625 0.7354497359375001 0.6278195484375 0.703703703125 0.6390977437500001 0.65608465625 0.6390977437500001 0.6137566140625 0.6353383453125 0.5820105812499999 0.6278195484375 0.566137565625 0.6127819546875 0.55026455 0.6052631578125001 0.5449735453125 0.586466165625 0.5449735453125 0.5751879703125 0.55026455 0.5639097750000001 0.566137565625 0.5563909781249999 0.5714285718750001 0.5413533828125 0.5820105812499999 0.5413533828125 0.6455026453125 0.5413533828125 0.671957671875 0.5488721796875 0.708994709375
3 0.6052631578125001 0.502645503125 0.6353383453125 0.534391534375 0.6541353390625 0.5449735453125 0.6766917296875 0.534391534375 0.695488721875 0.4920634921875 0.70300751875 0.44444444375 0.70300751875 0.40211640156249995 0.695488721875 0.375661375 0.6842105265625 0.3544973546875 0.6766917296875 0.3333333328125 0.6654135343750001 0.3333333328125 0.6390977437500001 0.3492063484375 0.62406015 0.365079365625 0.6165413531249999 0.375661375 0.6052631578125001 0.39153439218749997 0.5977443609375 0.428571428125 0.5977443609375 0.465608465625 0.6052631578125001 0.502645503125
3 0.650375940625 0.6666666671875 0.6578947375 0.6772486765625 0.680451128125 0.6984126984375 0.70300751875 0.708994709375 0.7293233078125 0.6878306875 0.7481203 0.671957671875 0.7556390984375 0.6296296296875 0.7518797 0.5925925921874999 0.740601503125 0.5608465609375 0.73308270625 0.55026455 0.7067669171875 0.534391534375 0.687969925 0.534391534375 0.67293233125 0.5396825390625 0.650375940625 0.5449735453125 0.6428571421875 0.5555555562500001 0.631578946875 0.5820105812499999 0.6390977437500001 0.6137566140625 0.650375940625 0.6666666671875
3 0.30827067656249996 0.7195767203125001 0.3308270671875 0.7301587296875 0.349624059375 0.708994709375 0.353383459375 0.6613756609375 0.3571428578125 0.61904761875 0.3571428578125 0.5767195765625 0.3571428578125 0.566137565625 0.3421052625 0.566137565625 0.334586465625 0.5714285718750001 0.31954887187500003 0.5767195765625 0.3007518796875 0.5767195765625 0.2932330828125 0.5767195765625 0.28571428593750003 0.5978835984375 0.28571428593750003 0.640211640625 0.2932330828125 0.6878306875 0.30827067656249996 0.7195767203125001
3 0.383458646875 0.724867725 0.4060150375 0.7301587296875 0.4323308265625 0.708994709375 0.44360902187500006 0.634920634375 0.4473684203125 0.603174603125 0.4473684203125 0.5820105812499999 0.44360902187500006 0.566137565625 0.42481202968750004 0.566137565625 0.398496240625 0.566137565625 0.3796992484375 0.5714285718750001 0.3721804515625 0.5714285718750001 0.36090225625 0.5767195765625 0.3571428578125 0.6137566140625 0.36090225625 0.65608465625 0.368421053125 0.703703703125 0.383458646875 0.724867725
3 0.8308270671875 0.6507936515625 0.8421052625 0.6084656078124999 0.82706766875 0.5555555562500001 0.812030075 0.5238095234375 0.789473684375 0.51851851875 0.7819548875 0.534391534375 0.7706766921875 0.5449735453125 0.7443609015625 0.5555555562500001 0.740601503125 0.5555555562500001 0.73308270625 0.5555555562500001 0.7481203 0.5925925921874999 0.7631578953125 0.6296296296875 0.8007518796875001 0.65608465625 0.8308270671875 0.6507936515625
3 0.22932330781250002 0.497354496875 0.23308270625 0.5396825390625 0.24436090156249998 0.5608465609375 0.27443609062499996 0.5767195765625 0.304511278125 0.5767195765625 0.334586465625 0.5767195765625 0.3458646609375 0.5555555562500001 0.349624059375 0.5132275125 0.349624059375 0.46031746093750003 0.3383458640625 0.41798941875000006 0.334586465625 0.38624338593749996 0.32706766875 0.35978835937500003 0.3157894734375 0.34391534375 0.28195488750000003 0.365079365625 0.259398496875 0.38624338593749996 0.24436090156249998 0.4126984125 0.23308270625 0.46031746093750003 0.22932330781250002 0.497354496875
3 0.8646616546875 0.4391534390625 0.8609022562499999 0.39153439218749997 0.834586465625 0.38624338593749996 0.8157894734375001 0.39153439218749997 0.8007518796875001 0.40211640156249995 0.7932330828125 0.41798941875000006 0.789473684375 0.44973545000000004 0.7932330828125 0.4761904765625 0.789473684375 0.51851851875 0.8233082703125 0.5238095234375 0.8458646609375 0.51851851875 0.8609022562499999 0.46031746093750003 0.8646616546875 0.4391534390625
3 0.507518796875 0.5608465609375 0.5413533828125 0.566137565625 0.5751879703125 0.5608465609375 0.601503759375 0.502645503125 0.5939849625 0.46031746093750003 0.586466165625 0.41798941875000006 0.5751879703125 0.396825396875 0.5563909781249999 0.38095238125 0.5338345859375 0.375661375 0.5037593984375001 0.39153439218749997 0.48496240625000003 0.4126984125 0.477443609375 0.4391534390625 0.48120300781249997 0.5291005296875 0.48496240625000003 0.5449735453125 0.507518796875 0.5608465609375
3 0.1428571421875 0.4920634921875 0.1578947375 0.502645503125 0.1691729328125 0.497354496875 0.1766917296875 0.46031746093750003 0.1766917296875 0.428571428125 0.180451128125 0.39153439218749997 0.1766917296875 0.365079365625 0.165413534375 0.34391534375 0.15413533906250002 0.3492063484375 0.15037594062499998 0.3703703703125 0.1428571421875 0.4074074078125 0.13909774375 0.465608465625 0.1428571421875 0.4920634921875
3 0.4473684203125 0.640211640625 0.45112782031250004 0.6825396828125 0.4586466171875 0.7195767203125001 0.4736842109375 0.7460317453124999 0.5 0.7566137562499999 0.5225563906249999 0.7354497359375001 0.5300751874999999 0.6825396828125 0.5338345859375 0.634920634375 0.5375939843750001 0.603174603125 0.5413533828125 0.5820105812499999 0.5338345859375 0.5714285718750001 0.5187969921875 0.566137565625 0.507518796875 0.5608465609375 0.492481203125 0.55026455 0.48120300781249997 0.5396825390625 0.46240601562499994 0.55026455 0.45488721875 0.566137565625 0.4473684203125 0.5767195765625 0.4473684203125 0.640211640625
3 0.70300751875 0.51851851875 0.7180451125 0.5396825390625 0.740601503125 0.55026455 0.7631578953125 0.55026455 0.7857142859375 0.5291005296875 0.7932330828125 0.4761904765625 0.7932330828125 0.43386243437500005 0.7819548875 0.40211640156249995 0.7556390984375 0.38624338593749996 0.725563909375 0.4074074078125 0.710526315625 0.43386243437500005 0.6992481203125 0.45502645468749997 0.6992481203125 0.497354496875 0.70300751875 0.51851851875
3 0.187969925 0.5238095234375 0.210526315625 0.5449735453125 0.22932330781250002 0.5396825390625 0.23308270625 0.51851851875 0.23308270625 0.47089947031249996 0.240601503125 0.41798941875000006 0.240601503125 0.375661375 0.225563909375 0.3386243390625 0.210526315625 0.3386243390625 0.1992481203125 0.365079365625 0.1917293234375 0.396825396875 0.1766917296875 0.428571428125 0.17293233125000002 0.4867724875 0.187969925 0.5238095234375
3 0.349624059375 0.5079365078125 0.353383459375 0.5396825390625 0.3646616546875 0.5555555562500001 0.3872180453125 0.566137565625 0.42105263125 0.566137565625 0.45488721875 0.566137565625 0.4736842109375 0.5396825390625 0.4736842109375 0.465608465625 0.4736842109375 0.44973545000000004 0.46992481250000007 0.428571428125 0.45488721875 0.39153439218749997 0.44360902187500006 0.35978835937500003 0.42481202968750004 0.3492063484375 0.3947368421875 0.34391534375 0.3796992484375 0.35978835937500003 0.368421053125 0.375661375 0.3571428578125 0.4074074078125 0.349624059375 0.44444444375 0.349624059375 0.465608465625 0.349624059375 0.5079365078125
3 0.240601503125 0.6984126984375 0.259398496875 0.7195767203125001 0.2706766921875 0.708994709375 0.27819548906249997 0.671957671875 0.28195488750000003 0.640211640625 0.28571428593750003 0.603174603125 0.28571428593750003 0.5767195765625 0.27819548906249997 0.5714285718750001 0.2631578953125 0.5714285718750001 0.2481203 0.5608465609375 0.240601503125 0.5555555562500001 0.2368421046875 0.5555555562500001 0.22932330781250002 0.5555555562500001 0.22932330781250002 0.5820105812499999 0.225563909375 0.61904761875 0.23308270625 0.6613756609375 0.240601503125 0.6984126984375