3 0.5658362984374999 0.675977653125 0.58362989375 0.6815642453125 0.60498220625 0.66480446875 0.6227758 0.631284915625 0.6263345203124999 0.5921787703125 0.6227758 0.564245809375 0.6120996437499999 0.5474860328125 0.5871886125 0.5474860328125 0.5622775796874999 0.5586592171875 0.5516014234375 0.5698324015625 0.5480427046874999 0.5754189937499999 0.5444839859374999 0.586592178125 0.5409252671875 0.62011173125 0.5516014234375 0.6424581 0.5658362984374999 0.675977653125
3 0.508896796875 0.6815642453125 0.5266903921874999 0.675977653125 0.5409252671875 0.6480446921875 0.5444839859374999 0.62011173125 0.5409252671875 0.586592178125 0.5266903921874999 0.5810055859375 0.49822064062500004 0.5754189937499999 0.48042704687500004 0.5698324015625 0.47330960781250003 0.5810055859375 0.45907473281250005 0.5921787703125 0.4626334515625 0.62011173125 0.476868328125 0.6480446921875 0.48398576562500006 0.675977653125 0.508896796875 0.6815642453125
3 0.7722419921875 0.480446928125 0.78647686875 0.45810055937499994 0.78291815 0.4022346375 0.7651245546875 0.39106145312499996 0.7330960859375 0.37988826875 0.701067615625 0.368715084375 0.683274021875 0.39106145312499996 0.6761565843749999 0.42458100625000006 0.6725978640625 0.45810055937499994 0.679715303125 0.4748603359375 0.7117437718749999 0.5083798875000001 0.7295373671875 0.519553071875 0.7580071171875 0.5083798875000001 0.7722419921875 0.480446928125
3 0.523131671875 0 0.508896796875 0.0055865921875 0.49822064062500004 0.0279329609375 0.494661921875 0.0614525140625 0.494661921875 0.0949720671875 0.49110320312500005 0.13407821250000002 0.49110320312500005 0.1731843578125 0.505338078125 0.19553072656249998 0.5409252671875 0.20111731875 0.59074733125 0.20111731875 0.61921708125 0.17877095 0.6370106765625 0.15642458125 0.6370106765625 0.0949720671875 0.6334519578125 0.055865921875 0.6263345203124999 0.0279329609375 0.6156583625 0.0055865921875 0.60498220625 0 0.523131671875 0
3 0.7758007124999999 0.256983240625 0.7935943062499999 0.2625698328125 0.81494661875 0.2737430171875 0.8291814953125 0.279329609375 0.8505338078125 0.256983240625 0.8576512453125 0.2234636875 0.8683274015625001 0.1843575421875 0.8683274015625001 0.167597765625 0.8647686828125 0.1508379890625 0.8505338078125 0.13407821250000002 0.82206405625 0.1284916203125 0.80071174375 0.13407821250000002 0.7935943062499999 0.15642458125 0.7722419921875 0.1843575421875 0.7686832734375 0.2067039109375 0.7686832734375 0.23463687187499999 0.7758007124999999 0.256983240625
3 0.3665480421875 0 0.35587188593749997 0.033519553125000004 0.35587188593749997 0.0837988828125 0.35587188593749997 0.13407821250000002 0.3629893234375 0.1731843578125 0.38790035624999997 0.2067039109375 0.43060498281250004 0.21229050312500003 0.46975088906250007 0.20111731875 0.48754448437500003 0.1731843578125 0.49110320312500005 0.13407821250000002 0.49110320312500005 0.0726256984375 0.48398576562500006 0.02234636875 0.47330960781250003 0 0.3665480421875 0
3 0.7722419921875 0.39106145312499996 0.78647686875 0.4078212296875 0.797153025 0.4078212296875 0.81494661875 0.3966480453125 0.8256227765625 0.3631284921875 0.8291814953125 0.3296089390625 0.8291814953125 0.3072625703125 0.8113879 0.26815642500000003 0.7900355875 0.26815642500000003 0.7651245546875 0.2625698328125 0.7437722421874999 0.26815642500000003 0.7295373671875 0.2849162015625 0.715302490625 0.31843575468749996 0.715302490625 0.34078212343750003 0.715302490625 0.3631284921875 0.722419928125 0.3743016765625 0.7330960859375 0.37988826875 0.7473309609375 0.3854748609375 0.7722419921875 0.39106145312499996
3 0.28113879062499997 0.5586592171875 0.295373665625 0.5754189937499999 0.316725978125 0.5698324015625 0.320284696875 0.5474860328125 0.3274021359375 0.5139664796875001 0.3416370109375 0.5083798875000001 0.3345195734375 0.48603352031249997 0.309608540625 0.46368715156249996 0.295373665625 0.45810055937499994 0.27402135156249996 0.45810055937499994 0.26690391406249997 0.45251396718750003 0.2633451953125 0.45810055937499994 0.2526690390625 0.5027932953125 0.2633451953125 0.5251396640625 0.28113879062499997 0.5586592171875
3 0.42348754375000003 0.66480446875 0.44128113906250005 0.66480446875 0.45551601406250003 0.6592178765625001 0.46619217031250004 0.6256983234375 0.46619217031250004 0.586592178125 0.44839857656250004 0.5698324015625 0.42348754375000003 0.564245809375 0.39501779375 0.564245809375 0.38790035624999997 0.5810055859375 0.391459075 0.6033519546874999 0.3985765125 0.6256983234375 0.40925266875000005 0.6536312843750001 0.42348754375000003 0.66480446875
3 0.22775800781250002 0 0.1814946625 0.0055865921875 0.19217081875 0.033519553125000004 0.21352313125000003 0.089385475 0.2241992875 0.11173184375 0.24199288281250003 0.11173184375 0.2597864765625 0.06703910625000001 0.26690391406249997 0.0279329609375 0.2704626328125 0 0.22775800781250002 0
3 0.2241992875 0.45810055937499994 0.24199288281250003 0.480446928125 0.25622775781249996 0.48603352031249997 0.2597864765625 0.45810055937499994 0.284697509375 0.45251396718750003 0.302491103125 0.435754190625 0.29893238437499997 0.3743016765625 0.28825622812499996 0.3575419 0.2633451953125 0.346368715625 0.23131672656250002 0.346368715625 0.20996441250000003 0.3519553078125 0.1957295375 0.3743016765625 0.19217081875 0.3966480453125 0.202846975 0.43016759843749997 0.2241992875 0.45810055937499994
3 0.6583629890625 0.145251396875 0.701067615625 0.145251396875 0.722419928125 0.11731843593749999 0.7259786484374999 0.0614525140625 0.718861209375 0 0.6405693953125 0.0055865921875 0.6370106765625 0.0279329609375 0.6370106765625 0.0726256984375 0.6405693953125 0.122905028125 0.6583629890625 0.145251396875
3 0.2704626328125 0 0.2633451953125 0.033519553125000004 0.2633451953125 0.0949720671875 0.27402135156249996 0.1284916203125 0.295373665625 0.15642458125 0.3345195734375 0.15642458125 0.3487544484375 0.1396648046875 0.35587188593749997 0.089385475 0.3594306046875 0.02234636875 0.3594306046875 0 0.28113879062499997 0 0.2704626328125 0
3 0.686832740625 0.6033519546874999 0.704626334375 0.5754189937499999 0.708185053125 0.553072625 0.7117437718749999 0.519553071875 0.704626334375 0.4916201125 0.6761565843749999 0.48603352031249997 0.6512455515625 0.4916201125 0.6263345203124999 0.5083798875000001 0.61921708125 0.5418994406250001 0.6227758 0.5698324015625 0.6405693953125 0.6033519546874999 0.6548042703125 0.62011173125 0.686832740625 0.6033519546874999
3 0.722419928125 0 0.7259786484374999 0.033519553125000004 0.7366548046875 0.0726256984375 0.7473309609375 0.089385475 0.7508896796875 0.100558659375 0.7722419921875 0.11173184375 0.7900355875 0.078212290625 0.80071174375 0.0391061453125 0.80782918125 0.011173184375 0.80782918125 0 0.722419928125 0
3 0.3487544484375 0.631284915625 0.3701067609375 0.6368715078125 0.38790035624999997 0.631284915625 0.39501779375 0.6033519546874999 0.38790035624999997 0.5810055859375 0.391459075 0.5586592171875 0.39501779375 0.5418994406250001 0.3701067609375 0.5251396640625 0.3416370109375 0.5139664796875001 0.3309608546875 0.5139664796875001 0.320284696875 0.53072625625 0.320284696875 0.564245809375 0.3309608546875 0.5921787703125 0.3487544484375 0.631284915625