3 0.4893617015625 0.3971631203125 0.4964539 0.3971631203125 0.5106382984375 0.3971631203125 0.5248226953125 0.3829787234375 0.53191489375 0.3687943265625 0.53191489375 0.3546099296875 0.53191489375 0.34042553125 0.5248226953125 0.3333333328125 0.5106382984375 0.3333333328125 0.4964539 0.34751773125 0.4964539 0.361702128125 0.4893617015625 0.3829787234375 0.4893617015625 0.3971631203125
3 0.4893617015625 0.4893617015625 0.4893617015625 0.5106382984375 0.5035461 0.5106382984375 0.5248226953125 0.5035461 0.53191489375 0.4964539 0.5390070921875 0.48226950312500005 0.5390070921875 0.46808510625000005 0.53191489375 0.4609929078125 0.5248226953125 0.45390070937500004 0.517730496875 0.4468085109375 0.5106382984375 0.45390070937500004 0.5035461 0.4609929078125 0.4893617015625 0.47517730468749997 0.4893617015625 0.4893617015625
3 0.5673758859375 0.5531914890625 0.581560284375 0.5602836875 0.59574468125 0.5531914890625 0.609929078125 0.5390070921875 0.6170212765625 0.5248226953125 0.6170212765625 0.5106382984375 0.609929078125 0.5035461 0.59574468125 0.4893617015625 0.581560284375 0.4893617015625 0.5744680843750001 0.4964539 0.5673758859375 0.5106382984375 0.5673758859375 0.5248226953125 0.5673758859375 0.5531914890625
3 0.6312056734375 0.5744680843750001 0.6453900703125 0.5673758859375 0.65248226875 0.546099290625 0.65957446875 0.53191489375 0.65957446875 0.517730496875 0.6453900703125 0.5106382984375 0.6312056734375 0.5035461 0.6241134749999999 0.517730496875 0.6170212765625 0.5248226953125 0.609929078125 0.5531914890625 0.609929078125 0.5673758859375 0.6312056734375 0.5744680843750001
3 0.5886524828125 0.4468085109375 0.609929078125 0.45390070937500004 0.6312056734375 0.45390070937500004 0.638297871875 0.4397163125 0.65248226875 0.41843971562500004 0.65957446875 0.3971631203125 0.65248226875 0.37588652499999997 0.6453900703125 0.3687943265625 0.6241134749999999 0.361702128125 0.609929078125 0.361702128125 0.5886524828125 0.37588652499999997 0.5744680843750001 0.390070921875 0.5673758859375 0.425531915625 0.5744680843750001 0.4326241140625 0.5886524828125 0.4468085109375
3 0.546099290625 0.41843971562500004 0.5531914890625 0.41843971562500004 0.5673758859375 0.41134751718749996 0.5744680843750001 0.390070921875 0.5886524828125 0.3687943265625 0.581560284375 0.3546099296875 0.5673758859375 0.34751773125 0.546099290625 0.3546099296875 0.53191489375 0.361702128125 0.517730496875 0.390070921875 0.5248226953125 0.41134751718749996 0.546099290625 0.41843971562500004
3 0.7234042546875 0.48226950312500005 0.730496453125 0.4893617015625 0.7446808515625001 0.4964539 0.7517730499999999 0.4964539 0.765957446875 0.4893617015625 0.7730496453125 0.46808510625000005 0.7730496453125 0.45390070937500004 0.7730496453125 0.4326241140625 0.7730496453125 0.41843971562500004 0.7588652484375 0.41843971562500004 0.7517730499999999 0.425531915625 0.737588653125 0.4326241140625 0.7234042546875 0.45390070937500004 0.7234042546875 0.47517730468749997 0.7234042546875 0.48226950312500005
3 0.638297871875 0.4468085109375 0.638297871875 0.45390070937500004 0.6666666671875 0.47517730468749997 0.702127659375 0.48226950312500005 0.7163120562499999 0.48226950312500005 0.7234042546875 0.4609929078125 0.730496453125 0.425531915625 0.730496453125 0.40425531875000004 0.7092198578125 0.390070921875 0.6950354609375 0.3829787234375 0.6808510640625001 0.390070921875 0.65957446875 0.40425531875000004 0.65248226875 0.41843971562500004 0.6453900703125 0.4326241140625 0.638297871875 0.4468085109375
3 0.8085106390625001 0.4964539 0.8226950359374999 0.47517730468749997 0.8297872343750001 0.4468085109375 0.8297872343750001 0.4326241140625 0.8156028375 0.425531915625 0.8014184390624999 0.4326241140625 0.7872340421875 0.4397163125 0.78014184375 0.4468085109375 0.7730496453125 0.45390070937500004 0.765957446875 0.47517730468749997 0.765957446875 0.4893617015625 0.7730496453125 0.4964539 0.78014184375 0.5106382984375 0.7872340421875 0.5106382984375 0.8085106390625001 0.4964539
3 0.53191489375 0.5035461 0.53191489375 0.517730496875 0.5390070921875 0.5248226953125 0.5531914890625 0.5248226953125 0.5673758859375 0.517730496875 0.5744680843750001 0.5035461 0.581560284375 0.4893617015625 0.5673758859375 0.48226950312500005 0.5531914890625 0.47517730468749997 0.546099290625 0.47517730468749997 0.53191489375 0.48226950312500005 0.53191489375 0.4893617015625 0.53191489375 0.5035461
3 0.7092198578125 0.5673758859375 0.702127659375 0.5673758859375 0.702127659375 0.5744680843750001 0.7163120562499999 0.581560284375 0.730496453125 0.5744680843750001 0.737588653125 0.5602836875 0.737588653125 0.546099290625 0.7163120562499999 0.5390070921875 0.7092198578125 0.5390070921875 0.7092198578125 0.546099290625 0.7092198578125 0.5531914890625 0.7092198578125 0.5673758859375
3 0.6666666671875 0.5744680843750001 0.6950354609375 0.5744680843750001 0.7092198578125 0.5602836875 0.7092198578125 0.546099290625 0.702127659375 0.53191489375 0.6808510640625001 0.53191489375 0.6666666671875 0.5248226953125 0.65957446875 0.5390070921875 0.65957446875 0.5531914890625 0.65248226875 0.5602836875 0.6666666671875 0.5744680843750001