3 0.74181818125 0.614130434375 0.7454545453125 0.565217390625 0.74181818125 0.5326086953125 0.7236363640625 0.5163043484375 0.6945454546875001 0.510869565625 0.6727272734375 0.5163043484375 0.6763636359375 0.5434782609375 0.6799999999999999 0.6032608703125 0.6763636359375 0.6304347828125 0.69818181875 0.663043478125 0.72 0.6793478265624999 0.73818181875 0.67391304375 0.74181818125 0.614130434375
3 0.789090909375 0.5163043484375 0.7963636359375 0.461956521875 0.8 0.41847826093749996 0.7927272734375 0.3913043484375 0.7672727265625 0.385869565625 0.73818181875 0.413043478125 0.730909090625 0.440217390625 0.7272727265625 0.48369565156250005 0.7272727265625 0.5163043484375 0.749090909375 0.5543478265624999 0.7636363640625 0.559782609375 0.7854545453124999 0.559782609375 0.789090909375 0.5163043484375
3 0.11636363593750002 0.663043478125 0.1272727265625 0.6793478265624999 0.1563636359375 0.67391304375 0.17090909062499998 0.6413043484375 0.17818181875 0.6032608703125 0.18181818125 0.565217390625 0.18181818125 0.5434782609375 0.1672727265625 0.5434782609375 0.1563636359375 0.5326086953125 0.1454545453125 0.5163043484375 0.13818181875 0.5217391296875 0.130909090625 0.54891304375 0.1236363640625 0.565217390625 0.1127272734375 0.614130434375 0.1127272734375 0.6413043484375 0.11636363593750002 0.663043478125
3 0.5272727265625 0.690217390625 0.5636363640625001 0.6956521734375001 0.5745454546875 0.6684782609375 0.58181818125 0.6086956515625 0.58181818125 0.538043478125 0.5672727265625 0.5326086953125 0.530909090625 0.5163043484375 0.5236363640625 0.4945652171875 0.5163636359375 0.4728260875 0.509090909375 0.46739130468749995 0.5054545453125 0.46739130468749995 0.50181818125 0.489130434375 0.49818181875 0.5326086953125 0.50181818125 0.5978260875 0.5127272734375 0.6521739125 0.5272727265625 0.690217390625
3 0.0872727265625 0.5054347828125 0.090909090625 0.48369565156250005 0.0872727265625 0.4456521734375 0.090909090625 0.413043478125 0.090909090625 0.39673912968749997 0.0763636359375 0.3804347828125 0.05818181875 0.3695652171875 0.054545454687499995 0.39673912968749997 0.054545454687499995 0.4456521734375 0.0654545453125 0.48369565156250005 0.0872727265625 0.5054347828125
3 0.64 0.684782609375 0.6654545453125 0.67391304375 0.6727272734375 0.6304347828125 0.6727272734375 0.5706521734375001 0.6727272734375 0.5217391296875 0.669090909375 0.5054347828125 0.6436363640625 0.489130434375 0.6436363640625 0.5054347828125 0.62181818125 0.5271739125 0.6 0.5326086953125 0.5890909093750001 0.54891304375 0.6 0.6032608703125 0.6036363640625 0.6304347828125 0.629090909375 0.6684782609375 0.64 0.684782609375
3 0.21090909062500002 0.67391304375 0.22909090937499998 0.6521739125 0.24 0.635869565625 0.24727272656250002 0.5978260875 0.250909090625 0.565217390625 0.24727272656250002 0.5434782609375 0.24363636406250003 0.5434782609375 0.2254545453125 0.5543478265624999 0.21818181874999998 0.5543478265624999 0.2072727265625 0.5326086953125 0.2072727265625 0.5271739125 0.2 0.5434782609375 0.1927272734375 0.54891304375 0.18181818125 0.5543478265624999 0.18181818125 0.565217390625 0.18181818125 0.5923913046875 0.17818181875 0.6086956515625 0.17090909062499998 0.635869565625 0.1745454546875 0.6684782609375 0.18181818125 0.684782609375 0.1963636359375 0.690217390625 0.21090909062500002 0.67391304375
3 0.8727272734374999 0.6413043484375 0.8690909093749999 0.5978260875 0.8654545453125 0.565217390625 0.8400000000000001 0.559782609375 0.8145454546875 0.57608695625 0.8 0.57608695625 0.8145454546875 0.6086956515625 0.82181818125 0.6521739125 0.8472727265625 0.684782609375 0.86181818125 0.70108695625 0.8763636359375001 0.690217390625 0.8727272734374999 0.6413043484375
3 0.30181818125 0.663043478125 0.3163636359375 0.6467391296875 0.3236363640625 0.614130434375 0.3236363640625 0.5706521734375001 0.32 0.5434782609375 0.32 0.5326086953125 0.309090909375 0.5326086953125 0.290909090625 0.5271739125 0.27999999999999997 0.5271739125 0.2763636359375 0.5163043484375 0.269090909375 0.5 0.2654545453125 0.5163043484375 0.2545454546875 0.538043478125 0.24727272656250002 0.54891304375 0.24727272656250002 0.5706521734375001 0.24727272656250002 0.6195652171875 0.24727272656250002 0.6304347828125 0.250909090625 0.663043478125 0.2654545453125 0.6793478265624999 0.290909090625 0.6793478265624999 0.30181818125 0.663043478125
3 0.3527272734375 0.4945652171875 0.3745454546875 0.5326086953125 0.41818181875000004 0.5434782609375 0.46181818124999996 0.5434782609375 0.4836363640625 0.5163043484375 0.49090909062500004 0.45108695625 0.49090909062500004 0.385869565625 0.46909090937500003 0.3423913046875 0.4436363640625 0.315217390625 0.4036363640625 0.30434782656250003 0.3672727265625 0.32608695625 0.3527272734375 0.35326087031250003 0.349090909375 0.39673912968749997 0.3454545453125 0.440217390625 0.3527272734375 0.4945652171875
3 0.27999999999999997 0.5271739125 0.3127272734375 0.538043478125 0.349090909375 0.5271739125 0.3563636359375 0.5 0.349090909375 0.45652173906250004 0.349090909375 0.413043478125 0.34181818124999996 0.385869565625 0.3272727265625 0.3586956515625 0.3054545453125 0.3478260875 0.27999999999999997 0.3478260875 0.27272727343750003 0.375 0.269090909375 0.4293478265625 0.2654545453125 0.4782608703125 0.27999999999999997 0.5271739125
3 0.11636363593750002 0.5326086953125 0.1345454546875 0.5326086953125 0.1454545453125 0.510869565625 0.14181818125 0.489130434375 0.14181818125 0.45652173906250004 0.14181818125 0.434782609375 0.14181818125 0.413043478125 0.1272727265625 0.39673912968749997 0.12 0.385869565625 0.10181818125 0.375 0.090909090625 0.375 0.090909090625 0.40760869531250005 0.090909090625 0.461956521875 0.09818181875000001 0.5054347828125 0.11636363593750002 0.5326086953125
3 0.4763636359375 0.67391304375 0.4872727265625 0.6304347828125 0.49090909062500004 0.5978260875 0.4945454546875 0.559782609375 0.49818181875 0.5326086953125 0.4945454546875 0.4945652171875 0.4945454546875 0.4728260875 0.4872727265625 0.4782608703125 0.48 0.5054347828125 0.4727272734375 0.5271739125 0.450909090625 0.538043478125 0.43272727343749995 0.5434782609375 0.41454545468750004 0.54891304375 0.410909090625 0.5815217390625 0.41454545468750004 0.6195652171875 0.4254545453125 0.663043478125 0.450909090625 0.6793478265624999 0.4763636359375 0.67391304375
3 0.57818181875 0.538043478125 0.629090909375 0.5271739125 0.64 0.5054347828125 0.6436363640625 0.45652173906250004 0.6472727265625 0.413043478125 0.64 0.3695652171875 0.629090909375 0.32608695625 0.6036363640625 0.29891304375 0.5709090906250001 0.2934782609375 0.5454545453125 0.309782609375 0.5236363640625 0.32608695625 0.5054545453125 0.39673912968749997 0.509090909375 0.4456521734375 0.5163636359375 0.48369565156250005 0.530909090625 0.5163043484375 0.57818181875 0.538043478125
3 0.0836363640625 0.6195652171875 0.1127272734375 0.614130434375 0.1236363640625 0.559782609375 0.1272727265625 0.54891304375 0.130909090625 0.5326086953125 0.12 0.5271739125 0.0945454546875 0.5054347828125 0.090909090625 0.5 0.0836363640625 0.510869565625 0.0654545453125 0.5434782609375 0.05818181875 0.5706521734375001 0.05818181875 0.6086956515625 0.0836363640625 0.6195652171875
3 0.82181818125 0.663043478125 0.8109090906249999 0.6032608703125 0.8 0.5706521734375001 0.789090909375 0.5543478265624999 0.7636363640625 0.559782609375 0.749090909375 0.5543478265624999 0.74181818125 0.586956521875 0.7454545453125 0.6413043484375 0.7454545453125 0.6576086953125 0.7527272734375 0.6521739125 0.7854545453124999 0.7065217390625 0.8109090906249999 0.7336956515625 0.8254545453125001 0.7228260875 0.82181818125 0.663043478125
3 0.16 0.538043478125 0.18181818125 0.5434782609375 0.1963636359375 0.5434782609375 0.2036363640625 0.5271739125 0.2036363640625 0.489130434375 0.2 0.461956521875 0.1963636359375 0.434782609375 0.1963636359375 0.40760869531250005 0.189090909375 0.3913043484375 0.17090909062499998 0.385869565625 0.1527272734375 0.385869565625 0.14181818125 0.4021739125 0.13818181875 0.4293478265625 0.13818181875 0.4728260875 0.1454545453125 0.510869565625 0.16 0.538043478125
3 0.3672727265625 0.6793478265624999 0.39272727343749997 0.625 0.4 0.6086956515625 0.40727272656249996 0.5923913046875 0.40727272656249996 0.565217390625 0.40727272656249996 0.54891304375 0.4036363640625 0.5434782609375 0.37818181875 0.538043478125 0.3745454546875 0.5326086953125 0.3672727265625 0.510869565625 0.36 0.5 0.3563636359375 0.5054347828125 0.3454545453125 0.5271739125 0.3272727265625 0.5326086953125 0.32 0.538043478125 0.32 0.565217390625 0.3236363640625 0.614130434375 0.3272727265625 0.6521739125 0.33090909062499996 0.684782609375 0.349090909375 0.6956521734375001 0.3672727265625 0.6793478265624999
3 0.90181818125 0.4293478265625 0.9054545453125 0.39673912968749997 0.8800000000000001 0.40760869531250005 0.85818181875 0.440217390625 0.85818181875 0.46739130468749995 0.85818181875 0.510869565625 0.85818181875 0.5543478265624999 0.8727272734374999 0.5543478265624999 0.8836363640625 0.5217391296875 0.8945454546875 0.489130434375 0.90181818125 0.4293478265625
3 0.8545454546875 0.559782609375 0.8545454546875 0.5054347828125 0.85818181875 0.46739130468749995 0.8545454546875 0.413043478125 0.8436363640625 0.39673912968749997 0.82181818125 0.3913043484375 0.8036363640624999 0.42391304375 0.7963636359375 0.4456521734375 0.7927272734375 0.5 0.7927272734375 0.5543478265624999 0.8036363640624999 0.57608695625 0.8145454546875 0.57608695625 0.8363636359375001 0.565217390625 0.8545454546875 0.559782609375
3 0.2145454546875 0.5543478265624999 0.24 0.5543478265624999 0.25818181875 0.5326086953125 0.269090909375 0.5054347828125 0.269090909375 0.4728260875 0.269090909375 0.434782609375 0.269090909375 0.40760869531250005 0.2545454546875 0.375 0.22909090937499998 0.35326087031250003 0.21090909062500002 0.3478260875 0.2 0.3695652171875 0.1963636359375 0.413043478125 0.1963636359375 0.461956521875 0.2036363640625 0.5163043484375 0.2145454546875 0.5543478265624999
3 0.7272727265625 0.48369565156250005 0.730909090625 0.45108695625 0.730909090625 0.39673912968749997 0.7272727265625 0.364130434375 0.7163636359375001 0.3315217390625 0.70181818125 0.315217390625 0.669090909375 0.32608695625 0.6581818187499999 0.3586956515625 0.650909090625 0.3913043484375 0.6436363640625 0.42391304375 0.6436363640625 0.48369565156250005 0.6618181812499999 0.5 0.6945454546875001 0.510869565625 0.7236363640625 0.510869565625 0.7272727265625 0.48369565156250005