3 0.25818181875 0.44808743125 0.25818181875 0.464480875 0.2763636359375 0.47540983593749997 0.30181818125 0.47540983593749997 0.3163636359375 0.4699453546875 0.3236363640625 0.45355191250000004 0.3236363640625 0.42076502656250003 0.32 0.3825136609375 0.309090909375 0.35519125625000003 0.29818181875 0.3333333328125 0.2872727265625 0.31147540937499996 0.2763636359375 0.3005464484375 0.2654545453125 0.2950819671875 0.25818181875 0.3005464484375 0.2545454546875 0.322404371875 0.2545454546875 0.36612021875 0.2545454546875 0.40983606562499997 0.25818181875 0.44808743125
3 0.21090909062500002 0.497267759375 0.22909090937499998 0.5191256828124999 0.24727272656250002 0.5136612015625001 0.25818181875 0.497267759375 0.26181818125 0.4699453546875 0.25818181875 0.44808743125 0.2545454546875 0.42076502656250003 0.250909090625 0.398907103125 0.24363636406250003 0.38797814218750004 0.22181818125000002 0.3770491796875 0.2145454546875 0.3715847 0.2036363640625 0.36612021875 0.2036363640625 0.3934426234375 0.2036363640625 0.4316939890625 0.2036363640625 0.4699453546875 0.21090909062500002 0.497267759375
3 0.46181818124999996 0.5683060109375 0.4654545453125 0.5573770484375 0.46909090937500003 0.5300546453125 0.46909090937500003 0.5191256828124999 0.450909090625 0.5191256828124999 0.4254545453125 0.508196721875 0.410909090625 0.497267759375 0.40727272656249996 0.48633879843749994 0.4 0.508196721875 0.39272727343749997 0.5300546453125 0.39272727343749997 0.5464480875 0.4 0.5628415296875 0.42181818125000003 0.5737704921875 0.43636363593749994 0.5683060109375 0.46181818124999996 0.5683060109375
3 0.6654545453125 0.535519125 0.6618181812499999 0.497267759375 0.6545454546875 0.4808743171875 0.650909090625 0.464480875 0.650909090625 0.45901639375 0.6472727265625 0.4699453546875 0.64 0.491803278125 0.629090909375 0.5136612015625001 0.610909090625 0.5191256828124999 0.6036363640625 0.5245901640625 0.6072727265625 0.5519125687499999 0.61818181875 0.5683060109375 0.6472727265625 0.5737704921875 0.6581818187499999 0.5628415296875 0.6654545453125 0.535519125
3 0.7345454546875 0.40437158437500004 0.7345454546875 0.4316939890625 0.7345454546875 0.45355191250000004 0.7563636359375 0.4699453546875 0.77818181875 0.4808743171875 0.7927272734375 0.48633879843749994 0.8072727265624999 0.4808743171875 0.81818181875 0.44808743125 0.81818181875 0.398907103125 0.82181818125 0.3497267765625 0.81818181875 0.31147540937499996 0.8145454546875 0.278688525 0.8036363640624999 0.2677595625 0.7927272734375 0.2677595625 0.77818181875 0.2841530046875 0.770909090625 0.316939890625 0.7563636359375 0.3387978140625 0.74181818125 0.35519125625000003 0.73818181875 0.3715847 0.7345454546875 0.40437158437500004
3 0.5345454546874999 0.491803278125 0.5454545453125 0.5136612015625001 0.5854545453125 0.5191256828124999 0.6254545453125 0.5136612015625001 0.6436363640625 0.48633879843749994 0.650909090625 0.398907103125 0.6472727265625 0.35519125625000003 0.6436363640625 0.31147540937499996 0.6327272734375 0.2950819671875 0.6036363640625 0.2841530046875 0.5745454546875 0.2896174859375 0.5527272734374999 0.322404371875 0.54181818125 0.35519125625000003 0.53818181875 0.3934426234375 0.5345454546874999 0.44808743125 0.5345454546874999 0.491803278125
3 0.52 0.584699453125 0.530909090625 0.5628415296875 0.5345454546874999 0.5300546453125 0.5345454546874999 0.502732240625 0.5345454546874999 0.497267759375 0.5163636359375 0.508196721875 0.50181818125 0.5136612015625001 0.4763636359375 0.5136612015625001 0.46909090937500003 0.5245901640625 0.4727272734375 0.5464480875 0.4763636359375 0.5792349734375 0.49818181875 0.601092896875 0.52 0.584699453125
3 0.8109090906249999 0.6065573765625001 0.81818181875 0.601092896875 0.82181818125 0.5683060109375 0.81818181875 0.5300546453125 0.8109090906249999 0.502732240625 0.8036363640624999 0.491803278125 0.7927272734375 0.48633879843749994 0.7745454546875 0.4808743171875 0.7563636359375 0.4699453546875 0.749090909375 0.47540983593749997 0.7454545453125 0.491803278125 0.749090909375 0.5136612015625001 0.7527272734375 0.535519125 0.7563636359375 0.54098360625 0.770909090625 0.5573770484375 0.789090909375 0.5792349734375 0.8036363640624999 0.601092896875 0.8109090906249999 0.6065573765625001
3 0.41454545468750004 0.415300546875 0.410909090625 0.45901639375 0.41454545468750004 0.48633879843749994 0.42181818125000003 0.502732240625 0.4472727265625 0.5191256828124999 0.4727272734375 0.5191256828124999 0.49818181875 0.5136612015625001 0.5236363640625 0.508196721875 0.5345454546874999 0.497267759375 0.530909090625 0.45355191250000004 0.5345454546874999 0.40437158437500004 0.53818181875 0.3770491796875 0.5345454546874999 0.3497267765625 0.5163636359375 0.316939890625 0.50181818125 0.3060109296875 0.48 0.3005464484375 0.4654545453125 0.3005464484375 0.450909090625 0.3060109296875 0.43636363593749994 0.322404371875 0.42181818125000003 0.3387978140625 0.41454545468750004 0.3715847 0.41454545468750004 0.415300546875
3 0.8145454546875 0.45355191250000004 0.8109090906249999 0.47540983593749997 0.8145454546875 0.491803278125 0.8290909093750001 0.5136612015625001 0.8400000000000001 0.5191256828124999 0.850909090625 0.5136612015625001 0.8545454546875 0.48633879843749994 0.8654545453125 0.4426229515625 0.8654545453125 0.40437158437500004 0.86181818125 0.36612021875 0.85818181875 0.34426229531249997 0.8436363640625 0.3497267765625 0.8363636359375001 0.35519125625000003 0.8254545453125001 0.3715847 0.82181818125 0.3825136609375 0.81818181875 0.40983606562499997 0.8145454546875 0.45355191250000004
3 0.2763636359375 0.6120218578125 0.29454545468750004 0.584699453125 0.309090909375 0.5519125687499999 0.3127272734375 0.502732240625 0.309090909375 0.47540983593749997 0.29818181875 0.47540983593749997 0.2763636359375 0.47540983593749997 0.2654545453125 0.4699453546875 0.26181818125 0.4808743171875 0.25818181875 0.497267759375 0.24727272656250002 0.508196721875 0.24363636406250003 0.5245901640625 0.24363636406250003 0.5573770484375 0.24727272656250002 0.584699453125 0.2545454546875 0.6120218578125 0.2763636359375 0.6120218578125
3 0.1527272734375 0.5300546453125 0.1672727265625 0.5300546453125 0.17818181875 0.5245901640625 0.1927272734375 0.5136612015625001 0.2036363640625 0.502732240625 0.2036363640625 0.4808743171875 0.2036363640625 0.45355191250000004 0.189090909375 0.44808743125 0.1672727265625 0.43715847031250005 0.149090909375 0.42076502656250003 0.1454545453125 0.415300546875 0.1454545453125 0.44808743125 0.14181818125 0.48633879843749994 0.14181818125 0.5136612015625001 0.1527272734375 0.5300546453125
3 0.7127272734375001 0.5737704921875 0.7345454546875 0.590163934375 0.7527272734375 0.5683060109375 0.7527272734375 0.535519125 0.749090909375 0.491803278125 0.74181818125 0.47540983593749997 0.730909090625 0.464480875 0.72 0.4808743171875 0.69818181875 0.48633879843749994 0.6836363640625 0.48633879843749994 0.6618181812499999 0.4808743171875 0.6545454546875 0.4808743171875 0.6581818187499999 0.491803278125 0.6654545453125 0.5136612015625001 0.6654545453125 0.5300546453125 0.6727272734375 0.5300546453125 0.690909090625 0.535519125 0.6945454546875001 0.5519125687499999 0.7127272734375001 0.5737704921875
3 0.3272727265625 0.45355191250000004 0.34181818124999996 0.48633879843749994 0.3636363640625 0.491803278125 0.3854545453125 0.491803278125 0.40727272656249996 0.48633879843749994 0.41454545468750004 0.4426229515625 0.41454545468750004 0.42076502656250003 0.41454545468750004 0.3825136609375 0.41454545468750004 0.35519125625000003 0.4 0.3333333328125 0.37818181875 0.322404371875 0.36 0.3060109296875 0.3563636359375 0.3060109296875 0.349090909375 0.32786885312499997 0.33818181875 0.3606557375 0.33090909062499996 0.38797814218750004 0.3272727265625 0.4316939890625 0.3272727265625 0.45355191250000004
3 0.650909090625 0.42622950781249996 0.650909090625 0.45355191250000004 0.6545454546875 0.4808743171875 0.669090909375 0.48633879843749994 0.70181818125 0.48633879843749994 0.72 0.48633879843749994 0.730909090625 0.4699453546875 0.7345454546875 0.4316939890625 0.7345454546875 0.3825136609375 0.7345454546875 0.3606557375 0.7272727265625 0.3333333328125 0.72 0.31147540937499996 0.709090909375 0.3005464484375 0.690909090625 0.3005464484375 0.6836363640625 0.322404371875 0.669090909375 0.3387978140625 0.6618181812499999 0.3606557375 0.6545454546875 0.3825136609375 0.650909090625 0.40437158437500004 0.650909090625 0.42622950781249996
3 0.5599999999999999 0.6229508203125 0.58181818125 0.6229508203125 0.5963636359375 0.590163934375 0.6072727265625 0.5519125687499999 0.6072727265625 0.5245901640625 0.5963636359375 0.5191256828124999 0.5599999999999999 0.5136612015625001 0.549090909375 0.5136612015625001 0.53818181875 0.502732240625 0.5345454546874999 0.502732240625 0.5345454546874999 0.5245901640625 0.53818181875 0.5683060109375 0.5454545453125 0.601092896875 0.5599999999999999 0.6229508203125
3 0.3236363640625 0.6174863390625001 0.33818181875 0.6120218578125 0.3527272734375 0.6065573765625001 0.3672727265625 0.584699453125 0.389090909375 0.5573770484375 0.3963636359375 0.5300546453125 0.4036363640625 0.508196721875 0.40727272656249996 0.491803278125 0.4 0.48633879843749994 0.37818181875 0.48633879843749994 0.3527272734375 0.48633879843749994 0.34181818124999996 0.48633879843749994 0.3345454546875 0.47540983593749997 0.33090909062499996 0.464480875 0.32 0.45901639375 0.3127272734375 0.4699453546875 0.309090909375 0.4808743171875 0.3163636359375 0.502732240625 0.3127272734375 0.5245901640625 0.3127272734375 0.5464480875 0.3127272734375 0.5519125687499999 0.3127272734375 0.5737704921875 0.3127272734375 0.601092896875 0.3163636359375 0.6174863390625001 0.3236363640625 0.6174863390625001