3 0.12711864374999998 0.5126582281250001 0.148305084375 0.5126582281250001 0.16525423749999998 0.49367088593749997 0.169491525 0.4493670890625 0.169491525 0.40506329062499996 0.169491525 0.3670886078125 0.1525423734375 0.348101265625 0.1398305078125 0.33544303750000004 0.11864406718750001 0.36075949375 0.11016949218750001 0.3924050640625 0.105932203125 0.46835442968749996 0.11016949218750001 0.49367088593749997 0.12711864374999998 0.5126582281250001
3 0.919491525 0.46835442968749996 0.919491525 0.4367088609375 0.9237288140625 0.3924050640625 0.9237288140625 0.36075949375 0.9152542374999999 0.3291139234375 0.9025423734375 0.31645569687499997 0.894067796875 0.31645569687499997 0.8855932203125001 0.34177215156249996 0.87288135625 0.373417721875 0.8686440671875 0.3924050640625 0.87288135625 0.4240506328125 0.87288135625 0.45569620312500003 0.87711864375 0.46202531718750006 0.8898305078125001 0.487341771875 0.898305084375 0.49367088593749997 0.9110169484374999 0.49367088593749997 0.919491525 0.46835442968749996
3 0.1991525421875 0.6898734171875 0.21186440625 0.6455696203125 0.22033898281250003 0.594936709375 0.224576271875 0.5506329109375 0.22033898281250003 0.5189873421875 0.20338983124999999 0.5126582281250001 0.17372881406250001 0.5126582281250001 0.16525423749999998 0.5063291140625 0.1610169484375 0.5316455703125 0.1567796609375 0.5632911390625 0.144067796875 0.6012658234375 0.148305084375 0.6329113921875 0.1610169484375 0.6708860765625 0.17372881406250001 0.6898734171875 0.1991525421875 0.6898734171875
3 0.5381355937500001 0.5063291140625 0.5847457625 0.5189873421875 0.62288135625 0.5126582281250001 0.6652542375 0.48101265781249997 0.6652542375 0.4493670890625 0.6610169484374999 0.38607595 0.6525423734375 0.3544303796875 0.62711864375 0.3101265828125 0.5974576265625 0.291139240625 0.5677966109375 0.2974683546875 0.5381355937500001 0.33544303750000004 0.5296610171875 0.38607595 0.521186440625 0.430379746875 0.525423728125 0.47468354375 0.5381355937500001 0.5063291140625
3 0.644067796875 0.6835443031249999 0.6567796609375 0.708860759375 0.6779661015625 0.708860759375 0.6949152546875 0.69620253125 0.70338983125 0.6708860765625 0.70338983125 0.63924050625 0.7118644062499999 0.6012658234375 0.724576271875 0.569620253125 0.724576271875 0.5379746828124999 0.70762711875 0.5126582281250001 0.686440678125 0.49367088593749997 0.6567796609375 0.49367088593749997 0.6398305078125001 0.5063291140625 0.62711864375 0.5189873421875 0.62288135625 0.544303796875 0.62711864375 0.6202531640625 0.6355932203125 0.651898734375 0.644067796875 0.6835443031249999
3 0.266949153125 0.69620253125 0.2838983046875 0.6645569625000001 0.309322034375 0.6329113921875 0.3177966109375 0.5886075953125001 0.30508474531249996 0.544303796875 0.27966101718749997 0.5189873421875 0.2415254234375 0.5063291140625 0.224576271875 0.5316455703125 0.22033898281250003 0.556962025 0.224576271875 0.6012658234375 0.23305084687500002 0.651898734375 0.2372881359375 0.6898734171875 0.25 0.708860759375 0.266949153125 0.69620253125
3 0.6949152546875 0.5 0.7203389828125 0.5063291140625 0.7415254234375 0.5063291140625 0.7584745765625 0.5126582281250001 0.7796610171875 0.5 0.7838983046875 0.44303797500000003 0.775423728125 0.40506329062499996 0.771186440625 0.373417721875 0.7627118640624999 0.348101265625 0.7542372875 0.322784809375 0.7415254234375 0.3101265828125 0.724576271875 0.291139240625 0.70762711875 0.291139240625 0.686440678125 0.3101265828125 0.6779661015625 0.348101265625 0.6779661015625 0.37974683593749997 0.6737288140625 0.3987341765625 0.669491525 0.4367088609375 0.6822033890625 0.48101265781249997 0.6949152546875 0.5
3 0.3432203390625 0.7151898734375 0.37288135625 0.7215189875 0.398305084375 0.6835443031249999 0.4110169484375 0.63924050625 0.41949152500000003 0.58227848125 0.41949152500000003 0.5506329109375 0.4110169484375 0.5189873421875 0.3686440671875 0.5063291140625 0.3347457625 0.5126582281250001 0.3177966109375 0.544303796875 0.313559321875 0.5759493671875 0.3177966109375 0.6139240499999999 0.313559321875 0.626582278125 0.3177966109375 0.6582278484375 0.3262711859375 0.6898734171875 0.3432203390625 0.7151898734375
3 0.47033898281250003 0.7278481015625 0.49576271250000004 0.708860759375 0.516949153125 0.6582278484375 0.5127118640624999 0.6012658234375 0.516949153125 0.556962025 0.516949153125 0.52531645625 0.5127118640624999 0.5189873421875 0.47033898281250003 0.5189873421875 0.4322033890625 0.5189873421875 0.4322033890625 0.52531645625 0.4237288140625 0.569620253125 0.4237288140625 0.6075949359374999 0.4322033890625 0.6645569625000001 0.44067796562500006 0.7025316453125 0.47033898281250003 0.7278481015625
3 0.271186440625 0.5 0.29237288125 0.5126582281250001 0.30508474531249996 0.5126582281250001 0.3262711859375 0.5126582281250001 0.3474576265625 0.487341771875 0.3601694921875 0.46835442968749996 0.3644067796875 0.4240506328125 0.3601694921875 0.37974683593749997 0.3474576265625 0.348101265625 0.33050847499999997 0.322784809375 0.313559321875 0.3101265828125 0.28813559375 0.33544303750000004 0.275423728125 0.36075949375 0.2627118640625 0.41772151874999996 0.2584745765625 0.4493670890625 0.271186440625 0.5
3 0.8135593218749999 0.6202531640625 0.8347457625000001 0.6455696203125 0.8432203390625 0.6582278484375 0.855932203125 0.6645569625000001 0.8686440671875 0.6329113921875 0.87711864375 0.6075949359374999 0.8813559328125 0.569620253125 0.87711864375 0.5189873421875 0.87711864375 0.49367088593749997 0.87711864375 0.48101265781249997 0.8644067796874999 0.49367088593749997 0.8474576265625 0.5126582281250001 0.8389830515625001 0.5189873421875 0.8262711859375 0.5063291140625 0.8177966109374999 0.5189873421875 0.8177966109374999 0.544303796875 0.8177966109374999 0.569620253125 0.8135593218749999 0.594936709375 0.8135593218749999 0.6202531640625
3 0.5381355937500001 0.69620253125 0.5508474578125 0.7151898734375 0.5720338984375 0.7151898734375 0.601694915625 0.6582278484375 0.605932203125 0.6202531640625 0.6144067796875 0.58227848125 0.6186440671875 0.544303796875 0.6144067796875 0.52531645625 0.5932203390625 0.5126582281250001 0.5508474578125 0.5126582281250001 0.5338983046875 0.5126582281250001 0.525423728125 0.5316455703125 0.521186440625 0.556962025 0.521186440625 0.6139240499999999 0.521186440625 0.651898734375 0.5381355937500001 0.69620253125
3 0.37288135625 0.46835442968749996 0.398305084375 0.5 0.4322033890625 0.5126582281250001 0.45762711874999995 0.52531645625 0.483050846875 0.5316455703125 0.5042372875 0.5189873421875 0.5127118640624999 0.487341771875 0.5127118640624999 0.44303797500000003 0.5084745765625 0.38607595 0.49576271250000004 0.3291139234375 0.478813559375 0.291139240625 0.45762711874999995 0.2848101265625 0.40677966093749995 0.2974683546875 0.3898305078125 0.34177215156249996 0.37711864375 0.40506329062499996 0.37288135625 0.4367088609375 0.37288135625 0.46835442968749996
3 0.7372881359375001 0.63924050625 0.7542372875 0.677215190625 0.771186440625 0.708860759375 0.7838983046875 0.708860759375 0.7881355937500001 0.7025316453125 0.79661016875 0.6582278484375 0.8093220343749999 0.6075949359374999 0.8177966109374999 0.5506329109375 0.8135593218749999 0.5063291140625 0.8050847453125 0.487341771875 0.771186440625 0.5 0.7584745765625 0.5126582281250001 0.7372881359375001 0.5126582281250001 0.733050846875 0.5189873421875 0.724576271875 0.544303796875 0.724576271875 0.5759493671875 0.728813559375 0.6139240499999999 0.7372881359375001 0.63924050625
3 0.17796610156249998 0.5126582281250001 0.20338983124999999 0.5189873421875 0.22881355937499998 0.5 0.25423728749999996 0.47468354375 0.2584745765625 0.4240506328125 0.2584745765625 0.37974683593749997 0.25 0.34177215156249996 0.2372881359375 0.3101265828125 0.21610169531249998 0.30379746875 0.1822033890625 0.3291139234375 0.169491525 0.373417721875 0.16525423749999998 0.430379746875 0.169491525 0.47468354375 0.17796610156249998 0.5126582281250001
3 0.8432203390625 0.5189873421875 0.8601694921874999 0.5 0.87288135625 0.46835442968749996 0.87288135625 0.4367088609375 0.8686440671875 0.3924050640625 0.8644067796874999 0.36075949375 0.8601694921874999 0.33544303750000004 0.8432203390625 0.3101265828125 0.830508475 0.30379746875 0.8135593218749999 0.3101265828125 0.8008474578125 0.34177215156249996 0.7838983046875 0.3670886078125 0.771186440625 0.40506329062499996 0.7796610171875 0.41772151874999996 0.7796610171875 0.4367088609375 0.7881355937500001 0.46202531718750006 0.79237288125 0.47468354375 0.8050847453125 0.49367088593749997 0.830508475 0.5126582281250001 0.8432203390625 0.5189873421875
3 0.1398305078125 0.6139240499999999 0.1525423734375 0.5759493671875 0.1610169484375 0.52531645625 0.1567796609375 0.5063291140625 0.12711864374999998 0.5189873421875 0.11440677968749999 0.5316455703125 0.105932203125 0.5759493671875 0.10169491562499999 0.6139240499999999 0.11864406718750001 0.626582278125 0.1398305078125 0.6139240499999999