3 0.7142857140625 0.778350515625 0.7335907328125 0.7731958765625 0.7374517375 0.7628865984375001 0.7297297296874999 0.7474226796875 0.7142857140625 0.7319587624999999 0.6949806953125 0.7371134015624999 0.6833976828125 0.742268040625 0.671814671875 0.7525773203125 0.675675675 0.7628865984375001 0.6795366796875 0.7886597937500001 0.6949806953125 0.7886597937500001 0.7142857140625 0.778350515625
3 0.5868725875 0.8144329890625001 0.6023166015625 0.8144329890625001 0.6177606171875001 0.8144329890625001 0.6177606171875001 0.798969071875 0.6216216218749999 0.778350515625 0.6177606171875001 0.757731959375 0.60617760625 0.7474226796875 0.590733590625 0.742268040625 0.559845559375 0.7474226796875 0.55598455625 0.757731959375 0.55598455625 0.7835051546875 0.55598455625 0.8041237109375 0.5637065640625 0.8144329890625001 0.5868725875 0.8144329890625001
3 0.7335907328125 0.7525773203125 0.741312740625 0.757731959375 0.752895753125 0.7474226796875 0.76833976875 0.7268041234375 0.7722007718749999 0.7061855671874999 0.7644787640625 0.701030928125 0.7490347484375001 0.701030928125 0.7258687265625 0.6958762890625 0.70656370625 0.7061855671874999 0.702702703125 0.7164948453125 0.702702703125 0.7319587624999999 0.7104247109374999 0.7319587624999999 0.7220077218750001 0.7371134015624999 0.7335907328125 0.7525773203125
3 0.65637065625 0.8041237109375 0.671814671875 0.7938144328125001 0.675675675 0.7835051546875 0.671814671875 0.757731959375 0.6640926640625 0.7474226796875 0.65637065625 0.7371134015624999 0.640926640625 0.7474226796875 0.6332046328125001 0.757731959375 0.625482625 0.7731958765625 0.6216216218749999 0.7938144328125001 0.6293436296875 0.8092783499999999 0.65637065625 0.8041237109375
3 0.3166023171875 0.8041237109375 0.32432432499999997 0.7886597937500001 0.33204633281249996 0.7731958765625 0.3359073359375 0.7680412375000001 0.33976833906250004 0.7525773203125 0.33976833906250004 0.7474226796875 0.3359073359375 0.7371134015624999 0.3127413125 0.7371134015624999 0.29343629375 0.742268040625 0.28957528906249996 0.7474226796875 0.28185328125 0.757731959375 0.28185328125 0.778350515625 0.297297296875 0.7938144328125001 0.3166023171875 0.8041237109375
3 0.277992278125 0.7628865984375001 0.277992278125 0.7680412375000001 0.28185328125 0.7731958765625 0.28185328125 0.757731959375 0.28571428593750003 0.7525773203125 0.297297296875 0.7474226796875 0.3127413125 0.742268040625 0.328185328125 0.7371134015624999 0.3359073359375 0.721649484375 0.33204633281249996 0.7164948453125 0.33204633281249996 0.7061855671874999 0.308880309375 0.701030928125 0.28571428593750003 0.701030928125 0.2741312734375 0.6958762890625 0.25482625468750003 0.701030928125 0.2509652515625 0.7164948453125 0.25482625468750003 0.7474226796875 0.2664092671875 0.757731959375 0.277992278125 0.7628865984375001
3 0.7722007718749999 0.701030928125 0.7722007718749999 0.6958762890625 0.783783784375 0.67525773125 0.7915057921875001 0.6597938140624999 0.7799227796875 0.6597938140624999 0.7606177609375 0.6597938140624999 0.741312740625 0.664948453125 0.7374517375 0.6701030921875 0.7297297296874999 0.69072165 0.7335907328125 0.6958762890625 0.741312740625 0.6958762890625 0.7567567562499999 0.6958762890625 0.7722007718749999 0.701030928125
3 0.44015444062500003 0.7886597937500001 0.44401544375 0.8092783499999999 0.459459459375 0.819587628125 0.47490347499999996 0.82474226875 0.48648648593750005 0.819587628125 0.49420849375 0.8144329890625001 0.49420849375 0.798969071875 0.49420849375 0.7835051546875 0.49420849375 0.7680412375000001 0.49420849375 0.757731959375 0.478764478125 0.7525773203125 0.45559845625 0.7525773203125 0.44401544375 0.757731959375 0.44015444062500003 0.757731959375 0.43629343593750003 0.7680412375000001 0.44015444062500003 0.7886597937500001
3 0.33204633281249996 0.819587628125 0.3552123546875 0.819587628125 0.3706563703125 0.819587628125 0.38223938281250003 0.8144329890625001 0.37837837812499997 0.798969071875 0.37451737500000004 0.7835051546875 0.3706563703125 0.7680412375000001 0.3706563703125 0.757731959375 0.3629343625 0.742268040625 0.3552123546875 0.742268040625 0.34362934375 0.7474226796875 0.3359073359375 0.7628865984375001 0.3204633203125 0.7938144328125001 0.3204633203125 0.8092783499999999 0.33204633281249996 0.819587628125
3 0.48648648593750005 0.21134020625 0.49420849375 0.2061855671875 0.4980694984375 0.17525773125 0.49034749062499994 0.154639175 0.4826254828125 0.1494845359375 0.46718146718750003 0.144329896875 0.44787644843749996 0.144329896875 0.4324324328125 0.1494845359375 0.4131274125 0.15979381406249998 0.4131274125 0.1701030921875 0.409266409375 0.19587628906250001 0.409266409375 0.21649484531250002 0.44015444062500003 0.21649484531250002 0.48648648593750005 0.21134020625
3 0.37837837812499997 0.819587628125 0.39382239375 0.819587628125 0.4169884171875 0.82474226875 0.43629343593750003 0.819587628125 0.43629343593750003 0.8092783499999999 0.43629343593750003 0.7938144328125001 0.4324324328125 0.778350515625 0.43629343593750003 0.7680412375000001 0.43629343593750003 0.7628865984375001 0.428571428125 0.7525773203125 0.409266409375 0.7525773203125 0.38223938281250003 0.7525773203125 0.38223938281250003 0.757731959375 0.3706563703125 0.7731958765625 0.37837837812499997 0.7938144328125001 0.37837837812499997 0.8041237109375 0.37837837812499997 0.819587628125
3 0.5289575296875 0.819587628125 0.54440154375 0.819587628125 0.5521235515625 0.8092783499999999 0.5521235515625 0.7886597937500001 0.5521235515625 0.7680412375000001 0.54440154375 0.7525773203125 0.525096525 0.7525773203125 0.5096525093750001 0.7525773203125 0.4980694984375 0.7628865984375001 0.4980694984375 0.7835051546875 0.5019305015625 0.8092783499999999 0.50579150625 0.8144329890625001 0.5289575296875 0.819587628125
3 0.5289575296875 0.21649484531250002 0.55598455625 0.21649484531250002 0.5714285718750001 0.21134020625 0.5830115828125 0.21134020625 0.5830115828125 0.180412371875 0.5714285718750001 0.164948453125 0.55598455625 0.154639175 0.5328185328124999 0.1494845359375 0.5135135140625 0.154639175 0.50579150625 0.164948453125 0.4980694984375 0.180412371875 0.4980694984375 0.201030928125 0.5019305015625 0.2061855671875 0.5289575296875 0.21649484531250002