3 0.2354570640625 0.51 0.24653739687499998 0.54 0.2770083109375 0.5549999999999999 0.299168975 0.5349999999999999 0.32963988906249997 0.51 0.3434903046875 0.49000000000000005 0.3545706375 0.465 0.3518005546875 0.41500000000000004 0.3490304703125 0.38 0.32686980625 0.35 0.293628809375 0.32999999999999996 0.2770083109375 0.335 0.257617728125 0.34500000000000003 0.24930747968750003 0.375 0.2354570640625 0.44000000000000006 0.2354570640625 0.48 0.2354570640625 0.51
3 0.21606648125 0.8400000000000001 0.25484764531250004 0.8099999999999999 0.2770083109375 0.7849999999999999 0.290858725 0.745 0.293628809375 0.7 0.2880886421875 0.6599999999999999 0.285318559375 0.625 0.2770083109375 0.615 0.2603878109375 0.61 0.24099722968749998 0.64 0.22437673125000002 0.665 0.210526315625 0.6849999999999999 0.1966759 0.72 0.1939058171875 0.75 0.191135734375 0.8099999999999999 0.191135734375 0.845 0.21606648125 0.8400000000000001
3 0.8504155125 0.805 0.8642659281249999 0.825 0.883656509375 0.8150000000000001 0.8947368421874999 0.77 0.9002770078125 0.725 0.9030470921875 0.6799999999999999 0.8975069250000001 0.635 0.883656509375 0.6 0.8614958453125 0.595 0.8421052625 0.63 0.8337950140625001 0.655 0.8254847640625 0.67 0.8227146812499999 0.6900000000000001 0.8227146812499999 0.73 0.836565096875 0.7849999999999999 0.8504155125 0.805
3 0.5096952906250001 0.465 0.5401662046875 0.49000000000000005 0.584487534375 0.49000000000000005 0.6204986156250001 0.495 0.6509695296875 0.49000000000000005 0.6592797781249999 0.44000000000000006 0.6537396125 0.395 0.6454293625 0.34500000000000003 0.6288088640625 0.315 0.6149584484374999 0.27999999999999997 0.5955678671875 0.24500000000000002 0.5623268703125001 0.23500000000000001 0.5429362875 0.24 0.5207756234375001 0.27999999999999997 0.5152354578125 0.305 0.5069252078125001 0.335 0.4986149578125 0.38 0.504155125 0.43499999999999994 0.5096952906250001 0.465
3 0.3490304703125 0.775 0.38227146875 0.745 0.396121884375 0.705 0.39889196718750003 0.655 0.39889196718750003 0.6 0.39889196718750003 0.58 0.387811634375 0.5650000000000001 0.3434903046875 0.5650000000000001 0.31855955625 0.58 0.2963988921875 0.6 0.2880886421875 0.635 0.2880886421875 0.6599999999999999 0.290858725 0.72 0.299168975 0.75 0.304709140625 0.765 0.321329640625 0.7849999999999999 0.3490304703125 0.775
3 0.7479224375 0.77 0.7645429359375 0.8 0.7867036015625 0.825 0.7922437671875 0.8300000000000001 0.8005540171875 0.79 0.79501385 0.735 0.7867036015625 0.6900000000000001 0.77562326875 0.6599999999999999 0.7506925203125 0.63 0.7285318562499999 0.62 0.7174515234375 0.635 0.7174515234375 0.67 0.7174515234375 0.7150000000000001 0.7257617734374999 0.74 0.7479224375 0.77
3 0.11080332343749999 0.89 0.1385041546875 0.8949999999999999 0.163434903125 0.885 0.18282548437499999 0.865 0.191135734375 0.835 0.1883656515625 0.8 0.1883656515625 0.78 0.1800554015625 0.765 0.1662049859375 0.755 0.1412742375 0.775 0.13019390625 0.8 0.1135734078125 0.8400000000000001 0.1052631578125 0.8699999999999999 0.11080332343749999 0.89
3 0.06648199375 0.8300000000000001 0.080332409375 0.8400000000000001 0.1052631578125 0.8300000000000001 0.12188365625 0.8 0.1329639890625 0.775 0.1468144046875 0.74 0.1495844875 0.7 0.144044321875 0.6599999999999999 0.1385041546875 0.625 0.12188365625 0.6 0.09141274218749999 0.585 0.07479224375 0.585 0.06648199375 0.6 0.0581717453125 0.645 0.0526315796875 0.705 0.055401662500000004 0.77 0.06648199375 0.8300000000000001
3 0.6454293625 0.73 0.6648199453125 0.755 0.6897506921875001 0.765 0.7119113578125 0.775 0.7146814406249999 0.73 0.72022160625 0.6849999999999999 0.7146814406249999 0.645 0.686980609375 0.585 0.6620498609375 0.575 0.6288088640625 0.5700000000000001 0.6177285312499999 0.5700000000000001 0.6149584484374999 0.595 0.612188365625 0.645 0.6177285312499999 0.6900000000000001 0.6454293625 0.73
3 0.4736842109375 0.725 0.490304709375 0.6799999999999999 0.5013850421875 0.635 0.5096952906250001 0.5900000000000001 0.5096952906250001 0.5650000000000001 0.4986149578125 0.55 0.4570637125 0.54 0.42936288125 0.545 0.40166205 0.5650000000000001 0.39889196718750003 0.605 0.39889196718750003 0.64 0.39889196718750003 0.6599999999999999 0.4044321328125 0.7 0.4182825484375 0.725 0.45152354531250005 0.75 0.4736842109375 0.725
3 0.360110803125 0.47000000000000003 0.368421053125 0.49000000000000005 0.396121884375 0.49000000000000005 0.44875346250000003 0.485 0.470914128125 0.48 0.4986149578125 0.47000000000000003 0.504155125 0.45499999999999996 0.5013850421875 0.41 0.4986149578125 0.375 0.49307479218749994 0.32999999999999996 0.4847645421875 0.3 0.470914128125 0.26 0.44875346250000003 0.24500000000000002 0.42105263125 0.24 0.39889196718750003 0.255 0.37396121875 0.28500000000000003 0.3628808859375 0.32 0.35734072031249997 0.365 0.3518005546875 0.43499999999999994 0.360110803125 0.47000000000000003
3 0.1412742375 0.635 0.1468144046875 0.67 0.1745152359375 0.6799999999999999 0.1939058171875 0.655 0.21883656562499998 0.615 0.238227146875 0.58 0.238227146875 0.53 0.238227146875 0.485 0.22160664843750003 0.45 0.20221606718750001 0.42000000000000004 0.16897506874999998 0.4 0.1523545703125 0.41 0.1385041546875 0.45499999999999996 0.13019390625 0.525 0.13019390625 0.5700000000000001 0.1412742375 0.635
3 0.8144044328125 0.67 0.83102493125 0.655 0.8337950140625001 0.615 0.8421052625 0.5599999999999999 0.8421052625 0.52 0.8421052625 0.48 0.83102493125 0.445 0.8171745156249999 0.425 0.789473684375 0.42000000000000004 0.7728531859375 0.45499999999999996 0.761772853125 0.485 0.753462603125 0.52 0.7506925203125 0.55 0.7562326875000001 0.595 0.7728531859375 0.63 0.8005540171875 0.665 0.8144044328125 0.67
3 0.7229916890625 0.5549999999999999 0.7479224375 0.5549999999999999 0.7562326875000001 0.5 0.7562326875000001 0.465 0.7479224375 0.425 0.7285318562499999 0.37 0.7174515234375 0.35 0.6980609421875 0.335 0.667590028125 0.33999999999999997 0.6509695296875 0.365 0.6509695296875 0.39 0.6537396125 0.41500000000000004 0.6537396125 0.445 0.6509695296875 0.485 0.6731301937499999 0.51 0.6703601109374999 0.52 0.695290859375 0.5349999999999999 0.7229916890625 0.5549999999999999
3 0.556786703125 0.74 0.584487534375 0.745 0.6011080328125 0.725 0.612188365625 0.67 0.6149584484374999 0.63 0.6149584484374999 0.6 0.6094182828125 0.5700000000000001 0.59833795 0.5549999999999999 0.5623268703125001 0.545 0.5401662046875 0.55 0.518005540625 0.55 0.5096952906250001 0.58 0.5096952906250001 0.61 0.5096952906250001 0.65 0.5124653734375 0.6799999999999999 0.537396121875 0.72 0.556786703125 0.74