3 0.092 0.43333333281249997 0.10800000000000001 0.4733333328125 0.132 0.48 0.16 0.4733333328125 0.16799999999999998 0.42000000000000004 0.16399999999999998 0.3466666671875 0.16 0.3 0.148 0.26 0.128 0.23333333281250002 0.11599999999999999 0.23333333281250002 0.096 0.26 0.088 0.3 0.08399999999999999 0.36 0.08399999999999999 0.4 0.092 0.43333333281249997
3 0.04 0.43333333281249997 0.052000000000000005 0.44666666718750003 0.072 0.44666666718750003 0.08399999999999999 0.43333333281249997 0.08399999999999999 0.3933333328125 0.08399999999999999 0.3466666671875 0.092 0.3 0.096 0.27999999999999997 0.092 0.26 0.064 0.24666666718750002 0.044 0.24666666718750002 0.048 0.26 0.04 0.3 0.032 0.3466666671875 0.036 0.4 0.04 0.43333333281249997
3 0.144 0.62 0.156 0.5866666671874999 0.16799999999999998 0.5466666671875 0.172 0.5133333328125 0.172 0.48 0.16399999999999998 0.4733333328125 0.136 0.48666666718749996 0.12 0.48666666718749996 0.10800000000000001 0.4733333328125 0.10800000000000001 0.5 0.10800000000000001 0.5533333328125 0.128 0.62 0.144 0.62
3 0.172 0.4733333328125 0.18 0.5133333328125 0.21200000000000002 0.52 0.248 0.5 0.272 0.4933333328125 0.27999999999999997 0.4533333328125 0.284 0.3866666671875 0.284 0.3466666671875 0.27999999999999997 0.32 0.264 0.2866666671875 0.23199999999999998 0.26 0.20800000000000002 0.23333333281250002 0.192 0.22000000000000003 0.176 0.23333333281250002 0.16 0.2866666671875 0.16 0.33999999999999997 0.16399999999999998 0.41333333281250006 0.172 0.4733333328125
3 0.27599999999999997 0.42000000000000004 0.27999999999999997 0.4933333328125 0.3 0.52 0.344 0.52 0.372 0.5266666671875 0.376 0.4733333328125 0.376 0.38 0.376 0.3333333328125 0.376 0.3 0.372 0.2733333328125 0.36 0.2533333328125 0.324 0.23333333281250002 0.3 0.26 0.288 0.2866666671875 0.27999999999999997 0.3466666671875 0.27999999999999997 0.37333333281250003 0.27599999999999997 0.42000000000000004
3 0.9720000000000001 0.36 0.9720000000000001 0.3266666671875 0.968 0.2866666671875 0.96 0.24 0.952 0.2066666671875 0.944 0.1866666671875 0.9359999999999999 0.18 0.924 0.2066666671875 0.9039999999999999 0.26 0.892 0.3066666671875 0.892 0.36 0.892 0.42000000000000004 0.892 0.46666666718750005 0.908 0.4733333328125 0.9400000000000001 0.46666666718750005 0.968 0.44666666718750003 0.9720000000000001 0.36
3 0.8640000000000001 0.5 0.8880000000000001 0.44666666718750003 0.8960000000000001 0.3933333328125 0.8960000000000001 0.3333333328125 0.9 0.27999999999999997 0.892 0.2533333328125 0.884 0.23333333281250002 0.8640000000000001 0.2266666671875 0.8320000000000001 0.2533333328125 0.8160000000000001 0.3 0.808 0.33999999999999997 0.808 0.4 0.8039999999999999 0.44000000000000006 0.796 0.5133333328125 0.8039999999999999 0.5066666671875 0.828 0.5133333328125 0.8480000000000001 0.52 0.8640000000000001 0.5
3 0.21200000000000002 0.6799999999999999 0.23199999999999998 0.6466666671875 0.248 0.6133333328125 0.256 0.5533333328125 0.252 0.5133333328125 0.244 0.5 0.21600000000000003 0.5133333328125 0.2 0.52 0.184 0.5066666671875 0.176 0.5066666671875 0.176 0.54 0.16799999999999998 0.5733333328125 0.156 0.5933333328125 0.156 0.62 0.16399999999999998 0.6666666671875 0.18 0.6866666671874999 0.21200000000000002 0.6799999999999999
3 0.572 0.72 0.588 0.7 0.596 0.6599999999999999 0.604 0.62 0.604 0.5733333328125 0.604 0.54 0.588 0.5333333328125 0.5599999999999999 0.5333333328125 0.5559999999999999 0.5133333328125 0.548 0.48666666718749996 0.548 0.4733333328125 0.54 0.48 0.54 0.5133333328125 0.54 0.5333333328125 0.512 0.54 0.492 0.5466666671875 0.492 0.5599999999999999 0.496 0.5866666671874999 0.496 0.6133333328125 0.5 0.6599999999999999 0.528 0.7 0.5599999999999999 0.7266666671875 0.572 0.72
3 0.8039999999999999 0.48666666718749996 0.8119999999999999 0.42000000000000004 0.8119999999999999 0.3466666671875 0.8 0.2666666671875 0.792 0.2533333328125 0.772 0.23333333281250002 0.76 0.2266666671875 0.728 0.24 0.72 0.2666666671875 0.704 0.3066666671875 0.7 0.3466666671875 0.704 0.4 0.708 0.45999999999999996 0.708 0.5066666671875 0.712 0.5333333328125 0.736 0.54 0.764 0.5333333328125 0.784 0.52 0.8039999999999999 0.48666666718749996
3 0.5519999999999999 0.4933333328125 0.5599999999999999 0.5333333328125 0.612 0.54 0.6519999999999999 0.54 0.688 0.54 0.708 0.5133333328125 0.708 0.44666666718750003 0.704 0.3533333328125 0.7 0.27999999999999997 0.692 0.24666666718750002 0.6719999999999999 0.2133333328125 0.644 0.1933333328125 0.604 0.1933333328125 0.584 0.24 0.568 0.2733333328125 0.5559999999999999 0.3133333328125 0.5519999999999999 0.36666666718749996 0.5519999999999999 0.43333333281249997 0.5519999999999999 0.4933333328125
3 0.9119999999999999 0.6466666671875 0.9119999999999999 0.5933333328125 0.9039999999999999 0.5133333328125 0.8960000000000001 0.48666666718749996 0.8720000000000001 0.48 0.8560000000000001 0.5 0.8320000000000001 0.5133333328125 0.8119999999999999 0.52 0.8119999999999999 0.5266666671875 0.82 0.5866666671874999 0.836 0.6266666671875 0.8640000000000001 0.6666666671875 0.8960000000000001 0.6799999999999999 0.9119999999999999 0.6466666671875
3 0.296 0.7533333328125 0.324 0.74 0.33999999999999997 0.7133333328125 0.36 0.6733333328125 0.368 0.6266666671875 0.372 0.5599999999999999 0.372 0.5266666671875 0.348 0.52 0.324 0.5133333328125 0.308 0.5133333328125 0.288 0.5 0.272 0.48666666718749996 0.256 0.5066666671875 0.252 0.5266666671875 0.252 0.5666666671875 0.248 0.5866666671874999 0.252 0.6066666671875 0.252 0.6666666671875 0.256 0.7066666671874999 0.264 0.74 0.296 0.7533333328125
3 0.46399999999999997 0.7333333328125 0.492 0.6866666671874999 0.492 0.6466666671875 0.496 0.6 0.492 0.5666666671875 0.48 0.5466666671875 0.45599999999999996 0.54 0.42400000000000004 0.5333333328125 0.396 0.5266666671875 0.38 0.5133333328125 0.372 0.5133333328125 0.372 0.5599999999999999 0.372 0.6066666671875 0.376 0.6266666671875 0.384 0.6666666671875 0.40800000000000003 0.7266666671875 0.43200000000000005 0.74 0.46399999999999997 0.7333333328125
3 0.632 0.7333333328125 0.6599999999999999 0.7266666671875 0.6799999999999999 0.6799999999999999 0.7 0.6333333328124999 0.712 0.58 0.712 0.5466666671875 0.704 0.5266666671875 0.6799999999999999 0.54 0.644 0.5333333328125 0.616 0.5333333328125 0.596 0.5466666671875 0.6 0.5866666671874999 0.6 0.6466666671875 0.612 0.7133333328125 0.632 0.7333333328125
3 0.808 0.7466666671875 0.8320000000000001 0.6933333328125 0.828 0.62 0.8119999999999999 0.5599999999999999 0.8039999999999999 0.5266666671875 0.796 0.5066666671875 0.772 0.52 0.74 0.5333333328125 0.72 0.5533333328125 0.712 0.5666666671875 0.708 0.6 0.712 0.64 0.728 0.6733333328125 0.752 0.7133333328125 0.776 0.7466666671875 0.808 0.7466666671875
3 0.372 0.42000000000000004 0.372 0.48 0.38 0.5266666671875 0.41600000000000004 0.5333333328125 0.46399999999999997 0.54 0.512 0.54 0.536 0.5333333328125 0.54 0.48 0.54 0.42000000000000004 0.536 0.3466666671875 0.532 0.2866666671875 0.508 0.24 0.48 0.2066666671875 0.45999999999999996 0.2 0.43200000000000005 0.2 0.41200000000000003 0.2266666671875 0.396 0.2533333328125 0.384 0.3 0.376 0.36666666718749996 0.372 0.42000000000000004