3 0.2455357140625 0.6607142859375 0.2678571421875 0.6785714281249999 0.30803571406249997 0.6741071421875 0.3303571421875 0.6428571421875 0.34375 0.6071428578125 0.3303571421875 0.5669642859375 0.32142857187499996 0.53125 0.33482142812500004 0.5267857140625 0.3571428578125 0.5223214281249999 0.3616071421875 0.5 0.34821428593750003 0.5 0.3125 0.5044642859375 0.2991071421875 0.5133928578125 0.2678571421875 0.5223214281249999 0.2321428578125 0.5267857140625 0.22767857187499999 0.5357142859375 0.22767857187499999 0.5625 0.2366071421875 0.6071428578125 0.24107142812500001 0.6339285718750001 0.2455357140625 0.6607142859375
3 0.040178571875 0.6205357140625 0.053571428125 0.6339285718750001 0.0625 0.6383928578125 0.0892857140625 0.6428571421875 0.10714285781249999 0.6383928578125 0.116071428125 0.6071428578125 0.12053571406250001 0.5758928578125 0.133928571875 0.5401785718750001 0.147321428125 0.5178571421875 0.147321428125 0.5 0.133928571875 0.5 0.12053571406250001 0.49553571406249997 0.0982142859375 0.49553571406249997 0.0803571421875 0.5133928578125 0.0669642859375 0.5401785718750001 0.0580357140625 0.5669642859375 0.0491071421875 0.59375 0.040178571875 0.6205357140625
3 0.96875 0.3616071421875 0.9642857140625001 0.3303571421875 0.9508928578125 0.30357142812500004 0.9241071421875 0.30357142812500004 0.8973214281249999 0.3303571421875 0.8839285718750001 0.37053571406249997 0.8839285718750001 0.415178571875 0.8883928578125 0.459821428125 0.9151785718750001 0.46428571406249997 0.9598214281249999 0.46875 0.9642857140625001 0.446428571875 0.96875 0.3616071421875
3 0.9151785718750001 0.5357142859375 0.9017857140625001 0.5089285718750001 0.8794642859374999 0.47321428593750003 0.8705357140625001 0.459821428125 0.8348214281249999 0.45535714218749995 0.8080357140625001 0.45089285781250005 0.78125 0.47321428593750003 0.7723214281249999 0.5 0.8080357140625001 0.5223214281249999 0.8214285718750001 0.5580357140625 0.8348214281249999 0.5848214281249999 0.8303571421875 0.5982142859375 0.8705357140625001 0.6026785718750001 0.90625 0.6026785718750001 0.9151785718750001 0.5758928578125 0.9151785718750001 0.5357142859375
3 0.2678571421875 0.45089285781250005 0.28571428593750003 0.47321428593750003 0.3125 0.5 0.37053571406249997 0.5 0.415178571875 0.491071428125 0.44196428593750003 0.48660714218749995 0.459821428125 0.44196428593750003 0.459821428125 0.3883928578125 0.446428571875 0.3303571421875 0.43303571406249997 0.2991071421875 0.3883928578125 0.28125 0.3258928578125 0.2946428578125 0.2991071421875 0.3125 0.28125 0.34375 0.2633928578125 0.3883928578125 0.2678571421875 0.45089285781250005
3 0.116071428125 0.7142857140625 0.133928571875 0.7098214281249999 0.16071428593749998 0.6964285718750001 0.196428571875 0.6741071421875 0.2321428578125 0.6473214281249999 0.2455357140625 0.6116071421875 0.2142857140625 0.5803571421875 0.2008928578125 0.5491071421875 0.2008928578125 0.5267857140625 0.178571428125 0.5223214281249999 0.16071428593749998 0.5267857140625 0.1428571421875 0.5401785718750001 0.12946428593749998 0.5580357140625 0.12053571406250001 0.5848214281249999 0.10714285781249999 0.625 0.0982142859375 0.6517857140625 0.0982142859375 0.6830357140625 0.102678571875 0.7053571421875 0.116071428125 0.7142857140625
3 0.8839285718750001 0.459821428125 0.8883928578125 0.428571428125 0.8928571421875 0.3928571421875 0.8928571421875 0.36607142812500004 0.8928571421875 0.33482142812500004 0.8705357140625001 0.29017857187499996 0.8482142859374999 0.2678571421875 0.8169642859374999 0.2633928578125 0.7589285718750001 0.30357142812500004 0.7544642859375 0.34375 0.7633928578125 0.3928571421875 0.78125 0.42410714218749995 0.8035714281249999 0.44196428593750003 0.8258928578125 0.459821428125 0.8526785718750001 0.46428571406249997 0.8839285718750001 0.459821428125
3 0.6428571421875 0.7098214281249999 0.6696428578125 0.7008928578125 0.6830357140625 0.6607142859375 0.6919642859375 0.625 0.6964285718750001 0.5848214281249999 0.6875 0.5446428578125 0.6741071421875 0.5133928578125 0.6517857140625 0.5089285718750001 0.5982142859375 0.5223214281249999 0.5625 0.5357142859375 0.5580357140625 0.5491071421875 0.5625 0.5803571421875 0.5669642859375 0.5982142859375 0.5892857140625 0.65625 0.5982142859375 0.6785714281249999 0.625 0.7008928578125 0.6428571421875 0.7098214281249999
3 0.7589285718750001 0.45535714218749995 0.7678571421875 0.43303571406249997 0.7678571421875 0.39732142812500004 0.7544642859375 0.3616071421875 0.75 0.3303571421875 0.7321428578125 0.30357142812500004 0.7142857140625 0.28571428593750003 0.6919642859375 0.28125 0.6517857140625 0.30803571406249997 0.6339285718750001 0.33928571406249997 0.6428571421875 0.36607142812500004 0.6473214281249999 0.3883928578125 0.6473214281249999 0.4375 0.6339285718750001 0.46428571406249997 0.6339285718750001 0.48214285781250005 0.6607142859375 0.491071428125 0.7142857140625 0.48660714218749995 0.75 0.477678571875 0.7589285718750001 0.45535714218749995
3 0.5267857140625 0.6517857140625 0.5491071421875 0.6294642859375 0.5625 0.59375 0.5580357140625 0.5535714281249999 0.5535714281249999 0.5357142859375 0.5714285718750001 0.5178571421875 0.5714285718750001 0.5 0.5357142859375 0.5044642859375 0.48660714218749995 0.5044642859375 0.459821428125 0.5044642859375 0.459821428125 0.5223214281249999 0.45535714218749995 0.5446428578125 0.46428571406249997 0.5848214281249999 0.46428571406249997 0.625 0.477678571875 0.6473214281249999 0.5044642859375 0.6651785718750001 0.5267857140625 0.6517857140625
3 0.3883928578125 0.6964285718750001 0.415178571875 0.7008928578125 0.446428571875 0.6875 0.46428571406249997 0.65625 0.46428571406249997 0.6205357140625 0.459821428125 0.5580357140625 0.45535714218749995 0.5223214281249999 0.45089285781250005 0.5 0.41071428593750003 0.5044642859375 0.37053571406249997 0.5178571421875 0.33482142812500004 0.53125 0.3303571421875 0.5580357140625 0.33928571406249997 0.6116071421875 0.34821428593750003 0.6428571421875 0.3616071421875 0.6741071421875 0.3883928578125 0.6964285718750001
3 0.0669642859375 0.5089285718750001 0.102678571875 0.5089285718750001 0.12053571406250001 0.491071428125 0.133928571875 0.45535714218749995 0.147321428125 0.43303571406249997 0.15625 0.41071428593750003 0.15625 0.37946428593750003 0.1428571421875 0.3571428578125 0.12053571406250001 0.33928571406249997 0.0892857140625 0.3258928578125 0.0669642859375 0.30803571406249997 0.03125 0.31696428593750003 0.022321428125 0.35267857187499996 0.022321428125 0.3883928578125 0.040178571875 0.44196428593750003 0.0669642859375 0.5089285718750001
3 0.15178571406250002 0.47321428593750003 0.15625 0.5178571421875 0.196428571875 0.5267857140625 0.25892857187499996 0.5223214281249999 0.2991071421875 0.5089285718750001 0.30357142812500004 0.491071428125 0.27678571406249997 0.477678571875 0.2678571421875 0.45089285781250005 0.2678571421875 0.41071428593750003 0.2633928578125 0.38392857187499996 0.2633928578125 0.34821428593750003 0.25446428593750003 0.33482142812500004 0.2232142859375 0.31696428593750003 0.18303571406250002 0.32142857187499996 0.1696428578125 0.34375 0.15625 0.38392857187499996 0.15178571406250002 0.43303571406249997 0.15178571406250002 0.47321428593750003
3 0.477678571875 0.5133928578125 0.5267857140625 0.5089285718750001 0.5803571421875 0.491071428125 0.6116071421875 0.477678571875 0.6383928578125 0.446428571875 0.6473214281249999 0.41071428593750003 0.6428571421875 0.36607142812500004 0.6205357140625 0.32142857187499996 0.5982142859375 0.28125 0.5714285718750001 0.25892857187499996 0.5357142859375 0.2633928578125 0.5089285718750001 0.28125 0.459821428125 0.3303571421875 0.45089285781250005 0.3571428578125 0.45089285781250005 0.42410714218749995 0.459821428125 0.48214285781250005 0.477678571875 0.5133928578125
3 0.8169642859374999 0.6785714281249999 0.8258928578125 0.6383928578125 0.8258928578125 0.6026785718750001 0.8258928578125 0.5669642859375 0.8035714281249999 0.5267857140625 0.7857142859375 0.5044642859375 0.7544642859375 0.491071428125 0.7142857140625 0.5 0.6964285718750001 0.5133928578125 0.6875 0.5357142859375 0.6919642859375 0.5758928578125 0.6964285718750001 0.6160714281249999 0.7008928578125 0.6294642859375 0.7232142859375 0.65625 0.7633928578125 0.6830357140625 0.8080357140625001 0.6919642859375 0.8169642859374999 0.6785714281249999
3 0.9642857140625001 0.48214285781250005 0.9508928578125 0.46875 0.9241071421875 0.459821428125 0.8883928578125 0.459821428125 0.875 0.46875 0.8973214281249999 0.5 0.90625 0.53125 0.9241071421875 0.5535714281249999 0.9553571421875 0.5669642859375 0.9776785718750001 0.5580357140625 0.9866071421875 0.5178571421875 0.9642857140625001 0.48214285781250005