3 0.4436363640625 0.6229508203125 0.46181818124999996 0.6502732234375 0.48 0.672131146875 0.49818181875 0.6612021859375 0.509090909375 0.6174863390625001 0.5163636359375 0.5683060109375 0.5127272734375 0.5136612015625001 0.509090909375 0.491803278125 0.4872727265625 0.4808743171875 0.46909090937500003 0.48633879843749994 0.4472727265625 0.497267759375 0.429090909375 0.508196721875 0.429090909375 0.5245901640625 0.43636363593749994 0.5737704921875 0.44000000000000006 0.590163934375 0.4436363640625 0.6229508203125
3 0.7636363640625 0.5191256828124999 0.7745454546875 0.491803278125 0.78181818125 0.464480875 0.78181818125 0.4316939890625 0.78181818125 0.398907103125 0.7672727265625 0.398907103125 0.749090909375 0.40983606562499997 0.7272727265625 0.43715847031250005 0.7163636359375001 0.45355191250000004 0.70181818125 0.47540983593749997 0.7236363640625 0.502732240625 0.74181818125 0.5191256828124999 0.749090909375 0.5300546453125 0.7636363640625 0.5191256828124999
3 0.8254545453125001 0.4426229515625 0.8254545453125001 0.42076502656250003 0.82181818125 0.40437158437500004 0.81818181875 0.40437158437500004 0.8 0.42076502656250003 0.7927272734375 0.43715847031250005 0.7854545453124999 0.45355191250000004 0.78181818125 0.464480875 0.77818181875 0.47540983593749997 0.7745454546875 0.497267759375 0.78181818125 0.508196721875 0.8072727265624999 0.502732240625 0.81818181875 0.4808743171875 0.8254545453125001 0.4426229515625
3 0.70181818125 0.590163934375 0.7236363640625 0.590163934375 0.7272727265625 0.5573770484375 0.7163636359375001 0.5300546453125 0.7054545453125 0.497267759375 0.6945454546875001 0.4808743171875 0.6727272734375 0.47540983593749997 0.6581818187499999 0.502732240625 0.6581818187499999 0.5245901640625 0.669090909375 0.5519125687499999 0.6836363640625 0.5737704921875 0.70181818125 0.590163934375
3 0.2036363640625 0.601092896875 0.21090909062500002 0.5737704921875 0.2072727265625 0.5683060109375 0.189090909375 0.5519125687499999 0.18181818125 0.54098360625 0.1745454546875 0.5300546453125 0.1672727265625 0.5519125687499999 0.16 0.5573770484375 0.1563636359375 0.5573770484375 0.1527272734375 0.5792349734375 0.16 0.601092896875 0.1854545453125 0.6065573765625001 0.2036363640625 0.601092896875
3 0.250909090625 0.6065573765625001 0.269090909375 0.584699453125 0.269090909375 0.5573770484375 0.26181818125 0.5573770484375 0.250909090625 0.5683060109375 0.2363636359375 0.5737704921875 0.22909090937499998 0.5573770484375 0.2145454546875 0.5683060109375 0.21090909062500002 0.584699453125 0.21090909062500002 0.6065573765625001 0.22909090937499998 0.6174863390625001 0.250909090625 0.6065573765625001
3 0.6 0.6393442625 0.61818181875 0.6502732234375 0.6363636359375 0.6557377046874999 0.6545454546875 0.63387978125 0.6654545453125 0.6120218578125 0.6727272734375 0.5737704921875 0.669090909375 0.5519125687499999 0.6581818187499999 0.5245901640625 0.64 0.5191256828124999 0.6254545453125 0.5191256828124999 0.610909090625 0.5300546453125 0.5963636359375 0.54098360625 0.5927272734375 0.5792349734375 0.5890909093750001 0.595628415625 0.5854545453125 0.6174863390625001 0.6 0.6393442625
3 0.5272727265625 0.6502732234375 0.5345454546874999 0.672131146875 0.5527272734374999 0.672131146875 0.5745454546875 0.6502732234375 0.5854545453125 0.6065573765625001 0.5927272734375 0.5628415296875 0.5963636359375 0.497267759375 0.57818181875 0.48633879843749994 0.5527272734374999 0.4808743171875 0.5236363640625 0.48633879843749994 0.5127272734375 0.497267759375 0.5163636359375 0.508196721875 0.5127272734375 0.5792349734375 0.5127272734375 0.6065573765625001 0.5272727265625 0.6502732234375
3 0.74181818125 0.5683060109375 0.76 0.5683060109375 0.77818181875 0.5628415296875 0.77818181875 0.54098360625 0.7636363640625 0.5191256828124999 0.7563636359375 0.5300546453125 0.74181818125 0.5245901640625 0.73818181875 0.5136612015625001 0.730909090625 0.5136612015625001 0.72 0.5136612015625001 0.72 0.535519125 0.7272727265625 0.5464480875 0.74181818125 0.5683060109375
3 0.16363636406249998 0.5519125687499999 0.1745454546875 0.535519125 0.17090909062499998 0.508196721875 0.16 0.4808743171875 0.14181818125 0.4699453546875 0.1272727265625 0.45901639375 0.12 0.464480875 0.11636363593750002 0.47540983593749997 0.1236363640625 0.508196721875 0.149090909375 0.5519125687499999 0.16363636406249998 0.5519125687499999
3 0.24 0.5737704921875 0.2545454546875 0.5737704921875 0.26181818125 0.5573770484375 0.2872727265625 0.5245901640625 0.29818181875 0.502732240625 0.29818181875 0.47540983593749997 0.27272727343750003 0.45901639375 0.25818181875 0.45355191250000004 0.22909090937499998 0.44808743125 0.21090909062500002 0.464480875 0.21090909062500002 0.4808743171875 0.21818181874999998 0.5245901640625 0.22909090937499998 0.5519125687499999 0.24 0.5737704921875
3 0.5890909093750001 0.4808743171875 0.610909090625 0.44808743125 0.629090909375 0.415300546875 0.6363636359375 0.3715847 0.6327272734375 0.34426229531249997 0.6145454546875 0.322404371875 0.5963636359375 0.31147540937499996 0.5745454546875 0.322404371875 0.5599999999999999 0.35519125625000003 0.5527272734374999 0.38797814218750004 0.5345454546874999 0.42622950781249996 0.53818181875 0.44808743125 0.5527272734374999 0.4808743171875 0.5709090906250001 0.48633879843749994 0.5890909093750001 0.4808743171875
3 0.2763636359375 0.6284153 0.290909090625 0.63387978125 0.3163636359375 0.6393442625 0.33818181875 0.6120218578125 0.3454545453125 0.590163934375 0.3454545453125 0.5683060109375 0.34181818124999996 0.5464480875 0.3345454546875 0.5245901640625 0.32 0.508196721875 0.30181818125 0.502732240625 0.29818181875 0.502732240625 0.2872727265625 0.5245901640625 0.27999999999999997 0.535519125 0.2763636359375 0.5519125687499999 0.27272727343750003 0.5628415296875 0.269090909375 0.590163934375 0.269090909375 0.6120218578125 0.2763636359375 0.6284153
3 0.3672727265625 0.48633879843749994 0.38181818125 0.508196721875 0.40727272656249996 0.508196721875 0.43636363593749994 0.497267759375 0.4654545453125 0.48633879843749994 0.4836363640625 0.4699453546875 0.4872727265625 0.4426229515625 0.49090909062500004 0.40983606562499997 0.48 0.3825136609375 0.4654545453125 0.3606557375 0.4472727265625 0.34426229531249997 0.41454545468750004 0.34426229531249997 0.389090909375 0.3606557375 0.3745454546875 0.3825136609375 0.36 0.398907103125 0.349090909375 0.415300546875 0.349090909375 0.4316939890625 0.3527272734375 0.45901639375 0.3672727265625 0.48633879843749994
3 0.3672727265625 0.6557377046874999 0.3854545453125 0.6612021859375 0.40727272656249996 0.6557377046874999 0.41818181875000004 0.63387978125 0.4254545453125 0.6065573765625001 0.429090909375 0.5737704921875 0.43272727343749995 0.5464480875 0.429090909375 0.5245901640625 0.41818181875000004 0.5136612015625001 0.389090909375 0.508196721875 0.37818181875 0.5136612015625001 0.349090909375 0.5245901640625 0.34181818124999996 0.535519125 0.34181818124999996 0.5573770484375 0.3454545453125 0.590163934375 0.3563636359375 0.6284153 0.3672727265625 0.6557377046874999
3 0.1927272734375 0.5573770484375 0.2145454546875 0.5628415296875 0.2254545453125 0.5519125687499999 0.21818181874999998 0.5245901640625 0.2 0.502732240625 0.189090909375 0.4808743171875 0.17818181875 0.45355191250000004 0.16363636406249998 0.44808743125 0.16363636406249998 0.4699453546875 0.16363636406249998 0.497267759375 0.1745454546875 0.5300546453125 0.1927272734375 0.5573770484375