3 0.3566666671875 0.6599999999999999 0.37 0.6799999999999999 0.39 0.6900000000000001 0.4166666671875 0.675 0.4266666671875 0.635 0.4266666671875 0.5900000000000001 0.41 0.5650000000000001 0.4 0.55 0.37333333281250003 0.54 0.3533333328125 0.54 0.33999999999999997 0.55 0.3333333328125 0.5549999999999999 0.32999999999999996 0.5900000000000001 0.3366666671875 0.62 0.3566666671875 0.6599999999999999
3 0.16 0.53 0.1666666671875 0.5650000000000001 0.1933333328125 0.6 0.2166666671875 0.585 0.23333333281250002 0.5650000000000001 0.24666666718750002 0.53 0.2533333328125 0.51 0.25 0.49000000000000005 0.24333333281249997 0.48 0.2233333328125 0.475 0.2066666671875 0.465 0.1933333328125 0.45499999999999996 0.18 0.43499999999999994 0.1633333328125 0.43499999999999994 0.1533333328125 0.45499999999999996 0.1533333328125 0.5 0.16 0.53
3 0.7266666671875 0.475 0.7466666671875 0.465 0.7633333328125 0.44000000000000006 0.7666666671875 0.425 0.77 0.385 0.7633333328125 0.33999999999999997 0.7533333328125 0.325 0.7266666671875 0.335 0.7033333328125 0.37 0.6866666671874999 0.41500000000000004 0.6766666671875 0.44000000000000006 0.6766666671875 0.48 0.7033333328125 0.485 0.7266666671875 0.475
3 0.6900000000000001 0.605 0.71 0.62 0.7333333328125 0.605 0.7433333328125 0.58 0.75 0.54 0.75 0.51 0.7433333328125 0.485 0.7233333328125 0.475 0.6933333328125 0.49000000000000005 0.6866666671874999 0.5 0.67 0.51 0.67 0.55 0.6733333328125 0.58 0.6900000000000001 0.605
3 0.2066666671875 0.47000000000000003 0.25 0.485 0.2766666671875 0.465 0.27999999999999997 0.425 0.27 0.395 0.24333333281249997 0.365 0.2033333328125 0.355 0.18 0.35 0.1666666671875 0.37 0.18 0.4 0.19 0.445 0.2066666671875 0.47000000000000003
3 0.42000000000000004 0.5599999999999999 0.46333333281250005 0.5650000000000001 0.4966666671875 0.5650000000000001 0.52 0.55 0.5266666671875 0.52 0.5233333328125 0.475 0.5033333328125 0.44000000000000006 0.47000000000000003 0.425 0.43 0.425 0.4 0.43499999999999994 0.3866666671875 0.45999999999999996 0.38333333281250004 0.5 0.3933333328125 0.545 0.42000000000000004 0.5599999999999999
3 0.82 0.515 0.8166666671874999 0.475 0.8133333328125 0.45 0.8033333328125 0.425 0.7933333328125001 0.41500000000000004 0.7733333328125 0.42000000000000004 0.76 0.43 0.75 0.45499999999999996 0.74 0.47000000000000003 0.7433333328125 0.48 0.75 0.5 0.7566666671875 0.53 0.7733333328125 0.55 0.79 0.5549999999999999 0.8133333328125 0.545 0.82 0.515
3 0.82 0.395 0.8366666671875 0.385 0.8466666671875 0.355 0.8533333328125 0.31 0.8533333328125 0.255 0.8333333328125001 0.25 0.8066666671875 0.275 0.7933333328125001 0.315 0.7733333328125 0.35 0.7733333328125 0.38 0.7933333328125001 0.395 0.82 0.395
3 0.3333333328125 0.53 0.3566666671875 0.53 0.37666666718749997 0.52 0.38333333281250004 0.495 0.37333333281250003 0.45999999999999996 0.3633333328125 0.43499999999999994 0.3433333328125 0.41 0.3133333328125 0.395 0.2866666671875 0.4 0.27999999999999997 0.43 0.2866666671875 0.48 0.2966666671875 0.515 0.3333333328125 0.53
3 0.5533333328125 0.55 0.5933333328125 0.545 0.62 0.5349999999999999 0.6433333328125 0.525 0.6666666671875 0.51 0.6766666671875 0.49000000000000005 0.6733333328125 0.45499999999999996 0.67 0.425 0.6433333328125 0.40499999999999997 0.5966666671875 0.395 0.5666666671875 0.41 0.5433333328125001 0.445 0.54 0.48 0.54 0.505 0.5466666671875 0.54 0.5533333328125 0.55
3 0.25 0.5599999999999999 0.25 0.5900000000000001 0.25666666718750003 0.63 0.2733333328125 0.65 0.3133333328125 0.645 0.3266666671875 0.615 0.32999999999999996 0.5549999999999999 0.3266666671875 0.53 0.3066666671875 0.52 0.29333333281249996 0.505 0.29 0.49000000000000005 0.29 0.495 0.2766666671875 0.49000000000000005 0.26 0.485 0.25 0.525 0.25 0.5599999999999999
3 0.48333333281249996 0.6900000000000001 0.5066666671875 0.6900000000000001 0.5233333328125 0.675 0.5333333328125 0.655 0.5366666671875 0.62 0.5366666671875 0.58 0.5333333328125 0.545 0.5266666671875 0.54 0.5166666671875 0.545 0.4966666671875 0.5599999999999999 0.48333333281249996 0.5650000000000001 0.44666666718750003 0.5650000000000001 0.43333333281249997 0.575 0.43333333281249997 0.62 0.44333333281250004 0.6599999999999999 0.4566666671875 0.6849999999999999 0.48333333281249996 0.6900000000000001