3 0.28268551249999996 0.533707865625 0.3038869265625 0.533707865625 0.3180212015625 0.522471909375 0.3250883390625 0.4887640453125 0.3286219078125 0.44382022499999996 0.3286219078125 0.41011235937499996 0.3215547703125 0.3707865171875 0.30742049531250004 0.3426966296875 0.2968197875 0.3146067421875 0.27561837499999997 0.29775280937500004 0.2614840984375 0.30898876406250003 0.2508833921875 0.3426966296875 0.24028268593750002 0.3988764046875 0.24028268593750002 0.438202246875 0.24028268593750002 0.494382021875 0.28268551249999996 0.533707865625
3 0.1060070671875 0.5 0.11660777343749999 0.5168539328125 0.14840989375 0.522471909375 0.16254417031249999 0.505617978125 0.1660777390625 0.477528090625 0.1519434625 0.44382022499999996 0.1519434625 0.382022471875 0.14134275624999998 0.3595505625 0.12720848125 0.3370786515625 0.0989399296875 0.325842696875 0.0954063609375 0.3651685390625 0.0954063609375 0.42134831406249995 0.0918727921875 0.4550561796875 0.1060070671875 0.5
3 0.014134274999999998 0.5674157296875 0.035335689062499995 0.5786516859375 0.0530035328125 0.5786516859375 0.060070671875 0.561797753125 0.060070671875 0.522471909375 0.07067137812499999 0.5 0.077738515625 0.4887640453125 0.067137809375 0.4719101125 0.049469964062499996 0.4606741578125 0.035335689062499995 0.4494382015625 0.0282685515625 0.4606741578125 0.014134274999999998 0.4887640453125 0.01060070625 0.5393258421875 0.014134274999999998 0.5674157296875
3 0.212014134375 0.674157303125 0.215547703125 0.6910112359375 0.229681978125 0.7078651687499999 0.2544169609375 0.702247190625 0.27915194374999996 0.6629213484375 0.2968197875 0.6123595500000001 0.30035335625 0.561797753125 0.30035335625 0.533707865625 0.29328621875 0.5280898875 0.2614840984375 0.5168539328125 0.2508833921875 0.505617978125 0.23674911718749997 0.505617978125 0.229681978125 0.5168539328125 0.226148409375 0.522471909375 0.219081271875 0.556179775 0.212014134375 0.6123595500000001 0.208480565625 0.65168539375 0.212014134375 0.674157303125
3 0.48409894062500003 0.6910112359375 0.491166078125 0.7191011234375 0.512367490625 0.7247191015625 0.5335689046875001 0.7078651687499999 0.5441696109375 0.6460674156249999 0.5441696109375 0.6123595500000001 0.5441696109375 0.589887640625 0.5371024734375001 0.5842696625 0.508833921875 0.5786516859375 0.487632509375 0.5730337078125001 0.48409894062500003 0.561797753125 0.4734982328125 0.5505617984375 0.4734982328125 0.5674157296875 0.4734982328125 0.6123595500000001 0.4734982328125 0.65168539375 0.48409894062500003 0.6910112359375
3 0.8869257953125 0.3932584265625 0.8904593640625 0.35393258437499997 0.8904593640625 0.3426966296875 0.8833922265625 0.3426966296875 0.87279151875 0.35393258437499997 0.8692579500000001 0.37640449375 0.8657243812500001 0.41011235937499996 0.8621908125 0.438202246875 0.85865724375 0.466292134375 0.85159010625 0.4887640453125 0.8657243812500001 0.5 0.8798586578125001 0.4831460671875 0.8869257953125 0.43258427031249996 0.8869257953125 0.3932584265625
3 0.855123675 0.5955056187500001 0.85159010625 0.561797753125 0.84452296875 0.5393258421875 0.8268551234375 0.5168539328125 0.8127208484375 0.5 0.802120140625 0.4887640453125 0.798586571875 0.4887640453125 0.7915194343749999 0.505617978125 0.787985865625 0.5280898875 0.7950530031249999 0.561797753125 0.8127208484375 0.6179775281250001 0.8233215546875 0.6292134828125 0.84452296875 0.6292134828125 0.855123675 0.62359550625 0.855123675 0.5955056187500001
3 0.063604240625 0.6011235953125 0.07067137812499999 0.62359550625 0.0989399296875 0.6179775281250001 0.1130742046875 0.589887640625 0.12367491093750001 0.556179775 0.13074205 0.5280898875 0.13074205 0.522471909375 0.1130742046875 0.5112359546875 0.1024734984375 0.4831460671875 0.0954063609375 0.477528090625 0.081272084375 0.4887640453125 0.067137809375 0.5168539328125 0.060070671875 0.561797753125 0.063604240625 0.6011235953125
3 0.6077738515625 0.702247190625 0.6254416968750001 0.6853932578124999 0.636042403125 0.65168539375 0.636042403125 0.6123595500000001 0.636042403125 0.5786516859375 0.636042403125 0.556179775 0.632508834375 0.5393258421875 0.6254416968750001 0.5393258421875 0.6113074203125 0.533707865625 0.6113074203125 0.522471909375 0.6077738515625 0.5449438203125 0.5936395765625 0.561797753125 0.57597173125 0.5730337078125001 0.5653710249999999 0.5842696625 0.56890459375 0.62359550625 0.5724381625 0.6573033703125 0.58303886875 0.6853932578124999 0.6077738515625 0.702247190625
3 0.85865724375 0.4719101125 0.8621908125 0.4157303375 0.8657243812500001 0.3651685390625 0.8657243812500001 0.3426966296875 0.85159010625 0.3146067421875 0.8374558296875 0.32022471874999997 0.8127208484375 0.3426966296875 0.7950530031249999 0.37640449375 0.7950530031249999 0.41011235937499996 0.7950530031249999 0.44382022499999996 0.798586571875 0.4719101125 0.8091872796875 0.5 0.8303886921875 0.5168539328125 0.84452296875 0.505617978125 0.85865724375 0.4719101125
3 0.6925795046875 0.533707865625 0.7067137812500001 0.5 0.7067137812500001 0.43258427031249996 0.71024735 0.382022471875 0.7031802125 0.35393258437499997 0.6925795046875 0.32022471874999997 0.6784452296875 0.29775280937500004 0.653710246875 0.29775280937500004 0.6254416968750001 0.3426966296875 0.6148409890625001 0.41011235937499996 0.6077738515625 0.505617978125 0.6148409890625001 0.5393258421875 0.639575971875 0.5393258421875 0.6678445234375 0.5393258421875 0.6925795046875 0.533707865625
3 0.3250883390625 0.494382021875 0.3286219078125 0.533707865625 0.349823321875 0.561797753125 0.3886925796875 0.5730337078125001 0.43109540625 0.5786516859375 0.4558303890625 0.556179775 0.4593639578125 0.522471909375 0.4664310953125 0.4719101125 0.4699646640625 0.4157303375 0.4628975265625 0.3595505625 0.4522968203125 0.32022471874999997 0.43109540625 0.29213483125 0.4063604234375 0.2808988765625 0.360424028125 0.29775280937500004 0.342756184375 0.325842696875 0.3321554765625 0.3932584265625 0.3250883390625 0.438202246875 0.3250883390625 0.494382021875
3 0.777385159375 0.5393258421875 0.787985865625 0.5168539328125 0.7950530031249999 0.4606741578125 0.7950530031249999 0.4269662921875 0.7950530031249999 0.382022471875 0.7950530031249999 0.35393258437499997 0.7950530031249999 0.325842696875 0.784452296875 0.30898876406250003 0.7632508828125 0.29213483125 0.7385159015625 0.3146067421875 0.7031802125 0.3932584265625 0.7067137812500001 0.438202246875 0.71378091875 0.4887640453125 0.72084805625 0.5112359546875 0.7314487625 0.533707865625 0.7597173140625 0.5393258421875 0.777385159375 0.5393258421875
3 0.0388692578125 0.4550561796875 0.0530035328125 0.4719101125 0.07067137812499999 0.4831460671875 0.088339221875 0.4831460671875 0.0954063609375 0.466292134375 0.0954063609375 0.43258427031249996 0.088339221875 0.3988764046875 0.081272084375 0.37640449375 0.067137809375 0.3595505625 0.0530035328125 0.3426966296875 0.0388692578125 0.325842696875 0.0318021203125 0.3370786515625 0.0282685515625 0.3595505625 0.0282685515625 0.3932584265625 0.0282685515625 0.42134831406249995 0.0388692578125 0.4550561796875
3 0.1696113078125 0.494382021875 0.19081272031250002 0.5168539328125 0.215547703125 0.522471909375 0.23674911718749997 0.5 0.2473498234375 0.4550561796875 0.2438162546875 0.40449438125 0.23321554843749998 0.3595505625 0.215547703125 0.32022471874999997 0.204946996875 0.29775280937500004 0.1872791515625 0.2808988765625 0.16254417031249999 0.29775280937500004 0.15547703125 0.3370786515625 0.1519434625 0.382022471875 0.1590106 0.4550561796875 0.1696113078125 0.494382021875
3 0.71024735 0.6853932578124999 0.724381625 0.6573033703125 0.72084805625 0.5955056187500001 0.71378091875 0.5393258421875 0.71024735 0.5 0.69964664375 0.522471909375 0.6819787984375 0.5393258421875 0.650176678125 0.5449438203125 0.646643109375 0.556179775 0.657243815625 0.6011235953125 0.6678445234375 0.6404494374999999 0.6784452296875 0.674157303125 0.71024735 0.6853932578124999
3 0.9081272078125 0.5786516859375 0.9045936390625 0.533707865625 0.8869257953125 0.505617978125 0.8657243812500001 0.494382021875 0.85159010625 0.5 0.8374558296875 0.5112359546875 0.8268551234375 0.5168539328125 0.8374558296875 0.533707865625 0.855123675 0.5674157296875 0.85865724375 0.5842696625 0.8692579500000001 0.5955056187500001 0.8939929328125 0.6123595500000001 0.8975265015625 0.6123595500000001 0.9081272078125 0.5786516859375
3 0.144876325 0.6685393265624999 0.1660777390625 0.674157303125 0.1837455828125 0.6573033703125 0.204946996875 0.6179775281250001 0.219081271875 0.5674157296875 0.222614840625 0.533707865625 0.222614840625 0.5168539328125 0.197879859375 0.505617978125 0.17667844531250002 0.505617978125 0.1660777390625 0.494382021875 0.15547703125 0.5112359546875 0.14134275624999998 0.522471909375 0.13427561875 0.5393258421875 0.12720848125 0.556179775 0.12367491093750001 0.6067415734375 0.13780918749999999 0.6404494374999999 0.144876325 0.6685393265624999
3 0.4699646640625 0.522471909375 0.4805653703125 0.561797753125 0.5265017671875001 0.5786516859375 0.57597173125 0.5786516859375 0.6042402828125 0.556179775 0.6077738515625 0.5280898875 0.6077738515625 0.466292134375 0.6113074203125 0.41011235937499996 0.6077738515625 0.35393258437499997 0.6007067140625 0.3146067421875 0.5865724375 0.29213483125 0.5477031796875 0.27528089843750003 0.508833921875 0.29213483125 0.491166078125 0.32022471874999997 0.487632509375 0.34831460625 0.48409894062500003 0.3707865171875 0.4805653703125 0.4157303375 0.4734982328125 0.4719101125 0.4699646640625 0.522471909375
3 0.8127208484375 0.6460674156249999 0.802120140625 0.589887640625 0.7915194343749999 0.5449438203125 0.7915194343749999 0.5168539328125 0.780918728125 0.5393258421875 0.7455830390625 0.5393258421875 0.724381625 0.533707865625 0.7173144875 0.5112359546875 0.71378091875 0.522471909375 0.7173144875 0.5674157296875 0.72084805625 0.5786516859375 0.7349823328125 0.6292134828125 0.7632508828125 0.6685393265624999 0.7950530031249999 0.6685393265624999 0.8127208484375 0.6460674156249999
3 0.41696113125 0.7134831453125 0.44522968125 0.702247190625 0.4558303890625 0.6404494374999999 0.4628975265625 0.5730337078125001 0.4593639578125 0.533707865625 0.4558303890625 0.556179775 0.43816254375 0.5730337078125001 0.4098939921875 0.5786516859375 0.3816254421875 0.5786516859375 0.3851590109375 0.6067415734375 0.3851590109375 0.6573033703125 0.39575971718749997 0.6966292140625 0.41696113125 0.7134831453125
3 0.3215547703125 0.7078651687499999 0.349823321875 0.702247190625 0.367491165625 0.6629213484375 0.3816254421875 0.6011235953125 0.3851590109375 0.5730337078125001 0.360424028125 0.561797753125 0.342756184375 0.556179775 0.3321554765625 0.533707865625 0.3250883390625 0.5168539328125 0.31448763281250003 0.5280898875 0.3038869265625 0.533707865625 0.2968197875 0.5393258421875 0.30035335625 0.561797753125 0.30035335625 0.6123595500000001 0.3038869265625 0.6685393265624999 0.3215547703125 0.7078651687499999