3 0.3854545453125 0.3770491796875 0.4 0.40437158437500004 0.410909090625 0.42622950781249996 0.410909090625 0.44808743125 0.41454545468750004 0.45901639375 0.43272727343749995 0.464480875 0.450909090625 0.45355191250000004 0.45818181874999997 0.42622950781249996 0.45818181874999997 0.34426229531249997 0.450909090625 0.31147540937499996 0.44000000000000006 0.27322404375 0.429090909375 0.2459016390625 0.41454545468750004 0.224043715625 0.4036363640625 0.224043715625 0.389090909375 0.24043715781250002 0.37818181875 0.25683060156250004 0.370909090625 0.32786885312499997 0.3745454546875 0.35519125625000003 0.3854545453125 0.3770491796875
3 0.45818181874999997 0.42622950781249996 0.46181818124999996 0.45355191250000004 0.4654545453125 0.464480875 0.5054545453125 0.45901639375 0.52 0.45901639375 0.5236363640625 0.45355191250000004 0.53818181875 0.45355191250000004 0.549090909375 0.42622950781249996 0.549090909375 0.398907103125 0.549090909375 0.32786885312499997 0.5454545453125 0.3005464484375 0.5345454546874999 0.2677595625 0.5236363640625 0.24043715781250002 0.509090909375 0.224043715625 0.49818181875 0.224043715625 0.4763636359375 0.229508196875 0.4727272734375 0.2459016390625 0.4727272734375 0.2677595625 0.4727272734375 0.2950819671875 0.46909090937500003 0.322404371875 0.4654545453125 0.34426229531249997 0.46181818124999996 0.3715847 0.45818181874999997 0.42622950781249996
1 0.6654545453125 0.63387978125 0.6727272734375 0.6612021859375 0.6872727265624999 0.677595628125 0.70181818125 0.677595628125 0.72 0.6557377046874999 0.7272727265625 0.63387978125 0.730909090625 0.6120218578125 0.730909090625 0.584699453125 0.7272727265625 0.5792349734375 0.709090909375 0.6120218578125 0.6836363640625 0.601092896875 0.6727272734375 0.595628415625 0.6654545453125 0.590163934375 0.6618181812499999 0.6120218578125 0.6654545453125 0.63387978125
3 0.5527272734374999 0.3934426234375 0.5563636359374999 0.42076502656250003 0.5709090906250001 0.43715847031250005 0.5927272734375 0.44808743125 0.6254545453125 0.42076502656250003 0.6327272734375 0.42076502656250003 0.6327272734375 0.3497267765625 0.61818181875 0.322404371875 0.610909090625 0.278688525 0.6036363640625 0.25683060156250004 0.6 0.2459016390625 0.57818181875 0.26229508125 0.5527272734374999 0.27322404375 0.549090909375 0.2896174859375 0.549090909375 0.322404371875 0.549090909375 0.35519125625000003 0.5527272734374999 0.3934426234375
3 0.7963636359375 0.48633879843749994 0.8036363640624999 0.42622950781249996 0.8072727265624999 0.38797814218750004 0.8 0.3606557375 0.789090909375 0.35519125625000003 0.7563636359375 0.3715847 0.73818181875 0.398907103125 0.730909090625 0.4426229515625 0.73818181875 0.4699453546875 0.749090909375 0.491803278125 0.7745454546875 0.491803278125 0.7963636359375 0.48633879843749994
3 0.130909090625 0.491803278125 0.14181818125 0.508196721875 0.1672727265625 0.48633879843749994 0.1672727265625 0.464480875 0.1672727265625 0.40437158437500004 0.1745454546875 0.3606557375 0.18181818125 0.3497267765625 0.17818181875 0.322404371875 0.16 0.3005464484375 0.14181818125 0.2950819671875 0.1272727265625 0.3060109296875 0.11636363593750002 0.32786885312499997 0.1127272734375 0.3825136609375 0.11636363593750002 0.44808743125 0.130909090625 0.491803278125
3 0.1854545453125 0.316939890625 0.2072727265625 0.34426229531249997 0.2254545453125 0.34426229531249997 0.24363636406250003 0.3497267765625 0.2545454546875 0.3497267765625 0.2654545453125 0.35519125625000003 0.2872727265625 0.32786885312499997 0.29454545468750004 0.3005464484375 0.28363636406250003 0.25683060156250004 0.2363636359375 0.229508196875 0.2254545453125 0.21857923437500001 0.2072727265625 0.2076502734375 0.2 0.21857923437500001 0.189090909375 0.2459016390625 0.1854545453125 0.278688525 0.1854545453125 0.316939890625
3 0.2654545453125 0.5792349734375 0.2763636359375 0.6174863390625001 0.290909090625 0.63387978125 0.3163636359375 0.6393442625 0.3345454546875 0.6174863390625001 0.34181818124999996 0.5683060109375 0.33818181875 0.5136612015625001 0.33090909062499996 0.47540983593749997 0.33090909062499996 0.4426229515625 0.30181818125 0.42622950781249996 0.27272727343750003 0.464480875 0.2654545453125 0.502732240625 0.2654545453125 0.535519125 0.2654545453125 0.5792349734375
3 0.5127272734375 0.5300546453125 0.5127272734375 0.5573770484375 0.5163636359375 0.6065573765625001 0.5163636359375 0.6502732234375 0.5163636359375 0.6830601093750001 0.53818181875 0.6885245906249999 0.5563636359374999 0.6830601093750001 0.5745454546875 0.6557377046874999 0.5890909093750001 0.6120218578125 0.5963636359375 0.5464480875 0.5963636359375 0.48633879843749994 0.5854545453125 0.45901639375 0.5709090906250001 0.44808743125 0.5454545453125 0.45355191250000004 0.530909090625 0.464480875 0.52 0.4808743171875 0.5127272734375 0.5300546453125
3 0.8036363640624999 0.415300546875 0.8036363640624999 0.45901639375 0.8036363640624999 0.47540983593749997 0.81818181875 0.48633879843749994 0.8254545453125001 0.4808743171875 0.8327272734375001 0.45901639375 0.8327272734375001 0.4316939890625 0.8290909093750001 0.3387978140625 0.8254545453125001 0.31147540937499996 0.8109090906249999 0.3005464484375 0.7963636359375 0.31147540937499996 0.7927272734375 0.32786885312499997 0.789090909375 0.35519125625000003 0.7963636359375 0.36612021875 0.8072727265624999 0.38797814218750004 0.8036363640624999 0.415300546875
3 0.050909090625 0.40983606562499997 0.0654545453125 0.45355191250000004 0.0945454546875 0.464480875 0.11636363593750002 0.45355191250000004 0.11636363593750002 0.35519125625000003 0.1127272734375 0.32786885312499997 0.1272727265625 0.3060109296875 0.11636363593750002 0.2841530046875 0.10545454531250001 0.2677595625 0.07272727343749999 0.25683060156250004 0.0654545453125 0.2841530046875 0.054545454687499995 0.322404371875 0.0436363640625 0.3606557375 0.050909090625 0.40983606562499997
3 0.5927272734375 0.590163934375 0.58181818125 0.6284153 0.57818181875 0.6557377046874999 0.58181818125 0.677595628125 0.6036363640625 0.6994535515625 0.6327272734375 0.6885245906249999 0.6581818187499999 0.6393442625 0.6654545453125 0.590163934375 0.669090909375 0.54098360625 0.669090909375 0.4808743171875 0.6654545453125 0.43715847031250005 0.6581818187499999 0.42622950781249996 0.6327272734375 0.42622950781249996 0.61818181875 0.43715847031250005 0.5927272734375 0.44808743125 0.5927272734375 0.4699453546875 0.5963636359375 0.5136612015625001 0.5963636359375 0.5573770484375 0.5927272734375 0.590163934375
3 0.669090909375 0.5573770484375 0.6654545453125 0.595628415625 0.6654545453125 0.6284153 0.6799999999999999 0.6612021859375 0.7054545453125 0.677595628125 0.72 0.6612021859375 0.7272727265625 0.6229508203125 0.73818181875 0.5136612015625001 0.7345454546875 0.4699453546875 0.7345454546875 0.4426229515625 0.7236363640625 0.42622950781249996 0.6945454546875001 0.415300546875 0.6763636359375 0.42076502656250003 0.6654545453125 0.4316939890625 0.6654545453125 0.4699453546875 0.6654545453125 0.5191256828124999 0.669090909375 0.5573770484375
3 0.33090909062499996 0.45901639375 0.3345454546875 0.5136612015625001 0.34181818124999996 0.5464480875 0.349090909375 0.590163934375 0.3527272734375 0.63387978125 0.3745454546875 0.6666666671875 0.41818181875000004 0.6557377046874999 0.429090909375 0.6174863390625001 0.41818181875000004 0.5136612015625001 0.41818181875000004 0.45901639375 0.41454545468750004 0.42076502656250003 0.4 0.398907103125 0.37818181875 0.3825136609375 0.349090909375 0.38797814218750004 0.33090909062499996 0.40437158437500004 0.33090909062499996 0.4316939890625 0.33090909062499996 0.45901639375
3 0.70181818125 0.415300546875 0.7163636359375001 0.4316939890625 0.7272727265625 0.43715847031250005 0.7345454546875 0.40437158437500004 0.749090909375 0.3825136609375 0.7636363640625 0.3715847 0.770909090625 0.34426229531249997 0.7745454546875 0.316939890625 0.7672727265625 0.3060109296875 0.74181818125 0.31147540937499996 0.69818181875 0.322404371875 0.6836363640625 0.316939890625 0.669090909375 0.32786885312499997 0.6654545453125 0.3497267765625 0.6654545453125 0.3770491796875 0.6836363640625 0.415300546875 0.70181818125 0.415300546875
3 0.45454545468749996 0.601092896875 0.45454545468749996 0.64480874375 0.4654545453125 0.6666666671875 0.4872727265625 0.677595628125 0.50181818125 0.6612021859375 0.5163636359375 0.6284153 0.5163636359375 0.584699453125 0.5163636359375 0.5245901640625 0.52 0.47540983593749997 0.48 0.464480875 0.4654545453125 0.47540983593749997 0.45818181874999997 0.502732240625 0.45454545468749996 0.5519125687499999 0.45454545468749996 0.601092896875
3 0.1672727265625 0.4426229515625 0.1745454546875 0.491803278125 0.18181818125 0.54098360625 0.1963636359375 0.595628415625 0.2036363640625 0.6174863390625001 0.2145454546875 0.6393442625 0.24727272656250002 0.6284153 0.26181818125 0.601092896875 0.269090909375 0.5628415296875 0.2654545453125 0.5136612015625001 0.27272727343750003 0.464480875 0.28363636406250003 0.4316939890625 0.27999999999999997 0.398907103125 0.2654545453125 0.36612021875 0.24363636406250003 0.3497267765625 0.2072727265625 0.3387978140625 0.1963636359375 0.3387978140625 0.17818181875 0.35519125625000003 0.1672727265625 0.38797814218750004 0.1672727265625 0.4426229515625