3 0.56146179375 0.63 0.57475083125 0.5900000000000001 0.5780730890625 0.5599999999999999 0.5780730890625 0.525 0.5780730890625 0.51 0.564784053125 0.51 0.554817275 0.505 0.5514950171875 0.515 0.5415282390625 0.52 0.5182724249999999 0.525 0.5083056484374999 0.54 0.5083056484374999 0.5549999999999999 0.5083056484374999 0.575 0.51162790625 0.605 0.521594684375 0.625 0.5415282390625 0.65 0.56146179375 0.63
3 0.6279069765624999 0.51 0.6378737546875 0.475 0.6378737546875 0.445 0.6312292359375 0.41500000000000004 0.6212624578125 0.385 0.61129568125 0.375 0.59800664375 0.37 0.57475083125 0.385 0.558139534375 0.41500000000000004 0.56146179375 0.445 0.558139534375 0.465 0.56146179375 0.495 0.56146179375 0.51 0.5880398671875 0.515 0.61129568125 0.52 0.6279069765624999 0.51
3 0.28571428593750003 0.51 0.312292359375 0.51 0.3322259140625 0.5 0.33887043125 0.475 0.33887043125 0.44000000000000006 0.3322259140625 0.41500000000000004 0.3222591359375 0.395 0.312292359375 0.375 0.2790697671875 0.375 0.269102990625 0.40499999999999997 0.26578073125 0.47000000000000003 0.269102990625 0.49000000000000005 0.28571428593750003 0.51
3 0.342192690625 0.505 0.35880398593749996 0.52 0.39202657812499997 0.525 0.4219269109375 0.525 0.445182725 0.51 0.445182725 0.495 0.44850498281249995 0.45499999999999996 0.44186046562500003 0.43 0.4318936875 0.4 0.41196013281250005 0.365 0.38538205937500003 0.36 0.355481728125 0.37 0.34551495 0.395 0.33887043125 0.43499999999999994 0.33887043125 0.475 0.342192690625 0.505
3 0.20930232499999998 0.495 0.21926910312499998 0.51 0.2392026578125 0.51 0.255813953125 0.48 0.26578073125 0.45499999999999996 0.26578073125 0.42000000000000004 0.25913621249999996 0.395 0.24584717656250002 0.375 0.2325581390625 0.365 0.21594684375 0.355 0.212624584375 0.38 0.20930232499999998 0.42000000000000004 0.2059800671875 0.45499999999999996 0.20930232499999998 0.495
3 0.312292359375 0.5900000000000001 0.3156146171875 0.61 0.33887043125 0.63 0.35880398593749996 0.615 0.3687707640625 0.58 0.37541528281250003 0.54 0.37541528281250003 0.525 0.3621262453125 0.525 0.34883720937499996 0.51 0.33887043125 0.49000000000000005 0.3322259140625 0.495 0.3222591359375 0.505 0.312292359375 0.515 0.312292359375 0.5599999999999999 0.312292359375 0.5900000000000001
3 0.6179401999999999 0.645 0.6345514953125 0.63 0.6411960140625 0.605 0.64784053125 0.55 0.644518271875 0.525 0.6411960140625 0.51 0.6345514953125 0.505 0.6212624578125 0.515 0.59800664375 0.52 0.5847176078125 0.52 0.5813953484375001 0.53 0.5813953484375001 0.5650000000000001 0.5813953484375001 0.585 0.5813953484375001 0.5900000000000001 0.5913621265625 0.625 0.59800664375 0.64 0.6179401999999999 0.645
3 0.26578073125 0.61 0.28571428593750003 0.61 0.30232558125 0.5900000000000001 0.305647840625 0.5599999999999999 0.30897009999999997 0.5349999999999999 0.30897009999999997 0.51 0.2890365453125 0.515 0.2790697671875 0.5 0.269102990625 0.495 0.26578073125 0.525 0.25913621249999996 0.5599999999999999 0.25249169375 0.595 0.26578073125 0.61
3 0.21594684375 0.605 0.23588039843750003 0.6 0.25249169375 0.58 0.255813953125 0.5599999999999999 0.262458471875 0.53 0.262458471875 0.51 0.262458471875 0.495 0.25249169375 0.49000000000000005 0.2425249171875 0.5 0.22923587968749998 0.51 0.212624584375 0.51 0.1993355484375 0.5349999999999999 0.19269102968750002 0.5700000000000001 0.19601328906249998 0.595 0.21594684375 0.605
3 0.4551495015625 0.625 0.4684385375 0.64 0.47176079687500005 0.645 0.4950166109375 0.63 0.5016611296875 0.605 0.5083056484374999 0.5650000000000001 0.5083056484374999 0.5349999999999999 0.5083056484374999 0.52 0.478405315625 0.52 0.4584717609375 0.515 0.45182724218750003 0.515 0.445182725 0.52 0.44186046562500003 0.55 0.44850498281249995 0.6 0.4551495015625 0.625
3 0.6943521593749999 0.495 0.700996678125 0.45499999999999996 0.7076411953124999 0.41 0.7043189375 0.395 0.7043189375 0.36 0.6976744187499999 0.35 0.6777408640625 0.355 0.65448505 0.375 0.6378737546875 0.41500000000000004 0.6345514953125 0.43499999999999994 0.6411960140625 0.475 0.651162790625 0.495 0.6644518265625 0.52 0.6777408640625 0.525 0.6943521593749999 0.495
3 0.38870431875 0.635 0.41196013281250005 0.635 0.4318936875 0.615 0.435215946875 0.5900000000000001 0.435215946875 0.55 0.43853820624999995 0.525 0.43853820624999995 0.515 0.428571428125 0.52 0.40199335625000004 0.525 0.3787375421875 0.525 0.37541528281250003 0.54 0.37541528281250003 0.5650000000000001 0.37541528281250003 0.595 0.3787375421875 0.62 0.38870431875 0.635
3 0.6943521593749999 0.61 0.687707640625 0.58 0.6777408640625 0.55 0.6677740859375 0.54 0.6644518265625 0.525 0.657807309375 0.515 0.65448505 0.51 0.651162790625 0.525 0.64784053125 0.545 0.6411960140625 0.575 0.6411960140625 0.585 0.64784053125 0.61 0.6611295687500001 0.63 0.687707640625 0.635 0.6943521593749999 0.61
3 0.4584717609375 0.515 0.485049834375 0.52 0.5083056484374999 0.52 0.528239203125 0.52 0.5448504984375 0.52 0.558139534375 0.49000000000000005 0.56146179375 0.45999999999999996 0.56146179375 0.425 0.5514950171875 0.395 0.5448504984375 0.375 0.5315614625 0.355 0.5083056484374999 0.35 0.481727575 0.355 0.4684385375 0.37 0.46179402031250005 0.4 0.45182724218750003 0.43 0.44850498281249995 0.45999999999999996 0.44850498281249995 0.5 0.4584717609375 0.515