3 0.776 0.1529411765625 0.784 0.18823529375 0.8 0.21176470625000002 0.828 0.22352941249999997 0.8480000000000001 0.22941176406250002 0.8720000000000001 0.23529411718749998 0.916 0.217647059375 0.932 0.18823529375 0.9400000000000001 0.1352941171875 0.932 0.1 0.916 0.0647058828125 0.8800000000000001 0.0352941171875 0.836 0.017647059375 0.808 0.0235294125 0.8 0.0470588234375 0.788 0.08235294062500001 0.784 0.1235294125 0.776 0.1529411765625
3 0.148 0.5588235296875 0.172 0.5764705875 0.2 0.5764705875 0.22000000000000003 0.5705882359375 0.244 0.5647058828125 0.252 0.5235294125000001 0.244 0.4705882359375 0.21200000000000002 0.42941176406250003 0.176 0.4352941171875 0.152 0.4470588234375 0.13999999999999999 0.4647058828125 0.128 0.5 0.136 0.5352941171875 0.148 0.5588235296875
3 0.23199999999999998 0.7352941171875 0.24 0.7176470593750001 0.264 0.7176470593750001 0.27599999999999997 0.6764705875 0.284 0.6352941171875 0.27999999999999997 0.6 0.256 0.5647058828125 0.22799999999999998 0.5647058828125 0.188 0.58823529375 0.176 0.6235294125 0.184 0.6647058828125 0.184 0.705882353125 0.23199999999999998 0.7352941171875
3 0.728 0.3529411765625 0.732 0.394117646875 0.748 0.42352941250000004 0.784 0.44117647031249996 0.8 0.4470588234375 0.828 0.4470588234375 0.8640000000000001 0.45294117656250005 0.8800000000000001 0.42941176406250003 0.9 0.4 0.908 0.35882352968750003 0.9039999999999999 0.317647059375 0.892 0.282352940625 0.876 0.2588235296875 0.8560000000000001 0.23529411718749998 0.828 0.22352941249999997 0.78 0.22941176406250002 0.764 0.24705882343750002 0.748 0.2588235296875 0.744 0.31176470625 0.736 0.3235294125 0.728 0.3529411765625
3 0.10400000000000001 0.2 0.132 0.217647059375 0.16799999999999998 0.22352941249999997 0.20400000000000001 0.21176470625000002 0.22000000000000003 0.1705882359375 0.22799999999999998 0.117647059375 0.22799999999999998 0.07647058749999999 0.21600000000000003 0.0588235296875 0.2 0.052941176562500004 0.16799999999999998 0.0588235296875 0.128 0.08235294062500001 0.096 0.10588235312500001 0.08399999999999999 0.1294117640625 0.08 0.1470588234375 0.08 0.1705882359375 0.08399999999999999 0.18235294062500002 0.10400000000000001 0.2
3 0.492 0.9235294125 0.524 0.91176470625 0.548 0.8823529406249999 0.536 0.8588235296875 0.524 0.8529411765624999 0.512 0.8352941171875001 0.5 0.8235294124999999 0.488 0.8235294124999999 0.472 0.8529411765624999 0.46399999999999997 0.88823529375 0.46399999999999997 0.917647059375 0.492 0.9235294125
3 0.5559999999999999 0.894117646875 0.588 0.88823529375 0.604 0.8764705875000001 0.624 0.8647058828124999 0.628 0.8352941171875001 0.624 0.81176470625 0.612 0.8 0.592 0.78823529375 0.572 0.7823529406249999 0.5599999999999999 0.78823529375 0.5519999999999999 0.8 0.548 0.817647059375 0.54 0.8411764703125 0.54 0.8647058828124999 0.548 0.8823529406249999 0.5559999999999999 0.894117646875
3 0.404 0.91176470625 0.42400000000000004 0.9235294125 0.45199999999999996 0.9235294125 0.46399999999999997 0.9058823531250001 0.46399999999999997 0.8764705875000001 0.45599999999999996 0.8529411765624999 0.44800000000000006 0.8352941171875001 0.43200000000000005 0.8235294124999999 0.40800000000000003 0.8470588234375 0.396 0.8647058828124999 0.388 0.88823529375 0.404 0.91176470625
3 0.08399999999999999 0.3647058828125 0.088 0.394117646875 0.10400000000000001 0.42352941250000004 0.132 0.44117647031249996 0.16399999999999998 0.42941176406250003 0.192 0.42941176406250003 0.21600000000000003 0.42352941250000004 0.23199999999999998 0.42352941250000004 0.24 0.3764705875 0.244 0.317647059375 0.24 0.2588235296875 0.22400000000000003 0.22941176406250002 0.192 0.217647059375 0.144 0.22352941249999997 0.128 0.217647059375 0.11200000000000002 0.23529411718749998 0.092 0.27647058750000003 0.088 0.317647059375 0.08399999999999999 0.3647058828125
3 0.708 0.7411764703125 0.712 0.7647058828125 0.744 0.7647058828125 0.772 0.7529411765625 0.796 0.7176470593750001 0.8 0.6705882359374999 0.792 0.6294117640625 0.776 0.6058823531249999 0.764 0.594117646875 0.724 0.5764705875 0.696 0.594117646875 0.6839999999999999 0.6 0.6759999999999999 0.6235294125 0.6719999999999999 0.6529411765625001 0.6759999999999999 0.6764705875 0.6759999999999999 0.7 0.6839999999999999 0.7 0.696 0.71176470625 0.708 0.7411764703125
3 0.272 0.8294117640625001 0.292 0.8294117640625001 0.296 0.81176470625 0.304 0.794117646875 0.312 0.78823529375 0.32 0.7705882359375 0.32 0.7470588234375 0.312 0.7352941171875 0.304 0.7235294125 0.288 0.7176470593750001 0.268 0.7176470593750001 0.248 0.7176470593750001 0.24 0.7235294125 0.236 0.7411764703125 0.236 0.78823529375 0.252 0.8294117640625001 0.272 0.8294117640625001
3 0.312 0.8588235296875 0.33599999999999997 0.8823529406249999 0.352 0.894117646875 0.38 0.894117646875 0.392 0.8705882359375 0.392 0.8470588234375 0.392 0.8 0.388 0.78823529375 0.376 0.7764705875 0.368 0.7705882359375 0.352 0.7705882359375 0.308 0.78823529375 0.296 0.8058823531250001 0.292 0.8294117640625001 0.312 0.8588235296875
3 0.6599999999999999 0.8470588234375 0.6839999999999999 0.8294117640625001 0.696 0.81176470625 0.704 0.8 0.708 0.78823529375 0.708 0.7647058828125 0.708 0.7529411765625 0.704 0.7352941171875 0.696 0.705882353125 0.6839999999999999 0.705882353125 0.6719999999999999 0.7 0.6519999999999999 0.705882353125 0.636 0.7235294125 0.628 0.7235294125 0.616 0.7352941171875 0.612 0.7705882359375 0.616 0.794117646875 0.628 0.817647059375 0.636 0.8411764703125 0.6599999999999999 0.8470588234375
3 0.784 0.6 0.808 0.594117646875 0.828 0.5647058828125 0.8240000000000001 0.5294117640625 0.82 0.48823529375 0.808 0.4705882359375 0.788 0.4470588234375 0.764 0.4470588234375 0.748 0.45294117656250005 0.728 0.4588235296875 0.712 0.4705882359375 0.7 0.5 0.696 0.517647059375 0.704 0.5470588234375 0.72 0.5705882359375 0.748 0.582352940625 0.768 0.594117646875 0.784 0.6