3 0.2440191390625 0.4788732390625 0.25837320625000004 0.5070422531250001 0.2775119625 0.5211267609375 0.2966507171875 0.5281690140624999 0.3205741625 0.5211267609375 0.3444976078125 0.5 0.33971291875 0.4788732390625 0.3062200953125 0.4647887328125 0.2966507171875 0.43661971875 0.2966507171875 0.42957746406249997 0.2966507171875 0.4084507046875 0.2966507171875 0.38732394375 0.2966507171875 0.35915492968749996 0.28229665000000004 0.345070421875 0.24880382812500001 0.33802816875 0.23923445000000002 0.345070421875 0.22966507187500002 0.35915492968749996 0.22966507187500002 0.39436619687499996 0.23923445000000002 0.443661971875 0.2440191390625 0.4788732390625
3 0.45933014375000003 0.6338028171875 0.48325358906250004 0.61267605625 0.49760765625000003 0.5845070421874999 0.49760765625000003 0.556338028125 0.4928229671875 0.542253521875 0.4928229671875 0.5352112671875 0.4736842109375 0.5352112671875 0.45454545468749996 0.5352112671875 0.4401913875 0.542253521875 0.4258373203125 0.56338028125 0.4258373203125 0.5845070421874999 0.43062200937500006 0.61267605625 0.4401913875 0.6267605640625 0.45933014375000003 0.6338028171875
3 0.770334928125 0.4718309859375 0.7751196171875 0.443661971875 0.77990430625 0.4084507046875 0.7846889953125 0.3661971828125 0.7846889953125 0.330985915625 0.77990430625 0.30985915468749997 0.770334928125 0.28873239375000004 0.7464114828125 0.28873239375000004 0.7272727265625 0.3028169015625 0.7272727265625 0.3239436625 0.7224880375 0.345070421875 0.7224880375 0.37323943593750003 0.7224880375 0.40140845 0.7177033500000001 0.42957746406249997 0.7033492828125001 0.43661971875 0.6937799046875 0.43661971875 0.688995215625 0.443661971875 0.6937799046875 0.45070422499999996 0.69856459375 0.45070422499999996 0.7081339718749999 0.4788732390625 0.7272727265625 0.5 0.7464114828125 0.492957746875 0.770334928125 0.4718309859375
3 0.30143540625 0.43661971875 0.30143540625 0.45774647812499997 0.3157894734375 0.4718309859375 0.35885167500000004 0.4788732390625 0.3827751203125 0.48591549218749996 0.3971291859375 0.4788732390625 0.401913875 0.4647887328125 0.4066985640625 0.42253521093749996 0.4066985640625 0.37323943593750003 0.411483253125 0.33802816875 0.401913875 0.3028169015625 0.3971291859375 0.2746478875 0.3732057421875 0.25352112656250003 0.35406698593749997 0.2464788734375 0.33492822968749997 0.2464788734375 0.3157894734375 0.267605634375 0.311004784375 0.3028169015625 0.30143540625 0.35915492968749996 0.30143540625 0.38732394375 0.30143540625 0.43661971875
3 0.5693779906249999 0.56338028125 0.5741626796875 0.542253521875 0.550239234375 0.5281690140624999 0.5358851671875 0.5281690140624999 0.531100478125 0.5140845078125 0.5263157890625 0.492957746875 0.5215311 0.4718309859375 0.5167464109375 0.48591549218749996 0.511961721875 0.5140845078125 0.50239234375 0.5281690140624999 0.4928229671875 0.542253521875 0.49760765625000003 0.5704225359375 0.49760765625000003 0.5774647890625 0.50239234375 0.605633803125 0.5263157890625 0.6197183093749999 0.5550239234375 0.5915492953125 0.5693779906249999 0.56338028125
3 0.7942583734374999 0.6338028171875 0.8133971296875 0.6478873234375 0.8325358859374999 0.6338028171875 0.8421052625 0.605633803125 0.8421052625 0.556338028125 0.8421052625 0.5140845078125 0.8325358859374999 0.48591549218749996 0.8133971296875 0.4718309859375 0.7846889953125 0.4718309859375 0.7559808609374999 0.48591549218749996 0.7368421046875 0.5070422531250001 0.7368421046875 0.5211267609375 0.7368421046875 0.549295775 0.7464114828125 0.5774647890625 0.7751196171875 0.61267605625 0.7942583734374999 0.6338028171875
3 0.5215311 0.4718309859375 0.5358851671875 0.5281690140624999 0.5645933015625 0.5352112671875 0.612440190625 0.5352112671875 0.6459330140625 0.5281690140624999 0.6650717703125 0.5 0.6650717703125 0.45774647812499997 0.6555023921875 0.443661971875 0.631578946875 0.42957746406249997 0.62200956875 0.4084507046875 0.6172248796875001 0.380281690625 0.612440190625 0.35915492968749996 0.6028708140625 0.330985915625 0.57894736875 0.3169014078125 0.5693779906249999 0.3169014078125 0.54066985625 0.345070421875 0.531100478125 0.3661971828125 0.5215311 0.39436619687499996 0.5215311 0.43661971875 0.5215311 0.4718309859375
3 0.148325359375 0.6267605640625 0.148325359375 0.654929578125 0.1531100484375 0.669014084375 0.172248803125 0.669014084375 0.1961722484375 0.66197183125 0.21531100468750003 0.6408450703125 0.22966507187500002 0.6267605640625 0.2440191390625 0.605633803125 0.2440191390625 0.556338028125 0.2440191390625 0.5352112671875 0.21531100468750003 0.5211267609375 0.1961722484375 0.5070422531250001 0.18181818125 0.5070422531250001 0.1578947375 0.5211267609375 0.1531100484375 0.542253521875 0.148325359375 0.5774647890625 0.148325359375 0.6267605640625
3 0.4066985640625 0.48591549218749996 0.401913875 0.4788732390625 0.392344496875 0.4788732390625 0.387559809375 0.5 0.3827751203125 0.5352112671875 0.392344496875 0.549295775 0.42105263125 0.556338028125 0.44976076562499995 0.542253521875 0.47846890000000003 0.5352112671875 0.50239234375 0.5281690140624999 0.511961721875 0.5140845078125 0.5167464109375 0.4788732390625 0.5167464109375 0.40140845 0.511961721875 0.380281690625 0.4928229671875 0.3521126765625 0.46889952187499995 0.330985915625 0.44976076562499995 0.33802816875 0.42105263125 0.3521126765625 0.411483253125 0.38732394375 0.401913875 0.42253521093749996 0.4066985640625 0.45774647812499997 0.4066985640625 0.48591549218749996
3 0.1435406703125 0.5 0.1674641140625 0.5070422531250001 0.1866028703125 0.5 0.1866028703125 0.4788732390625 0.18181818125 0.45070422499999996 0.172248803125 0.42253521093749996 0.1674641140625 0.4084507046875 0.148325359375 0.39436619687499996 0.13397129218749998 0.380281690625 0.12918660312500002 0.40140845 0.12918660312500002 0.43661971875 0.13397129218749998 0.4788732390625 0.1435406703125 0.5
3 0.24880382812500001 0.6267605640625 0.25837320625000004 0.6408450703125 0.28229665000000004 0.6338028171875 0.30143540625 0.61267605625 0.3157894734375 0.5845070421874999 0.3205741625 0.556338028125 0.3205741625 0.5281690140624999 0.311004784375 0.5281690140624999 0.291866028125 0.5352112671875 0.27272727343750003 0.5211267609375 0.2631578953125 0.5070422531250001 0.2535885171875 0.5070422531250001 0.24880382812500001 0.5352112671875 0.2440191390625 0.56338028125 0.2440191390625 0.605633803125 0.24880382812500001 0.6267605640625
3 0.6459330140625 0.6267605640625 0.66028708125 0.59859155 0.6650717703125 0.556338028125 0.6650717703125 0.5070422531250001 0.6555023921875 0.5140845078125 0.6459330140625 0.5281690140624999 0.6172248796875001 0.5352112671875 0.598086125 0.5352112671875 0.57894736875 0.542253521875 0.5837320578125 0.5774647890625 0.5933014359375 0.605633803125 0.6172248796875001 0.6267605640625 0.6459330140625 0.6267605640625
3 0.7368421046875 0.59859155 0.7368421046875 0.5704225359375 0.732057415625 0.5281690140624999 0.732057415625 0.5070422531250001 0.7177033500000001 0.492957746875 0.7081339718749999 0.4788732390625 0.69856459375 0.45774647812499997 0.688995215625 0.45070422499999996 0.6746411484375 0.45070422499999996 0.66028708125 0.45070422499999996 0.6650717703125 0.4647887328125 0.66028708125 0.492957746875 0.66028708125 0.5281690140624999 0.6650717703125 0.549295775 0.6794258375 0.56338028125 0.6937799046875 0.5915492953125 0.7177033500000001 0.59859155 0.7368421046875 0.59859155
3 0.8468899515625001 0.443661971875 0.8564593296874999 0.40140845 0.8564593296874999 0.3521126765625 0.8564593296874999 0.3169014078125 0.8421052625 0.3028169015625 0.81818181875 0.30985915468749997 0.7990430625 0.345070421875 0.7846889953125 0.3661971828125 0.77990430625 0.42957746406249997 0.7942583734374999 0.45070422499999996 0.8133971296875 0.4788732390625 0.8373205734375 0.4788732390625 0.8468899515625001 0.443661971875
3 0.2009569375 0.5070422531250001 0.22009569375 0.5211267609375 0.23923445000000002 0.5070422531250001 0.24880382812500001 0.5 0.2440191390625 0.48591549218749996 0.23923445000000002 0.4647887328125 0.23444976093749997 0.43661971875 0.23444976093749997 0.4084507046875 0.210526315625 0.39436619687499996 0.1961722484375 0.38732394375 0.1866028703125 0.37323943593750003 0.1770334921875 0.37323943593750003 0.1770334921875 0.39436619687499996 0.1770334921875 0.42957746406249997 0.1866028703125 0.48591549218749996 0.2009569375 0.5070422531250001
3 0.6172248796875001 0.4084507046875 0.631578946875 0.43661971875 0.650717703125 0.45070422499999996 0.6746411484375 0.45070422499999996 0.688995215625 0.443661971875 0.7081339718749999 0.43661971875 0.7224880375 0.4084507046875 0.7272727265625 0.37323943593750003 0.7224880375 0.33802816875 0.7177033500000001 0.3028169015625 0.7129186609375 0.267605634375 0.7033492828125001 0.23943662031250001 0.6794258375 0.232394365625 0.6555023921875 0.22535211249999998 0.631578946875 0.25352112656250003 0.62200956875 0.281690140625 0.6172248796875001 0.3239436625 0.6172248796875001 0.37323943593750003 0.6172248796875001 0.4084507046875
3 0.3732057421875 0.6338028171875 0.387559809375 0.6197183093749999 0.401913875 0.5774647890625 0.401913875 0.56338028125 0.3971291859375 0.556338028125 0.387559809375 0.542253521875 0.3827751203125 0.5211267609375 0.387559809375 0.492957746875 0.387559809375 0.48591549218749996 0.37799043125 0.48591549218749996 0.33971291875 0.4788732390625 0.33971291875 0.492957746875 0.3253588515625 0.5140845078125 0.3205741625 0.5281690140624999 0.3205741625 0.56338028125 0.3253588515625 0.59859155 0.33971291875 0.6267605640625 0.3732057421875 0.6338028171875