3 0.9384057968749999 0.44808743125 0.9384057968749999 0.398907103125 0.9456521734375001 0.36612021875 0.9420289859375 0.322404371875 0.9311594203125001 0.2950819671875 0.9202898546875 0.27322404375 0.8913043484375001 0.2677595625 0.8586956515624999 0.2896174859375 0.862318840625 0.3387978140625 0.87318840625 0.36612021875 0.87681159375 0.38797814218750004 0.8804347828125 0.4316939890625 0.87318840625 0.4699453546875 0.8586956515624999 0.5136612015625001 0.87318840625 0.5191256828124999 0.898550725 0.5245901640625 0.92391304375 0.491803278125 0.9384057968749999 0.44808743125
3 0.735507246875 0.464480875 0.7318840578125 0.40983606562499997 0.72463768125 0.38797814218750004 0.713768115625 0.34426229531249997 0.6884057968749999 0.3060109296875 0.6557971015625 0.31147540937499996 0.6413043484375 0.34426229531249997 0.637681159375 0.3825136609375 0.637681159375 0.42622950781249996 0.6449275359375 0.45901639375 0.6449275359375 0.502732240625 0.648550725 0.535519125 0.67391304375 0.54098360625 0.70289855 0.5300546453125 0.7282608703125 0.5136612015625001 0.735507246875 0.464480875
3 0.3695652171875 0.721311475 0.387681159375 0.7486338796875 0.4166666671875 0.73770491875 0.434782609375 0.721311475 0.45289855 0.7103825140625 0.46014492812499996 0.672131146875 0.46376811562500003 0.6174863390625001 0.46376811562500003 0.590163934375 0.46376811562500003 0.5737704921875 0.45289855 0.5628415296875 0.4311594203125 0.5573770484375 0.40579710156250004 0.5519125687499999 0.3840579703125 0.5683060109375 0.37318840625 0.595628415625 0.3695652171875 0.64480874375 0.3695652171875 0.6830601093750001 0.3695652171875 0.721311475
3 0.27173912968749997 0.7103825140625 0.28985507187500004 0.72677595625 0.32608695625 0.7158469953125 0.3478260875 0.7049180328125 0.3550724640625 0.6830601093750001 0.3659420296875 0.672131146875 0.37318840625 0.6393442625 0.37318840625 0.595628415625 0.37318840625 0.5628415296875 0.3659420296875 0.54098360625 0.34420289843749996 0.535519125 0.3079710140625 0.5519125687499999 0.3007246375 0.5737704921875 0.28985507187500004 0.6284153 0.2789855078125 0.6612021859375 0.27173912968749997 0.7103825140625
3 0.07971014531250001 0.6502732234375 0.101449275 0.6612021859375 0.12681159375 0.6612021859375 0.1413043484375 0.64480874375 0.148550725 0.6284153 0.15579710156249998 0.5683060109375 0.1666666671875 0.54098360625 0.15942029062500002 0.54098360625 0.1413043484375 0.5464480875 0.1304347828125 0.54098360625 0.11956521718749999 0.5191256828124999 0.112318840625 0.5245901640625 0.090579709375 0.54098360625 0.07608695625 0.584699453125 0.07608695625 0.6174863390625001 0.07971014531250001 0.6502732234375
3 0.54710145 0.5464480875 0.5797101453125 0.5519125687499999 0.6195652171875 0.5573770484375 0.6413043484375 0.5300546453125 0.6449275359375 0.4808743171875 0.637681159375 0.42076502656250003 0.637681159375 0.35519125625000003 0.6304347828125 0.322404371875 0.6159420296875 0.2950819671875 0.5978260875 0.2841530046875 0.5724637687499999 0.2896174859375 0.5434782609375 0.3060109296875 0.52536231875 0.32786885312499997 0.5036231890625 0.36612021875 0.5036231890625 0.415300546875 0.5036231890625 0.47540983593749997 0.5036231890625 0.5191256828124999 0.54710145 0.5464480875
3 0.11956521718749999 0.535519125 0.148550725 0.5464480875 0.1666666671875 0.5245901640625 0.17391304375 0.508196721875 0.17753623125 0.45901639375 0.1811594203125 0.40437158437500004 0.1702898546875 0.3715847 0.15942029062500002 0.35519125625000003 0.148550725 0.3333333328125 0.137681159375 0.3333333328125 0.11956521718749999 0.35519125625000003 0.112318840625 0.38797814218750004 0.10869565156250001 0.4316939890625 0.112318840625 0.497267759375 0.11956521718749999 0.535519125
3 0.5942028984375 0.7868852453125 0.6159420296875 0.765027321875 0.6304347828125 0.6830601093750001 0.6413043484375 0.6284153 0.6449275359375 0.5792349734375 0.6413043484375 0.5519125687499999 0.6231884062499999 0.5519125687499999 0.5833333328125 0.5573770484375 0.5615942031250001 0.5573770484375 0.5543478265624999 0.590163934375 0.5507246375 0.63387978125 0.5507246375 0.6612021859375 0.54710145 0.6994535515625 0.5543478265624999 0.7431693984375001 0.5688405796875 0.7759562843750001 0.5942028984375 0.7868852453125
3 0.8804347828125 0.7103825140625 0.8804347828125 0.64480874375 0.87681159375 0.5792349734375 0.87318840625 0.5573770484375 0.8586956515624999 0.535519125 0.82608695625 0.535519125 0.8079710140625 0.535519125 0.8007246374999999 0.5573770484375 0.789855071875 0.5737704921875 0.79710145 0.595628415625 0.8007246374999999 0.6284153 0.8043478265624999 0.6612021859375 0.8188405796874999 0.6939890703125 0.82608695625 0.7158469953125 0.8442028984375 0.7431693984375001 0.8695652171875 0.7431693984375001 0.8804347828125 0.7103825140625
3 0.1413043484375 0.6502732234375 0.1413043484375 0.677595628125 0.1413043484375 0.7103825140625 0.1702898546875 0.72677595625 0.19565217343750002 0.7158469953125 0.210144928125 0.6885245906249999 0.21376811562500003 0.64480874375 0.2210144921875 0.5792349734375 0.23188405781250002 0.5464480875 0.20289855 0.54098360625 0.188405796875 0.5245901640625 0.17753623125 0.54098360625 0.163043478125 0.5737704921875 0.15579710156249998 0.601092896875 0.148550725 0.6284153 0.1413043484375 0.6502732234375
3 0.210144928125 0.6885245906249999 0.22826087031250003 0.7103825140625 0.2536231890625 0.6994535515625 0.2681159421875 0.6939890703125 0.2826086953125 0.6666666671875 0.2934782609375 0.6229508203125 0.28985507187500004 0.584699453125 0.2789855078125 0.5464480875 0.2572463765625 0.54098360625 0.2427536234375 0.5519125687499999 0.22826087031250003 0.5683060109375 0.2210144921875 0.6065573765625001 0.21376811562500003 0.6557377046874999 0.210144928125 0.6885245906249999
3 0.8804347828125 0.4426229515625 0.8804347828125 0.38797814218750004 0.87318840625 0.3606557375 0.862318840625 0.3387978140625 0.8369565218749999 0.3497267765625 0.8224637687499999 0.3825136609375 0.8188405796874999 0.42622950781249996 0.8188405796874999 0.47540983593749997 0.8115942031250001 0.502732240625 0.8152173906250001 0.5300546453125 0.8369565218749999 0.5300546453125 0.8659420296875 0.508196721875 0.8804347828125 0.4426229515625
3 0.1811594203125 0.502732240625 0.1811594203125 0.535519125 0.2065217390625 0.54098360625 0.23913043437499998 0.54098360625 0.2572463765625 0.5136612015625001 0.260869565625 0.47540983593749997 0.2572463765625 0.40983606562499997 0.24637681093750002 0.3715847 0.23188405781250002 0.3387978140625 0.2173913046875 0.322404371875 0.20289855 0.316939890625 0.184782609375 0.322404371875 0.17391304375 0.35519125625000003 0.17391304375 0.40437158437500004 0.17753623125 0.4699453546875 0.1811594203125 0.502732240625
3 0.710144928125 0.7923497265624999 0.7282608703125 0.770491803125 0.7318840578125 0.6994535515625 0.7282608703125 0.64480874375 0.7173913046875 0.5792349734375 0.7065217390625 0.5519125687499999 0.6920289859375 0.54098360625 0.663043478125 0.54098360625 0.6521739125 0.5683060109375 0.637681159375 0.6393442625 0.637681159375 0.672131146875 0.637681159375 0.6885245906249999 0.637681159375 0.7158469953125 0.659420290625 0.7486338796875 0.6956521734375001 0.7759562843750001 0.710144928125 0.7923497265624999
3 0.260869565625 0.5245901640625 0.27173912968749997 0.535519125 0.3007246375 0.54098360625 0.3188405796875 0.535519125 0.340579709375 0.535519125 0.3550724640625 0.502732240625 0.3550724640625 0.42076502656250003 0.3478260875 0.38797814218750004 0.34420289843749996 0.35519125625000003 0.3333333328125 0.32786885312499997 0.315217390625 0.31147540937499996 0.2934782609375 0.31147540937499996 0.27173912968749997 0.32786885312499997 0.2572463765625 0.38797814218750004 0.2572463765625 0.4426229515625 0.260869565625 0.497267759375 0.260869565625 0.5245901640625
3 0.3550724640625 0.5136612015625001 0.37318840625 0.5519125687499999 0.4166666671875 0.5573770484375 0.46376811562500003 0.5628415296875 0.489130434375 0.5573770484375 0.49637681093749997 0.491803278125 0.49637681093749997 0.40983606562499997 0.4818840578125 0.3497267765625 0.45289855 0.31147540937499996 0.398550725 0.316939890625 0.37318840625 0.32786885312499997 0.3586956515625 0.3715847 0.3550724640625 0.42076502656250003 0.3550724640625 0.5136612015625001
3 0.4782608703125 0.7595628421875 0.5 0.7759562843750001 0.5289855078125 0.7540983609375 0.5434782609375 0.6885245906249999 0.54710145 0.6174863390625001 0.54710145 0.5519125687499999 0.536231884375 0.5464480875 0.5036231890625 0.5519125687499999 0.4710144921875 0.5683060109375 0.46739130468749995 0.5792349734375 0.46376811562500003 0.6174863390625001 0.46376811562500003 0.6830601093750001 0.46739130468749995 0.721311475 0.4782608703125 0.7595628421875
3 0.8188405796874999 0.7431693984375001 0.8152173906250001 0.6939890703125 0.8115942031250001 0.6502732234375 0.79710145 0.595628415625 0.7826086953125 0.5628415296875 0.7717391296875 0.54098360625 0.7536231890625 0.5300546453125 0.72463768125 0.535519125 0.710144928125 0.5519125687499999 0.7210144921875 0.601092896875 0.72463768125 0.6502732234375 0.7282608703125 0.672131146875 0.7318840578125 0.6885245906249999 0.75 0.721311475 0.77536231875 0.765027321875 0.8007246374999999 0.765027321875 0.8188405796874999 0.7431693984375001
3 0.960144928125 0.677595628125 0.960144928125 0.6284153 0.9565217390624999 0.590163934375 0.9456521734375001 0.5683060109375 0.9202898546875 0.535519125 0.9021739125 0.5300546453125 0.87318840625 0.5300546453125 0.8659420296875 0.5519125687499999 0.8804347828125 0.6065573765625001 0.8804347828125 0.63387978125 0.8840579703125 0.672131146875 0.8840579703125 0.6830601093750001 0.8949275359375 0.6939890703125 0.92391304375 0.7049180328125 0.9565217390624999 0.7049180328125 0.960144928125 0.677595628125
3 0.8007246374999999 0.5245901640625 0.8152173906250001 0.497267759375 0.8188405796874999 0.464480875 0.8188405796874999 0.415300546875 0.8188405796874999 0.3770491796875 0.8224637687499999 0.3387978140625 0.8224637687499999 0.31147540937499996 0.8152173906250001 0.27322404375 0.8043478265624999 0.26229508125 0.7934782609375 0.26229508125 0.7681159421875 0.2841530046875 0.739130434375 0.3387978140625 0.72463768125 0.36612021875 0.72463768125 0.398907103125 0.7282608703125 0.415300546875 0.7282608703125 0.464480875 0.7282608703125 0.4808743171875 0.7282608703125 0.497267759375 0.739130434375 0.5245901640625 0.77536231875 0.54098360625 0.7934782609375 0.54098360625 0.8007246374999999 0.5245901640625