3 0.6599999999999999 0.4966666671875 0.662 0.4766666671875 0.6599999999999999 0.45999999999999996 0.658 0.4566666671875 0.654 0.45999999999999996 0.65 0.4766666671875 0.648 0.48666666718749996 0.646 0.5 0.646 0.51 0.644 0.5266666671875 0.646 0.53 0.6519999999999999 0.53 0.658 0.5166666671875 0.6599999999999999 0.4966666671875
3 0.54 0.6733333328125 0.548 0.67 0.5519999999999999 0.6599999999999999 0.5559999999999999 0.6466666671875 0.558 0.6333333328124999 0.5599999999999999 0.62 0.5559999999999999 0.6133333328125 0.544 0.61 0.528 0.61 0.522 0.6166666671875001 0.52 0.63 0.52 0.6466666671875 0.52 0.6599999999999999 0.53 0.67 0.54 0.6733333328125
3 0.618 0.62 0.618 0.5966666671875 0.618 0.5866666671874999 0.614 0.5766666671875 0.606 0.5700000000000001 0.5980000000000001 0.5733333328125 0.5860000000000001 0.5866666671874999 0.5860000000000001 0.5966666671875 0.592 0.6066666671875 0.592 0.6266666671875 0.5900000000000001 0.6433333328125 0.5980000000000001 0.65 0.61 0.6466666671875 0.616 0.6366666671875 0.618 0.62
3 0.386 0.5333333328125 0.396 0.5266666671875 0.4 0.52 0.398 0.5 0.396 0.48333333281249996 0.392 0.47000000000000003 0.384 0.45999999999999996 0.38 0.44666666718750003 0.376 0.46666666718750005 0.376 0.4966666671875 0.38 0.5166666671875 0.386 0.5333333328125
3 0.64 0.5900000000000001 0.642 0.61 0.648 0.61 0.65 0.6 0.6519999999999999 0.5900000000000001 0.6519999999999999 0.5700000000000001 0.65 0.5533333328125 0.646 0.54 0.644 0.54 0.64 0.5466666671875 0.636 0.5566666671875 0.632 0.5599999999999999 0.632 0.5666666671875 0.638 0.58 0.64 0.5900000000000001
3 0.522 0.58 0.534 0.5866666671874999 0.5519999999999999 0.5866666671874999 0.564 0.5866666671874999 0.5700000000000001 0.58 0.576 0.5700000000000001 0.5780000000000001 0.5533333328125 0.576 0.5333333328125 0.576 0.5233333328125 0.572 0.5 0.568 0.48 0.562 0.4766666671875 0.5599999999999999 0.4733333328125 0.548 0.47000000000000003 0.542 0.4733333328125 0.53 0.48333333281249996 0.526 0.5033333328125 0.522 0.5266666671875 0.52 0.5466666671875 0.52 0.5733333328125 0.522 0.58
3 0.5900000000000001 0.65 0.592 0.6333333328124999 0.5940000000000001 0.6133333328125 0.592 0.6033333328125 0.5820000000000001 0.5933333328125 0.5700000000000001 0.5933333328125 0.5599999999999999 0.6 0.5559999999999999 0.61 0.558 0.6233333328125 0.5559999999999999 0.6333333328124999 0.554 0.6533333328125 0.558 0.6666666671875 0.572 0.67 0.5780000000000001 0.6666666671875 0.5900000000000001 0.65
3 0.426 0.5433333328125001 0.42800000000000005 0.5533333328125 0.434 0.5566666671875 0.44400000000000006 0.5633333328125001 0.454 0.5633333328125001 0.462 0.5566666671875 0.466 0.5433333328125001 0.466 0.5266666671875 0.46399999999999997 0.5066666671875 0.462 0.4966666671875 0.454 0.48 0.45 0.46666666718750005 0.446 0.46333333281250005 0.43600000000000005 0.4733333328125 0.43 0.48666666718749996 0.42800000000000005 0.51 0.42800000000000005 0.53 0.426 0.5433333328125001
3 0.404 0.6066666671875 0.41 0.6133333328125 0.418 0.6033333328125 0.42400000000000004 0.5866666671874999 0.42800000000000005 0.5733333328125 0.42800000000000005 0.5566666671875 0.418 0.55 0.40800000000000003 0.5566666671875 0.4 0.5633333328125001 0.396 0.58 0.396 0.5933333328125 0.404 0.6066666671875
3 0.43 0.6366666671875 0.438 0.6433333328125 0.44400000000000006 0.64 0.45 0.6266666671875 0.45 0.61 0.446 0.5966666671875 0.44400000000000006 0.58 0.438 0.5700000000000001 0.43 0.5766666671875 0.42400000000000004 0.5866666671874999 0.418 0.6 0.41600000000000004 0.62 0.418 0.63 0.43 0.6366666671875
3 0.608 0.5700000000000001 0.614 0.5599999999999999 0.618 0.5466666671875 0.618 0.53 0.62 0.5066666671875 0.614 0.4933333328125 0.612 0.48333333281249996 0.608 0.4766666671875 0.606 0.47000000000000003 0.5980000000000001 0.46333333281250005 0.596 0.46333333281250005 0.5860000000000001 0.4733333328125 0.5780000000000001 0.4933333328125 0.5740000000000001 0.51 0.5780000000000001 0.54 0.5780000000000001 0.5566666671875 0.5820000000000001 0.5633333328125001 0.592 0.5733333328125 0.5980000000000001 0.5700000000000001 0.608 0.5700000000000001
3 0.49800000000000005 0.6733333328125 0.506 0.6733333328125 0.514 0.6666666671875 0.52 0.6533333328125 0.52 0.6366666671875 0.52 0.62 0.52 0.6133333328125 0.52 0.61 0.508 0.6066666671875 0.49800000000000005 0.6066666671875 0.488 0.61 0.48600000000000004 0.6333333328124999 0.48600000000000004 0.65 0.48600000000000004 0.6599999999999999 0.49000000000000005 0.6666666671875 0.49800000000000005 0.6733333328125
3 0.39 0.5866666671874999 0.404 0.5666666671875 0.41 0.5566666671875 0.41600000000000004 0.55 0.41 0.5433333328125001 0.40800000000000003 0.54 0.404 0.5266666671875 0.398 0.5233333328125 0.394 0.5266666671875 0.39 0.5333333328125 0.384 0.5433333328125001 0.38 0.5666666671875 0.38 0.5833333328125 0.39 0.5866666671874999
3 0.46799999999999997 0.6599999999999999 0.476 0.6599999999999999 0.484 0.65 0.48600000000000004 0.6333333328124999 0.48600000000000004 0.6166666671875001 0.48200000000000004 0.6033333328125 0.472 0.5966666671875 0.462 0.5933333328125 0.45199999999999996 0.5966666671875 0.45 0.61 0.44800000000000006 0.6233333328125 0.45 0.63 0.45 0.6366666671875 0.45199999999999996 0.65 0.458 0.6566666671875 0.46799999999999997 0.6599999999999999
3 0.646 0.51 0.646 0.49000000000000005 0.648 0.4766666671875 0.648 0.45999999999999996 0.646 0.45 0.636 0.4533333328125 0.628 0.46333333281250005 0.622 0.48333333281249996 0.62 0.51 0.62 0.5266666671875 0.618 0.5366666671875 0.618 0.5433333328125001 0.626 0.5566666671875 0.63 0.5599999999999999 0.638 0.5566666671875 0.646 0.51
3 0.466 0.5666666671875 0.46799999999999997 0.5766666671875 0.48 0.5833333328125 0.49400000000000005 0.5833333328125 0.508 0.5833333328125 0.514 0.58 0.52 0.5700000000000001 0.522 0.5566666671875 0.522 0.5366666671875 0.518 0.5133333328125 0.514 0.5 0.512 0.4966666671875 0.508 0.49000000000000005 0.504 0.48666666718749996 0.496 0.48 0.492 0.4766666671875 0.48200000000000004 0.48 0.472 0.48666666718749996 0.466 0.52 0.466 0.53 0.466 0.5466666671875 0.466 0.5666666671875
3 0.40599999999999997 0.54 0.41 0.5466666671875 0.42000000000000004 0.54 0.42800000000000005 0.53 0.43 0.5166666671875 0.43 0.5 0.422 0.48666666718749996 0.41600000000000004 0.47000000000000003 0.41 0.45999999999999996 0.40800000000000003 0.4566666671875 0.4 0.4566666671875 0.396 0.48 0.396 0.5033333328125 0.40199999999999997 0.53 0.40599999999999997 0.54
3 0.64 0.5866666671874999 0.634 0.5633333328125001 0.63 0.5599999999999999 0.626 0.5566666671875 0.62 0.5533333328125 0.614 0.5700000000000001 0.612 0.5766666671875 0.616 0.5833333328125 0.618 0.5966666671875 0.618 0.6066666671875 0.62 0.6266666671875 0.628 0.63 0.638 0.6266666671875 0.642 0.61 0.64 0.5866666671874999