3 0.4066666671875 0.395 0.42000000000000004 0.39 0.43 0.375 0.43333333281249997 0.365 0.4266666671875 0.355 0.4166666671875 0.355 0.4 0.355 0.3933333328125 0.36 0.3933333328125 0.375 0.4 0.39 0.4066666671875 0.395
3 0.5766666671875 0.41 0.5900000000000001 0.41 0.5966666671875 0.395 0.6 0.375 0.5966666671875 0.36 0.5900000000000001 0.35 0.58 0.34500000000000003 0.5666666671875 0.34500000000000003 0.5533333328125 0.355 0.5433333328125001 0.375 0.54 0.39 0.5433333328125001 0.41 0.5533333328125 0.41500000000000004 0.5766666671875 0.41
3 0.5833333328125 0.515 0.5900000000000001 0.51 0.5966666671875 0.51 0.5966666671875 0.5 0.5966666671875 0.485 0.5933333328125 0.48 0.5866666671874999 0.48 0.58 0.475 0.5733333328125 0.48 0.5633333328125001 0.48 0.5633333328125001 0.495 0.5633333328125001 0.51 0.5700000000000001 0.515 0.5833333328125 0.515
3 0.6033333328125 0.505 0.6133333328125 0.5 0.6233333328125 0.495 0.6333333328124999 0.48 0.63 0.47000000000000003 0.6266666671875 0.465 0.62 0.45499999999999996 0.61 0.45499999999999996 0.6033333328125 0.47000000000000003 0.6 0.48 0.6 0.495 0.6 0.5 0.6033333328125 0.505
3 0.6633333328125001 0.39 0.6666666671875 0.375 0.6666666671875 0.365 0.6633333328125001 0.355 0.6533333328125 0.355 0.6433333328125 0.365 0.64 0.37 0.6433333328125 0.385 0.6466666671875 0.395 0.6566666671875 0.4 0.6633333328125001 0.39
3 0.47000000000000003 0.51 0.48666666718749996 0.515 0.49000000000000005 0.515 0.49000000000000005 0.5 0.48666666718749996 0.49000000000000005 0.48333333281249996 0.485 0.4766666671875 0.48 0.47000000000000003 0.475 0.46333333281250005 0.48 0.4566666671875 0.485 0.4533333328125 0.495 0.4566666671875 0.505 0.47000000000000003 0.51
3 0.42000000000000004 0.485 0.43333333281249997 0.495 0.44333333281250004 0.5 0.45 0.5 0.45 0.49000000000000005 0.45 0.48 0.44333333281250004 0.47000000000000003 0.43666666718749997 0.45999999999999996 0.4266666671875 0.45999999999999996 0.4233333328125 0.45999999999999996 0.4166666671875 0.465 0.41 0.47000000000000003 0.42000000000000004 0.485
3 0.5233333328125 0.515 0.5266666671875 0.5 0.5266666671875 0.49000000000000005 0.52 0.485 0.5066666671875 0.48 0.4933333328125 0.485 0.4933333328125 0.49000000000000005 0.4933333328125 0.515 0.5033333328125 0.515 0.5166666671875 0.515 0.5233333328125 0.515
3 0.48 0.395 0.48666666718749996 0.40499999999999997 0.4966666671875 0.41500000000000004 0.51 0.41500000000000004 0.5266666671875 0.41500000000000004 0.5366666671875 0.41500000000000004 0.5433333328125001 0.395 0.5433333328125001 0.385 0.54 0.37 0.53 0.355 0.5166666671875 0.35 0.4966666671875 0.35 0.48666666718749996 0.355 0.48 0.365 0.48 0.385 0.48 0.395
3 0.5466666671875 0.52 0.5566666671875 0.515 0.5599999999999999 0.505 0.5599999999999999 0.495 0.5599999999999999 0.48 0.55 0.48 0.5366666671875 0.485 0.5266666671875 0.485 0.5266666671875 0.49000000000000005 0.5266666671875 0.505 0.5266666671875 0.515 0.5366666671875 0.52 0.5466666671875 0.52
3 0.44666666718750003 0.4 0.46333333281250005 0.40499999999999997 0.4733333328125 0.395 0.4766666671875 0.38 0.4733333328125 0.36 0.46333333281250005 0.35 0.44000000000000006 0.35 0.43333333281249997 0.365 0.43666666718749997 0.38 0.43666666718749997 0.39 0.44666666718750003 0.4
3 0.6266666671875 0.395 0.6333333328124999 0.39 0.6366666671875 0.38 0.6366666671875 0.365 0.6366666671875 0.35 0.63 0.34500000000000003 0.6233333328125 0.34500000000000003 0.61 0.355 0.6033333328125 0.365 0.5966666671875 0.375 0.6 0.385 0.6066666671875 0.39 0.6166666671875001 0.395 0.6266666671875 0.395