3 0.06 0.540740740625 0.08 0.577777778125 0.12 0.6 0.125 0.5851851859375 0.15 0.5851851859375 0.16999999999999998 0.577777778125 0.19 0.5481481484375 0.195 0.45185185156249996 0.195 0.4 0.195 0.3703703703125 0.16999999999999998 0.3333333328125 0.16 0.303703703125 0.145 0.2888888890625 0.125 0.2666666671875 0.10500000000000001 0.2740740734375 0.08499999999999999 0.296296296875 0.06999999999999999 0.3481481484375 0.06 0.4148148140625 0.05500000000000001 0.4888888890625 0.06 0.540740740625
3 0.16999999999999998 0.8370370375 0.2 0.8740740734375001 0.22999999999999998 0.8518518515625001 0.25 0.8148148140625 0.26 0.7851851859375001 0.275 0.75555555625 0.27999999999999997 0.7259259265625 0.275 0.6888888890625 0.27 0.6148148140624999 0.26 0.5925925921874999 0.24 0.5851851859375 0.215 0.577777778125 0.195 0.5629629625 0.19 0.5555555562500001 0.175 0.577777778125 0.13999999999999999 0.6074074078125 0.145 0.6888888890625 0.145 0.7333333328125 0.155 0.7629629625 0.16999999999999998 0.8370370375
3 0.545 0.377777778125 0.545 0.42222222187499997 0.545 0.459259259375 0.55 0.503703703125 0.545 0.5481481484375 0.58 0.5703703703125 0.605 0.5703703703125 0.64 0.577777778125 0.655 0.577777778125 0.67 0.5703703703125 0.6849999999999999 0.5703703703125 0.6950000000000001 0.577777778125 0.705 0.5703703703125 0.72 0.5555555562500001 0.725 0.5481481484375 0.73 0.51851851875 0.73 0.47407407343749997 0.72 0.4074074078125 0.72 0.377777778125 0.705 0.340740740625 0.7 0.28148148125 0.6900000000000001 0.259259259375 0.6799999999999999 0.24444444375000002 0.6599999999999999 0.2370370375 0.63 0.2370370375 0.5900000000000001 0.24444444375000002 0.5700000000000001 0.2666666671875 0.5599999999999999 0.3111111109375 0.545 0.35555555625 0.545 0.377777778125
3 0.9199999999999999 0.7851851859375001 0.9349999999999999 0.7851851859375001 0.945 0.777777778125 0.95 0.7629629625 0.95 0.740740740625 0.9550000000000001 0.703703703125 0.95 0.6740740734374999 0.95 0.6370370375000001 0.945 0.622222221875 0.945 0.6074074078125 0.945 0.5629629625 0.93 0.5555555562500001 0.915 0.577777778125 0.865 0.577777778125 0.8550000000000001 0.5925925921874999 0.86 0.696296296875 0.8699999999999999 0.740740740625 0.885 0.75555555625 0.905 0.777777778125 0.9199999999999999 0.7851851859375001
3 0.365 0.8074074078125 0.385 0.75555555625 0.39 0.703703703125 0.4 0.6296296296875 0.395 0.5925925921874999 0.375 0.5703703703125 0.34500000000000003 0.5481481484375 0.32999999999999996 0.5629629625 0.32 0.5703703703125 0.29500000000000004 0.577777778125 0.27999999999999997 0.5851851859375 0.27 0.5851851859375 0.27 0.6148148140624999 0.27999999999999997 0.7259259265625 0.29 0.7703703703125 0.32 0.8074074078125 0.33999999999999997 0.8074074078125 0.365 0.8074074078125
3 0.395 0.5851851859375 0.42000000000000004 0.577777778125 0.445 0.577777778125 0.47000000000000003 0.577777778125 0.505 0.577777778125 0.525 0.5703703703125 0.5349999999999999 0.5481481484375 0.54 0.503703703125 0.54 0.45185185156249996 0.545 0.4296296296875 0.54 0.3851851859375 0.53 0.36296296250000004 0.52 0.32592592656249997 0.51 0.2740740734375 0.45999999999999996 0.2370370375 0.43499999999999994 0.2370370375 0.4 0.24444444375000002 0.39 0.259259259375 0.375 0.303703703125 0.37 0.340740740625 0.365 0.3703703703125 0.36 0.3925925921875 0.35 0.42222222187499997 0.36 0.540740740625 0.375 0.5703703703125 0.395 0.5851851859375
3 0.55 0.8444444437499999 0.5700000000000001 0.859259259375 0.595 0.8444444437499999 0.605 0.8148148140625 0.61 0.7629629625 0.625 0.7259259265625 0.625 0.696296296875 0.635 0.6518518515625 0.64 0.6148148140624999 0.64 0.5851851859375 0.63 0.577777778125 0.6 0.577777778125 0.575 0.577777778125 0.5599999999999999 0.5703703703125 0.545 0.5555555562500001 0.5349999999999999 0.5481481484375 0.525 0.5925925921874999 0.525 0.68148148125 0.525 0.7259259265625 0.525 0.7703703703125 0.5349999999999999 0.8074074078125 0.55 0.8444444437499999
3 0 0.7629629625 0.025 0.7259259265625 0.034999999999999996 0.659259259375 0.034999999999999996 0.622222221875 0.034999999999999996 0.5925925921874999 0 0.577777778125 0 0.7629629625
3 0.99 0.7703703703125 0.9949999999999999 0.7703703703125 0.9949999999999999 0.5629629625 0.9800000000000001 0.5703703703125 0.95 0.5703703703125 0.945 0.6 0.96 0.7703703703125 0.975 0.777777778125 0.99 0.7703703703125
3 0.76 0.5259259265625 0.775 0.540740740625 0.79 0.5555555562500001 0.8150000000000001 0.5481481484375 0.85 0.5333333328125 0.85 0.46666666718750005 0.845 0.3925925921875 0.8400000000000001 0.31851851875000003 0.8099999999999999 0.24444444375000002 0.77 0.24444444375000002 0.75 0.2740740734375 0.73 0.32592592656249997 0.72 0.377777778125 0.73 0.503703703125 0.74 0.51851851875 0.76 0.5259259265625
3 0.86 0.5629629625 0.875 0.577777778125 0.9 0.577777778125 0.9199999999999999 0.5703703703125 0.93 0.5481481484375 0.9400000000000001 0.45185185156249996 0.9349999999999999 0.3925925921875 0.9400000000000001 0.32592592656249997 0.9199999999999999 0.2666666671875 0.885 0.2666666671875 0.865 0.296296296875 0.845 0.36296296250000004 0.85 0.5259259265625 0.85 0.540740740625 0.86 0.5629629625
3 0.215 0.5629629625 0.22000000000000003 0.5629629625 0.24 0.577777778125 0.26 0.577777778125 0.28500000000000003 0.577777778125 0.32 0.5703703703125 0.32999999999999996 0.5629629625 0.34500000000000003 0.5481481484375 0.355 0.5259259265625 0.35 0.48148148125 0.35 0.42222222187499997 0.33999999999999997 0.377777778125 0.325 0.340740740625 0.29500000000000004 0.296296296875 0.265 0.2666666671875 0.24 0.2740740734375 0.225 0.303703703125 0.22000000000000003 0.3333333328125 0.21000000000000002 0.35555555625 0.195 0.3703703703125 0.205 0.5481481484375 0.21000000000000002 0.5555555562500001 0.215 0.5629629625
3 0.67 0.7629629625 0.675 0.7925925921875 0.6849999999999999 0.8074074078125 0.7 0.8222222218749999 0.72 0.8148148140625 0.735 0.8148148140625 0.74 0.7851851859375001 0.745 0.740740740625 0.75 0.7111111109375 0.75 0.696296296875 0.755 0.6370370375000001 0.76 0.577777778125 0.755 0.5555555562500001 0.745 0.5481481484375 0.735 0.5481481484375 0.72 0.5555555562500001 0.7 0.577777778125 0.6849999999999999 0.5703703703125 0.675 0.577777778125 0.665 0.577777778125 0.655 0.577777778125 0.645 0.577777778125 0.64 0.6148148140624999 0.635 0.6740740734374999 0.64 0.7111111109375 0.655 0.740740740625 0.67 0.7629629625
3 0.8550000000000001 0.8296296296874999 0.86 0.7333333328125 0.86 0.68148148125 0.86 0.6148148140624999 0.845 0.5851851859375 0.8400000000000001 0.5629629625 0.82 0.5629629625 0.8099999999999999 0.5629629625 0.8 0.5555555562500001 0.7849999999999999 0.5629629625 0.76 0.5481481484375 0.755 0.7259259265625 0.77 0.7851851859375001 0.79 0.8148148140625 0.8300000000000001 0.8370370375 0.8550000000000001 0.8296296296874999
3 0.075 0.8148148140625 0.095 0.8 0.11499999999999999 0.7703703703125 0.13 0.7481481484375 0.13999999999999999 0.7333333328125 0.13999999999999999 0.703703703125 0.13999999999999999 0.6370370375000001 0.135 0.6148148140624999 0.125 0.6 0.12 0.6 0.08 0.577777778125 0.06 0.5925925921874999 0.04 0.6 0.025 0.7259259265625 0.03 0.7629629625 0.034999999999999996 0.7925925921875 0.045 0.8148148140625 0.075 0.8148148140625
3 0.45 0.8148148140625 0.48 0.8148148140625 0.505 0.75555555625 0.515 0.6888888890625 0.515 0.659259259375 0.52 0.6 0.505 0.5703703703125 0.47000000000000003 0.577777778125 0.425 0.577777778125 0.395 0.5851851859375 0.4 0.6296296296875 0.40499999999999997 0.703703703125 0.425 0.740740740625 0.43499999999999994 0.8 0.45 0.8148148140625
3 0 0.5851851859375 0.025 0.5851851859375 0.045 0.5703703703125 0.06 0.540740740625 0.05500000000000001 0.4888888890625 0.06 0.4148148140625 0.034999999999999996 0.3925925921875 0.01 0.377777778125 0 0.3703703703125 0 0.4888888890625 0 0.5851851859375
3 0.975 0.5629629625 0.99 0.5555555562500001 0.9949999999999999 0.5481481484375 0.9949999999999999 0.340740740625 0.97 0.35555555625 0.9550000000000001 0.3925925921875 0.9349999999999999 0.3925925921875 0.9349999999999999 0.5481481484375 0.96 0.5629629625 0.975 0.5629629625