3 0.8171875 0.4698275859375 0.8359375 0.476293103125 0.846875 0.471982759375 0.8546875 0.439655171875 0.8578125 0.403017240625 0.8546875 0.37284482812499997 0.8421875 0.31465517187500003 0.83125 0.3060344828125 0.815625 0.32758620625 0.803125 0.4310344828125 0.7953125 0.439655171875 0.7984375 0.45258620625 0.8171875 0.4698275859375
3 0.3671875 0.8426724140624999 0.375 0.8232758625000001 0.375 0.79741379375 0.3734375 0.784482759375 0.3734375 0.7693965515625 0.371875 0.75 0.3625 0.737068965625 0.353125 0.721982759375 0.34375 0.711206896875 0.3328125 0.715517240625 0.31875 0.7327586203124999 0.3125 0.7413793109375 0.3015625 0.7672413796875001 0.2984375 0.788793103125 0.296875 0.8060344828125 0.296875 0.8211206890625 0.3 0.8318965515625001 0.315625 0.8534482765625 0.3390625 0.8663793109375 0.3609375 0.8642241374999999 0.3671875 0.8426724140624999
3 0.296875 0.8211206890625 0.2984375 0.7823275859375001 0.3046875 0.7564655171875 0.3125 0.7413793109375 0.325 0.721982759375 0.3140625 0.715517240625 0.303125 0.721982759375 0.290625 0.726293103125 0.2765625 0.75 0.26875 0.7672413796875001 0.2578125 0.7952586203124999 0.25 0.8060344828125 0.265625 0.8211206890625 0.2828125 0.8340517234375 0.296875 0.8297413796875001 0.296875 0.8211206890625
3 0.3015625 0.387931034375 0.303125 0.41163793125000003 0.328125 0.42456896562499996 0.35 0.3943965515625 0.3578125 0.37715517187500003 0.353125 0.3577586203125 0.353125 0.3232758625 0.35625 0.29741379375 0.3578125 0.28232758593749996 0.35 0.2607758625 0.33125 0.2327586203125 0.3125 0.2306034484375 0.3 0.26508620625 0.296875 0.29741379375 0.2984375 0.336206896875 0.3015625 0.387931034375
3 0.734375 0.7090517234375 0.7375 0.721982759375 0.7578125 0.726293103125 0.765625 0.7607758625 0.765625 0.8060344828125 0.7703125 0.8081896546875 0.778125 0.799568965625 0.7953125 0.799568965625 0.8109375 0.788793103125 0.8234375 0.7715517234375 0.8328125 0.7456896546875 0.8328125 0.721982759375 0.825 0.6853448281250001 0.821875 0.67241379375 0.8125 0.6551724140624999 0.8 0.6551724140624999 0.7859375 0.6551724140624999 0.7796875 0.663793103125 0.7671875 0.67241379375 0.753125 0.674568965625 0.7375 0.674568965625 0.71875 0.674568965625 0.70625 0.6896551718749999 0.7015625 0.7090517234375 0.703125 0.72413793125 0.7140625 0.7068965515625 0.721875 0.7068965515625 0.734375 0.7090517234375
3 0.5375 0.387931034375 0.5640625 0.387931034375 0.56875 0.37284482812499997 0.5703125 0.3577586203125 0.5671875 0.340517240625 0.5640625 0.3081896546875 0.5640625 0.2931034484375 0.55 0.24568965468749998 0.534375 0.2047413796875 0.525 0.1961206890625 0.50625 0.20258620624999998 0.4703125 0.2068965515625 0.4625 0.2284482765625 0.4515625 0.262931034375 0.4421875 0.278017240625 0.4375 0.375 0.4453125 0.3943965515625 0.4765625 0.3922413796875 0.50625 0.39008620625 0.5375 0.387931034375
3 0.7234375 0.814655171875 0.71875 0.762931034375 0.709375 0.7456896546875 0.6953125 0.72413793125 0.675 0.715517240625 0.6640625 0.7284482765625 0.6546875 0.737068965625 0.659375 0.7607758625 0.6546875 0.7909482765625 0.65 0.825431034375 0.6546875 0.8405172406249999 0.6609375 0.8469827593750001 0.6765625 0.8469827593750001 0.6953125 0.8383620687500001 0.7109375 0.8297413796875001 0.7234375 0.814655171875
3 0.3828125 0.387931034375 0.4015625 0.387931034375 0.40625 0.3814655171875 0.428125 0.3814655171875 0.4359375 0.375 0.4390625 0.34482758593749996 0.440625 0.3125 0.440625 0.28232758593749996 0.4328125 0.26508620625 0.4171875 0.247844828125 0.40625 0.2306034484375 0.4015625 0.22198275937499998 0.3953125 0.2176724140625 0.3796875 0.2284482765625 0.3734375 0.2543103453125 0.365625 0.2715517234375 0.3578125 0.28663793125 0.353125 0.325431034375 0.353125 0.3577586203125 0.3578125 0.37715517187500003 0.3828125 0.387931034375
3 0.7546875 0.413793103125 0.765625 0.4288793109375 0.7796875 0.439655171875 0.803125 0.435344828125 0.809375 0.3943965515625 0.8109375 0.3685344828125 0.8109375 0.26508620625 0.7953125 0.25 0.778125 0.2586206890625 0.765625 0.27586206875 0.7546875 0.28663793125 0.7484375 0.340517240625 0.7484375 0.40086206874999997 0.7546875 0.413793103125
3 0.2234375 0.461206896875 0.2328125 0.45258620625 0.2328125 0.41163793125000003 0.2328125 0.3793103453125 0.225 0.34913793125 0.2078125 0.34913793125 0.20625 0.3556034484375 0.203125 0.3814655171875 0.2046875 0.41594827656250005 0.2078125 0.461206896875 0.2234375 0.461206896875
3 0.240625 0.44827586249999996 0.253125 0.44827586249999996 0.2609375 0.4439655171875 0.259375 0.42025862031249994 0.259375 0.3943965515625 0.2609375 0.346982759375 0.2609375 0.3297413796875 0.2453125 0.3297413796875 0.23125 0.3340517234375 0.228125 0.3534482765625 0.23125 0.3706896546875 0.234375 0.403017240625 0.2328125 0.4418103453125 0.240625 0.44827586249999996
3 0.65 0.82758620625 0.659375 0.7586206890625 0.6546875 0.73491379375 0.64375 0.726293103125 0.6234375 0.726293103125 0.5890625 0.7327586203124999 0.5765625 0.7435344828125 0.5703125 0.7543103453125 0.5921875 0.7564655171875 0.6109375 0.7607758625 0.609375 0.7801724140624999 0.6015625 0.7909482765625 0.5984375 0.810344828125 0.590625 0.8469827593750001 0.6015625 0.8491379312499999 0.6 0.8706896546875 0.625 0.8706896546875 0.646875 0.851293103125 0.65 0.82758620625
3 0.2609375 0.4461206890625 0.275 0.4439655171875 0.2875 0.439655171875 0.2984375 0.42672413750000004 0.3015625 0.4051724140625 0.3015625 0.3706896546875 0.2984375 0.3297413796875 0.2953125 0.2931034484375 0.275 0.28663793125 0.26875 0.2931034484375 0.2609375 0.3189655171875 0.2609375 0.351293103125 0.2609375 0.41163793125000003 0.2609375 0.4461206890625
3 0.5265625 0.8814655171875 0.55 0.8857758625000001 0.5703125 0.8814655171875 0.5796875 0.8663793109375 0.5890625 0.851293103125 0.603125 0.7909482765625 0.609375 0.7801724140624999 0.6109375 0.7607758625 0.56875 0.7543103453125 0.5578125 0.7478448281250001 0.534375 0.7456896546875 0.5265625 0.7543103453125 0.5265625 0.788793103125 0.51875 0.8232758625000001 0.515625 0.8685344828125 0.5265625 0.8814655171875
3 0.2234375 0.7693965515625 0.2375 0.784482759375 0.25 0.8060344828125 0.2890625 0.7284482765625 0.3078125 0.7176724140624999 0.31875 0.715517240625 0.31875 0.6853448281250001 0.3078125 0.67241379375 0.2921875 0.663793103125 0.278125 0.648706896875 0.246875 0.653017240625 0.228125 0.67241379375 0.2046875 0.7198275859375001 0.2046875 0.7306034484375 0.215625 0.7521551718749999 0.2234375 0.7693965515625
3 0.440625 0.872844828125 0.446875 0.8491379312499999 0.446875 0.810344828125 0.446875 0.7801724140624999 0.446875 0.7543103453125 0.4484375 0.7327586203124999 0.41875 0.73491379375 0.3984375 0.73491379375 0.3828125 0.7413793109375 0.3734375 0.7543103453125 0.375 0.8340517234375 0.384375 0.862068965625 0.3890625 0.872844828125 0.4234375 0.8793103453125 0.440625 0.872844828125
3 0.7671875 0.8060344828125 0.765625 0.7952586203124999 0.7640625 0.7586206890625 0.7609375 0.7392241375 0.7578125 0.7284482765625 0.7359375 0.72413793125 0.734375 0.7090517234375 0.721875 0.7090517234375 0.715625 0.7068965515625 0.7046875 0.72413793125 0.6984375 0.726293103125 0.71875 0.762931034375 0.7203125 0.78663793125 0.728125 0.8340517234375 0.75 0.82758620625 0.765625 0.8211206890625 0.7671875 0.8060344828125
3 0.7484375 0.398706896875 0.7484375 0.362068965625 0.7515625 0.3232758625 0.753125 0.2931034484375 0.7515625 0.262931034375 0.7375 0.2327586203125 0.7171875 0.23706896562500002 0.696875 0.2672413796875 0.68125 0.2909482765625 0.684375 0.3556034484375 0.7046875 0.3857758625 0.725 0.4073275859375 0.740625 0.403017240625 0.7484375 0.398706896875
3 0.4578125 0.875 0.475 0.8836206890625 0.490625 0.8814655171875 0.50625 0.872844828125 0.509375 0.851293103125 0.5203125 0.8189655171875 0.5265625 0.7931034484375 0.5265625 0.7607758625 0.5171875 0.7456896546875 0.490625 0.7435344828125 0.4625 0.7392241375 0.4484375 0.7435344828125 0.4484375 0.7564655171875 0.4484375 0.78663793125 0.4484375 0.8383620687500001 0.4484375 0.8685344828125 0.4578125 0.875
3 0.6578125 0.3965517234375 0.6703125 0.3965517234375 0.68125 0.39008620625 0.684375 0.362068965625 0.678125 0.2564655171875 0.6640625 0.2090517234375 0.640625 0.185344828125 0.609375 0.19181034531250002 0.5953125 0.20258620624999998 0.584375 0.2284482765625 0.56875 0.2564655171875 0.5625 0.28232758593749996 0.5703125 0.3663793109375 0.596875 0.375 0.625 0.3836206890625 0.6453125 0.387931034375 0.6578125 0.3965517234375