3 0.459459459375 0.567010309375 0.48648648593750005 0.567010309375 0.4980694984375 0.5154639171875 0.5019305015625 0.453608246875 0.5019305015625 0.3969072171875 0.4980694984375 0.34020618593749996 0.47490347499999996 0.2835051546875 0.44787644843749996 0.2371134015625 0.40540540468749997 0.2061855671875 0.34362934375 0.2061855671875 0.3166023171875 0.221649484375 0.28957528906249996 0.2731958765625 0.2702702703125 0.3505154640625 0.2741312734375 0.5 0.28957528906249996 0.530927834375 0.33976833906250004 0.5618556703124999 0.39382239375 0.567010309375 0.459459459375 0.567010309375
3 0.9729729734375001 0.567010309375 0.996138996875 0.5721649484375 0.996138996875 0.2525773203125 0.9884169890625 0.2525773203125 0.965250965625 0.2835051546875 0.9382239374999999 0.34020618593749996 0.9266409265625001 0.3608247421875 0.9266409265625001 0.52061855625 0.9498069499999999 0.546391753125 0.9729729734375001 0.567010309375
3 0.3667953671875 0.742268040625 0.37837837812499997 0.7835051546875 0.42471042499999995 0.8144329890625001 0.45559845625 0.8092783499999999 0.478764478125 0.7628865984375001 0.49420849375 0.7268041234375 0.4980694984375 0.6701030921875 0.5096525093750001 0.6391752578125 0.50579150625 0.5618556703124999 0.49420849375 0.530927834375 0.48648648593750005 0.5618556703124999 0.46718146718750003 0.5618556703124999 0.3513513515625 0.567010309375 0.3513513515625 0.5721649484375 0.347490346875 0.5876288656249999 0.347490346875 0.6134020625 0.3552123546875 0.6855670109374999 0.3667953671875 0.742268040625
3 0.16216216249999998 0.7474226796875 0.19305019375000002 0.69072165 0.19305019375000002 0.6391752578125 0.18146718125 0.5721649484375 0.196911196875 0.5412371140625 0.16216216249999998 0.5412371140625 0.1119691125 0.530927834375 0.084942084375 0.5051546390625 0.06949806875 0.5154639171875 0.06949806875 0.6701030921875 0.0733590734375 0.7319587624999999 0.10810810781249999 0.7886597937500001 0.13127413125 0.7835051546875 0.16216216249999998 0.7474226796875
3 0.71814671875 0.5773195875 0.7335907328125 0.530927834375 0.7451737453125 0.4484536078125 0.741312740625 0.3711340203125 0.7220077218750001 0.2835051546875 0.675675675 0.221649484375 0.625482625 0.21649484531250002 0.5868725875 0.2268041234375 0.5482625484375 0.2525773203125 0.525096525 0.3041237109375 0.5096525093750001 0.3505154640625 0.5019305015625 0.5 0.521235521875 0.5618556703124999 0.5521235515625 0.5721649484375 0.6640926640625 0.5773195875 0.71814671875 0.5773195875
3 0.96911196875 0.6804123718749999 0.996138996875 0.7061855671874999 0.996138996875 0.6958762890625 0.996138996875 0.5824742265625 0.9729729734375001 0.5773195875 0.965250965625 0.5824742265625 0.965250965625 0.6597938140624999 0.96911196875 0.6804123718749999
3 0.55598455625 0.8144329890625001 0.5830115828125 0.82474226875 0.610038609375 0.8092783499999999 0.625482625 0.7886597937500001 0.6370656375 0.757731959375 0.6486486484375 0.7164948453125 0.65637065625 0.67525773125 0.6640926640625 0.6288659796875 0.6640926640625 0.59793814375 0.65637065625 0.5773195875 0.5482625484375 0.5721649484375 0.5135135140625 0.5618556703124999 0.50579150625 0.5721649484375 0.5135135140625 0.6804123718749999 0.5173745171874999 0.7268041234375 0.5366795359375 0.7835051546875 0.55598455625 0.8144329890625001
3 0.8841698843750001 0.8041237109375 0.915057915625 0.819587628125 0.9459459453125 0.798969071875 0.9613899609375001 0.778350515625 0.9613899609375001 0.7319587624999999 0.9613899609375001 0.69072165 0.9613899609375001 0.6494845359375 0.9613899609375001 0.59793814375 0.9613899609375001 0.5773195875 0.9266409265625001 0.530927834375 0.8996139 0.546391753125 0.8494208499999999 0.55670103125 0.833976834375 0.5618556703124999 0.833976834375 0.5721649484375 0.833976834375 0.6082474234374999 0.8301158296875 0.6494845359375 0.81853281875 0.7061855671874999 0.833976834375 0.7268041234375 0.8455598453125001 0.7628865984375001 0.864864865625 0.7886597937500001 0.8841698843750001 0.8041237109375
3 0.297297296875 0.798969071875 0.3204633203125 0.7628865984375001 0.34362934375 0.721649484375 0.3513513515625 0.69072165 0.347490346875 0.6288659796875 0.34362934375 0.5824742265625 0.3359073359375 0.5618556703124999 0.28957528906249996 0.530927834375 0.277992278125 0.530927834375 0.25482625468750003 0.5257731953125 0.21235521249999997 0.530927834375 0.20077219999999998 0.536082475 0.1853281859375 0.5721649484375 0.20077219999999998 0.69072165 0.21621621562499999 0.757731959375 0.2355212359375 0.7886597937500001 0.2664092671875 0.8092783499999999 0.297297296875 0.798969071875
3 0.7799227796875 0.8144329890625001 0.7992277999999999 0.778350515625 0.8030888031250001 0.742268040625 0.8146718140625 0.7061855671874999 0.822393821875 0.6701030921875 0.833976834375 0.6082474234374999 0.833976834375 0.567010309375 0.81853281875 0.55670103125 0.7490347484375001 0.530927834375 0.7374517375 0.530927834375 0.7258687265625 0.5618556703124999 0.71814671875 0.5773195875 0.671814671875 0.5773195875 0.6640926640625 0.5927835046875 0.6679536671874999 0.6082474234374999 0.6602316609375001 0.6597938140624999 0.675675675 0.721649484375 0.6988416984375 0.7886597937500001 0.7490347484375001 0.8298969078124999 0.7799227796875 0.8144329890625001
3 0.9227799234375 0.5257731953125 0.9266409265625001 0.4278350515625 0.9227799234375 0.3505154640625 0.903474903125 0.278350515625 0.8918918921874999 0.2319587625 0.8262548265625 0.24226804062500001 0.7953667953125 0.2680412375 0.7760617765625 0.30927835 0.7606177609375 0.335051546875 0.7374517375 0.36597938124999996 0.741312740625 0.3969072171875 0.7451737453125 0.453608246875 0.7374517375 0.510309278125 0.7490347484375001 0.5257731953125 0.8301158296875 0.5618556703124999 0.8918918921874999 0.546391753125 0.9227799234375 0.5257731953125
3 0.2702702703125 0.510309278125 0.2702702703125 0.45876288593750003 0.2702702703125 0.38659793750000004 0.2664092671875 0.345360825 0.247104246875 0.30927835 0.21235521249999997 0.2474226796875 0.1737451734375 0.2061855671875 0.1544401546875 0.21649484531250002 0.127413128125 0.2319587625 0.10038609999999999 0.298969071875 0.0926640921875 0.345360825 0.084942084375 0.376288659375 0.084942084375 0.43298969062500003 0.084942084375 0.4948453609375 0.10810810781249999 0.530927834375 0.196911196875 0.536082475 0.24324324375 0.5257731953125 0.2702702703125 0.510309278125
3 0 0.5412371140625 0.0115830109375 0.5412371140625 0.046332046875 0.52061855625 0.084942084375 0.5 0.08880308906249999 0.4381443296875 0.08108108124999999 0.345360825 0.06177606249999999 0.31958762812499997 0.034749034375 0.2731958765625 0.0038610031250000004 0.2525773203125 0 0.34020618593749996 0 0.5412371140625
3 0 0.5721649484375 0.0038610031250000004 0.7113402062499999 0.034749034375 0.6804123718749999 0.06177606249999999 0.6494845359375 0.06949806875 0.5773195875 0.0733590734375 0.5154639171875 0.06177606249999999 0.52061855625 0.007722007812499999 0.5412371140625 0 0.536082475 0 0.5721649484375