3 0.5434782609375 0.6174863390625001 0.5833333328125 0.6174863390625001 0.6304347828125 0.6174863390625001 0.6702898546875 0.6120218578125 0.6956521734375001 0.6065573765625001 0.713768115625 0.595628415625 0.7210144921875 0.535519125 0.7173913046875 0.4808743171875 0.710144928125 0.42076502656250003 0.7065217390625 0.3606557375 0.6956521734375001 0.3005464484375 0.6702898546875 0.23497267812499997 0.6159420296875 0.224043715625 0.5797101453125 0.23497267812499997 0.5615942031250001 0.26229508125 0.5326086953125 0.2841530046875 0.510869565625 0.316939890625 0.4927536234375 0.3715847 0.4927536234375 0.42076502656250003 0.49637681093749997 0.590163934375 0.5 0.6174863390625001 0.5434782609375 0.6174863390625001
3 0.3913043484375 0.6229508203125 0.434782609375 0.6229508203125 0.4818840578125 0.6065573765625001 0.49637681093749997 0.5792349734375 0.49637681093749997 0.508196721875 0.489130434375 0.4316939890625 0.4818840578125 0.40437158437500004 0.47463768125000005 0.3770491796875 0.45289855 0.316939890625 0.434782609375 0.278688525 0.3804347828125 0.2513661203125 0.3188405796875 0.2513661203125 0.29710145 0.2513661203125 0.27173912968749997 0.2950819671875 0.260869565625 0.322404371875 0.24637681093750002 0.502732240625 0.260869565625 0.54098360625 0.28623188437499997 0.595628415625 0.3297101453125 0.6174863390625001 0.3913043484375 0.6229508203125
3 0.9492753625000001 0.5245901640625 0.963768115625 0.5300546453125 0.963768115625 0.2076502734375 0.9492753625000001 0.229508196875 0.9166666671874999 0.278688525 0.8913043484375001 0.31147540937499996 0.8804347828125 0.35519125625000003 0.8913043484375001 0.497267759375 0.9130434781250001 0.5300546453125 0.9492753625000001 0.5245901640625
3 0.3840579703125 0.8907103828125 0.42391304375 0.8907103828125 0.45289855 0.8743169406250001 0.46376811562500003 0.8360655734375 0.46376811562500003 0.7540983609375 0.4782608703125 0.7103825140625 0.485507246875 0.6666666671875 0.4818840578125 0.6065573765625001 0.42391304375 0.6284153 0.37681159375 0.6229508203125 0.340579709375 0.6229508203125 0.336956521875 0.64480874375 0.3478260875 0.6939890703125 0.351449275 0.7540983609375 0.3586956515625 0.8415300546875001 0.3840579703125 0.8907103828125
3 0.08333333281250001 0.5245901640625 0.11956521718749999 0.5683060109375 0.15942029062500002 0.5683060109375 0.2173913046875 0.5300546453125 0.24637681093750002 0.5136612015625001 0.2572463765625 0.42076502656250003 0.2572463765625 0.36612021875 0.2572463765625 0.32786885312499997 0.23913043437499998 0.2950819671875 0.2065217390625 0.2513661203125 0.17391304375 0.21857923437500001 0.10869565156250001 0.21857923437500001 0.090579709375 0.23497267812499997 0.086956521875 0.278688525 0.07608695625 0.3060109296875 0.06521739062500001 0.3715847 0.06521739062500001 0.415300546875 0.0688405796875 0.4808743171875 0.08333333281250001 0.5245901640625
3 0.72463768125 0.508196721875 0.77536231875 0.535519125 0.8297101453125 0.535519125 0.862318840625 0.5136612015625001 0.8804347828125 0.48633879843749994 0.887681159375 0.45901639375 0.887681159375 0.3934426234375 0.8804347828125 0.35519125625000003 0.8659420296875 0.316939890625 0.862318840625 0.2677595625 0.851449275 0.23497267812499997 0.8115942031250001 0.23497267812499997 0.7789855078125 0.23497267812499997 0.7463768109375 0.2459016390625 0.72463768125 0.2896174859375 0.7065217390625 0.31147540937499996 0.70289855 0.35519125625000003 0.713768115625 0.4426229515625 0.72463768125 0.508196721875
3 0.6811594203125 0.6120218578125 0.6413043484375 0.6174863390625001 0.6413043484375 0.63387978125 0.6449275359375 0.672131146875 0.6449275359375 0.677595628125 0.6449275359375 0.7103825140625 0.6449275359375 0.7322404375 0.663043478125 0.765027321875 0.6702898546875 0.781420765625 0.6992753625 0.81420765 0.7282608703125 0.8360655734375 0.760869565625 0.8360655734375 0.7789855078125 0.8306010921875 0.786231884375 0.7868852453125 0.789855071875 0.7486338796875 0.7934782609375 0.7103825140625 0.7934782609375 0.677595628125 0.7934782609375 0.6120218578125 0.789855071875 0.5628415296875 0.7789855078125 0.5464480875 0.7463768109375 0.5300546453125 0.7210144921875 0.5136612015625001 0.7173913046875 0.584699453125 0.710144928125 0.601092896875 0.6811594203125 0.6120218578125
3 0.17753623125 0.6830601093750001 0.188405796875 0.765027321875 0.1920289859375 0.8306010921875 0.2173913046875 0.863387978125 0.25 0.863387978125 0.2789855078125 0.8251366125 0.3079710140625 0.765027321875 0.3297101453125 0.7049180328125 0.336956521875 0.63387978125 0.32246376875 0.6174863390625001 0.28623188437499997 0.595628415625 0.2536231890625 0.5245901640625 0.23188405781250002 0.5191256828124999 0.1920289859375 0.5519125687499999 0.17753623125 0.5519125687499999 0.1811594203125 0.5792349734375 0.17753623125 0.6284153 0.17753623125 0.6830601093750001
3 0.5217391296875 0.8415300546875001 0.536231884375 0.868852459375 0.565217390625 0.8797814203125001 0.5978260875 0.868852459375 0.6159420296875 0.8306010921875 0.6231884062499999 0.7540983609375 0.6340579703125 0.6830601093750001 0.637681159375 0.6174863390625001 0.485507246875 0.6120218578125 0.485507246875 0.672131146875 0.49637681093749997 0.72677595625 0.5072463765624999 0.7759562843750001 0.5217391296875 0.8415300546875001
3 0.7934782609375 0.590163934375 0.7934782609375 0.6174863390625001 0.8007246374999999 0.6939890703125 0.8079710140625 0.7322404375 0.8297101453125 0.781420765625 0.862318840625 0.8360655734375 0.87318840625 0.868852459375 0.9057971015625 0.8797814203125001 0.9420289859375 0.8797814203125001 0.9528985499999999 0.857923496875 0.9456521734375001 0.7978142078125 0.9456521734375001 0.7322404375 0.9384057968749999 0.672131146875 0.92391304375 0.6393442625 0.9202898546875 0.5683060109375 0.8949275359375 0.5300546453125 0.87681159375 0.502732240625 0.8152173906250001 0.5464480875 0.8115942031250001 0.5519125687499999 0.7934782609375 0.590163934375
3 0.014492753124999999 0.7103825140625 0.0181159421875 0.7759562843750001 0.02536231875 0.8306010921875 0.0289855078125 0.863387978125 0.06521739062500001 0.868852459375 0.0942028984375 0.8524590156249999 0.11956521718749999 0.8032786890624999 0.148550725 0.7540983609375 0.1666666671875 0.7103825140625 0.17391304375 0.6830601093750001 0.1702898546875 0.63387978125 0.17391304375 0.5792349734375 0.1702898546875 0.5628415296875 0.137681159375 0.5683060109375 0.11956521718749999 0.5683060109375 0.0978260875 0.5464480875 0.07608695625 0.508196721875 0.0688405796875 0.497267759375 0.0434782609375 0.5464480875 0.02536231875 0.595628415625 0.0181159421875 0.6502732234375 0.014492753124999999 0.7103825140625