3 0.1666666671875 0.502732240625 0.17391304375 0.4808743171875 0.1702898546875 0.4426229515625 0.148550725 0.43715847031250005 0.1340579703125 0.415300546875 0.1413043484375 0.4426229515625 0.1413043484375 0.464480875 0.1159420296875 0.4808743171875 0.1159420296875 0.5191256828124999 0.12318840625000001 0.54098360625 0.14492753593750002 0.5245901640625 0.1666666671875 0.502732240625
3 0.862318840625 0.5464480875 0.862318840625 0.5245901640625 0.851449275 0.4808743171875 0.8369565218749999 0.497267759375 0.8297101453125 0.497267759375 0.8188405796874999 0.4808743171875 0.8188405796874999 0.502732240625 0.8297101453125 0.5464480875 0.8442028984375 0.5792349734375 0.851449275 0.590163934375 0.862318840625 0.5464480875
3 0.760869565625 0.6502732234375 0.77536231875 0.63387978125 0.7789855078125 0.6065573765625001 0.7789855078125 0.5737704921875 0.7717391296875 0.54098360625 0.760869565625 0.5136612015625001 0.7318840578125 0.5245901640625 0.72463768125 0.54098360625 0.72463768125 0.5628415296875 0.7318840578125 0.6065573765625001 0.7536231890625 0.6174863390625001 0.760869565625 0.6502732234375
3 0.87318840625 0.35519125625000003 0.8659420296875 0.3606557375 0.8586956515624999 0.38797814218750004 0.8550724640625 0.398907103125 0.8550724640625 0.47540983593749997 0.87318840625 0.44808743125 0.8804347828125 0.40437158437500004 0.8804347828125 0.3606557375 0.87318840625 0.35519125625000003
3 0.2934782609375 0.4808743171875 0.30434782656250003 0.4808743171875 0.32608695625 0.48633879843749994 0.3550724640625 0.491803278125 0.3695652171875 0.4808743171875 0.37318840625 0.464480875 0.37318840625 0.40983606562499997 0.3695652171875 0.398907103125 0.362318840625 0.38797814218750004 0.3550724640625 0.3715847 0.34420289843749996 0.3387978140625 0.34420289843749996 0.31147540937499996 0.34420289843749996 0.278688525 0.32608695625 0.2677595625 0.3188405796875 0.278688525 0.3188405796875 0.3005464484375 0.29710145 0.32786885312499997 0.28623188437499997 0.36612021875 0.28985507187500004 0.38797814218750004 0.2826086953125 0.4699453546875 0.28623188437499997 0.4699453546875 0.2934782609375 0.4808743171875
3 0.536231884375 0.63387978125 0.565217390625 0.64480874375 0.586956521875 0.6120218578125 0.5978260875 0.584699453125 0.5978260875 0.5519125687499999 0.5978260875 0.5300546453125 0.5978260875 0.5245901640625 0.5833333328125 0.5245901640625 0.565217390625 0.5245901640625 0.536231884375 0.5245901640625 0.52536231875 0.5191256828124999 0.5181159421875 0.5245901640625 0.5217391296875 0.5464480875 0.5217391296875 0.5683060109375 0.5217391296875 0.595628415625 0.536231884375 0.63387978125
3 0.23188405781250002 0.584699453125 0.24637681093750002 0.5792349734375 0.260869565625 0.5683060109375 0.27173912968749997 0.5573770484375 0.2826086953125 0.54098360625 0.28985507187500004 0.5300546453125 0.28985507187500004 0.5136612015625001 0.28985507187500004 0.491803278125 0.28985507187500004 0.4808743171875 0.2789855078125 0.47540983593749997 0.2427536234375 0.48633879843749994 0.22826087031250003 0.4808743171875 0.2210144921875 0.5245901640625 0.2210144921875 0.54098360625 0.2210144921875 0.5628415296875 0.22826087031250003 0.5737704921875 0.23188405781250002 0.584699453125
3 0.684782609375 0.45355191250000004 0.684782609375 0.42622950781249996 0.684782609375 0.398907103125 0.684782609375 0.3825136609375 0.6811594203125 0.3387978140625 0.6775362312500001 0.316939890625 0.6666666671875 0.316939890625 0.6521739125 0.322404371875 0.6413043484375 0.3387978140625 0.637681159375 0.35519125625000003 0.6304347828125 0.36612021875 0.6231884062499999 0.3825136609375 0.6268115937500001 0.4808743171875 0.648550725 0.502732240625 0.6666666671875 0.502732240625 0.6811594203125 0.47540983593749997 0.684782609375 0.45355191250000004
3 0.57608695625 0.5245901640625 0.5942028984375 0.5191256828124999 0.612318840625 0.497267759375 0.6268115937500001 0.4808743171875 0.6268115937500001 0.45901639375 0.6231884062499999 0.42076502656250003 0.6231884062499999 0.38797814218750004 0.612318840625 0.3606557375 0.5978260875 0.322404371875 0.5833333328125 0.2896174859375 0.57608695625 0.2896174859375 0.5615942031250001 0.2841530046875 0.539855071875 0.2896174859375 0.5289855078125 0.3005464484375 0.5181159421875 0.322404371875 0.5072463765624999 0.3387978140625 0.49637681093749997 0.3606557375 0.49637681093749997 0.3715847 0.49637681093749997 0.502732240625 0.5 0.502732240625 0.510869565625 0.5191256828124999 0.54710145 0.5245901640625 0.57608695625 0.5245901640625
3 0.7463768109375 0.5191256828124999 0.764492753125 0.497267759375 0.7717391296875 0.4808743171875 0.77536231875 0.45355191250000004 0.7717391296875 0.40437158437500004 0.7717391296875 0.36612021875 0.764492753125 0.3333333328125 0.7572463765624999 0.3060109296875 0.7536231890625 0.2677595625 0.7210144921875 0.27322404375 0.713768115625 0.3005464484375 0.70289855 0.34426229531249997 0.6884057968749999 0.36612021875 0.684782609375 0.3825136609375 0.6884057968749999 0.4699453546875 0.6920289859375 0.47540983593749997 0.7173913046875 0.5136612015625001 0.7282608703125 0.5191256828124999 0.7463768109375 0.5191256828124999
3 0.8224637687499999 0.4699453546875 0.8224637687499999 0.4316939890625 0.8224637687499999 0.40437158437500004 0.82608695625 0.3825136609375 0.8297101453125 0.34426229531249997 0.8188405796874999 0.3060109296875 0.8115942031250001 0.278688525 0.789855071875 0.322404371875 0.7789855078125 0.3497267765625 0.7717391296875 0.36612021875 0.77536231875 0.4699453546875 0.7789855078125 0.4808743171875 0.79710145 0.491803278125 0.8152173906250001 0.48633879843749994 0.8224637687499999 0.4699453546875
3 0.42391304375 0.5300546453125 0.4492753625 0.5300546453125 0.47463768125000005 0.5300546453125 0.485507246875 0.5245901640625 0.49637681093749997 0.5136612015625001 0.49637681093749997 0.497267759375 0.49637681093749997 0.45901639375 0.49637681093749997 0.42622950781249996 0.4927536234375 0.38797814218750004 0.4927536234375 0.36612021875 0.4782608703125 0.32786885312499997 0.46739130468749995 0.31147540937499996 0.4492753625 0.2950819671875 0.4311594203125 0.2950819671875 0.42028985468749996 0.2950819671875 0.413043478125 0.3060109296875 0.4021739125 0.316939890625 0.3949275359375 0.34426229531249997 0.3840579703125 0.36612021875 0.3804347828125 0.38797814218750004 0.37681159375 0.398907103125 0.3695652171875 0.4808743171875 0.37318840625 0.508196721875 0.3840579703125 0.5245901640625 0.40942029062499996 0.5300546453125 0.42391304375 0.5300546453125
3 0.4166666671875 0.6065573765625001 0.42753623125000006 0.590163934375 0.434782609375 0.5683060109375 0.434782609375 0.54098360625 0.434782609375 0.5300546453125 0.3949275359375 0.5300546453125 0.37681159375 0.5191256828124999 0.3659420296875 0.5300546453125 0.3659420296875 0.5683060109375 0.37318840625 0.601092896875 0.398550725 0.6120218578125 0.4166666671875 0.6065573765625001
3 0.8188405796874999 0.4808743171875 0.8224637687499999 0.491803278125 0.8297101453125 0.497267759375 0.8442028984375 0.491803278125 0.8550724640625 0.47540983593749997 0.8550724640625 0.44808743125 0.8550724640625 0.3934426234375 0.8550724640625 0.3606557375 0.8442028984375 0.3333333328125 0.8369565218749999 0.3387978140625 0.8297101453125 0.3606557375 0.8224637687499999 0.415300546875 0.8224637687499999 0.4699453546875 0.8188405796874999 0.4808743171875
3 0.82608695625 0.6065573765625001 0.8333333328125001 0.584699453125 0.8333333328125001 0.5573770484375 0.8152173906250001 0.491803278125 0.79710145 0.497267759375 0.77536231875 0.4808743171875 0.764492753125 0.508196721875 0.7681159421875 0.535519125 0.789855071875 0.590163934375 0.8079710140625 0.6120218578125 0.82608695625 0.6065573765625001
3 0.19565217343750002 0.5683060109375 0.20289855 0.5683060109375 0.210144928125 0.54098360625 0.21376811562500003 0.5245901640625 0.2210144921875 0.5245901640625 0.22463768125 0.508196721875 0.22826087031250003 0.491803278125 0.22826087031250003 0.4808743171875 0.2173913046875 0.4699453546875 0.210144928125 0.4426229515625 0.2065217390625 0.43715847031250005 0.1920289859375 0.43715847031250005 0.1811594203125 0.4426229515625 0.17753623125 0.4426229515625 0.17391304375 0.48633879843749994 0.17391304375 0.5191256828124999 0.17753623125 0.5464480875 0.17753623125 0.5573770484375 0.19565217343750002 0.5683060109375
3 0.1340579703125 0.3606557375 0.1340579703125 0.3934426234375 0.1413043484375 0.42076502656250003 0.14492753593750002 0.43715847031250005 0.1666666671875 0.43715847031250005 0.17753623125 0.42076502656250003 0.184782609375 0.40983606562499997 0.1992753625 0.3934426234375 0.20289855 0.3825136609375 0.2065217390625 0.32786885312499997 0.1920289859375 0.3060109296875 0.17753623125 0.278688525 0.1702898546875 0.25683060156250004 0.163043478125 0.224043715625 0.15942029062500002 0.21857923437500001 0.1521739125 0.21857923437500001 0.1413043484375 0.2677595625 0.1304347828125 0.2896174859375 0.1304347828125 0.31147540937499996 0.1340579703125 0.32786885312499997 0.1340579703125 0.3606557375
3 0.2173913046875 0.4699453546875 0.2427536234375 0.48633879843749994 0.2789855078125 0.47540983593749997 0.2826086953125 0.45901639375 0.28623188437499997 0.398907103125 0.2826086953125 0.3770491796875 0.27173912968749997 0.3387978140625 0.2572463765625 0.278688525 0.2536231890625 0.24043715781250002 0.235507246875 0.21857923437500001 0.23188405781250002 0.229508196875 0.22463768125 0.25683060156250004 0.2065217390625 0.2950819671875 0.2065217390625 0.32786885312499997 0.20289855 0.4316939890625 0.210144928125 0.43715847031250005 0.2173913046875 0.4699453546875
3 0.4782608703125 0.6174863390625001 0.4818840578125 0.6229508203125 0.5 0.6065573765625001 0.5036231890625 0.595628415625 0.5181159421875 0.5792349734375 0.5181159421875 0.5628415296875 0.5181159421875 0.5519125687499999 0.514492753125 0.5300546453125 0.5072463765624999 0.5191256828124999 0.5036231890625 0.5191256828124999 0.49637681093749997 0.5191256828124999 0.4782608703125 0.5300546453125 0.45289855 0.5300546453125 0.45652173906250004 0.5573770484375 0.46376811562500003 0.5737704921875 0.46376811562500003 0.601092896875 0.4782608703125 0.6174863390625001
3 0.72463768125 0.6885245906249999 0.7318840578125 0.6666666671875 0.7318840578125 0.64480874375 0.7282608703125 0.6120218578125 0.7282608703125 0.584699453125 0.72463768125 0.5792349734375 0.7173913046875 0.535519125 0.713768115625 0.5136612015625001 0.6992753625 0.491803278125 0.6811594203125 0.47540983593749997 0.6666666671875 0.497267759375 0.659420290625 0.535519125 0.6449275359375 0.5683060109375 0.6413043484375 0.601092896875 0.6557971015625 0.63387978125 0.6775362312500001 0.672131146875 0.6992753625 0.6830601093750001 0.72463768125 0.6885245906249999
3 0.6449275359375 0.5792349734375 0.648550725 0.5573770484375 0.6557971015625 0.54098360625 0.659420290625 0.5245901640625 0.663043478125 0.502732240625 0.6521739125 0.502732240625 0.6304347828125 0.491803278125 0.6231884062499999 0.48633879843749994 0.5978260875 0.5191256828124999 0.5978260875 0.601092896875 0.612318840625 0.6120218578125 0.6268115937500001 0.6120218578125 0.6413043484375 0.601092896875 0.6449275359375 0.5792349734375
3 0.29710145 0.6229508203125 0.315217390625 0.6229508203125 0.336956521875 0.6120218578125 0.3586956515625 0.595628415625 0.3659420296875 0.5792349734375 0.3659420296875 0.5519125687499999 0.3659420296875 0.5245901640625 0.3659420296875 0.508196721875 0.362318840625 0.497267759375 0.3550724640625 0.491803278125 0.315217390625 0.48633879843749994 0.2934782609375 0.48633879843749994 0.28623188437499997 0.5464480875 0.28623188437499997 0.5737704921875 0.28623188437499997 0.601092896875 0.28985507187500004 0.6229508203125 0.29710145 0.6229508203125