3 0.3740458015625 0.53125 0.39312977031249996 0.5416666671875 0.427480915625 0.546875 0.4618320609375 0.546875 0.48473282500000003 0.5416666671875 0.515267175 0.4947916671875 0.51908396875 0.453125 0.5305343515625001 0.4010416671875 0.5381679390625 0.3489583328125 0.5267175578125001 0.3229166671875 0.49618320625 0.2708333328125 0.4656488546875 0.22395833281250002 0.435114503125 0.22395833281250002 0.40458015312500006 0.2708333328125 0.3778625953125 0.3229166671875 0.3740458015625 0.359375 0.3740458015625 0.4739583328125 0.3702290078125 0.5208333328125 0.3740458015625 0.53125
3 0.6679389312499999 0.6770833328125 0.6679389312499999 0.7135416671875 0.6679389312499999 0.7291666671875 0.6679389312499999 0.7447916671875 0.6793893125 0.7604166671875 0.6946564890625 0.7604166671875 0.7251908390625 0.7291666671875 0.751908396875 0.6927083328125 0.767175571875 0.6614583328125 0.767175571875 0.6354166671875 0.763358778125 0.59375 0.751908396875 0.578125 0.7290076328125 0.5625 0.7099236640625 0.5416666671875 0.6984732828125 0.5416666671875 0.6870229 0.5416666671875 0.6679389312499999 0.6510416671875 0.6679389312499999 0.65625 0.6679389312499999 0.6770833328125
3 0.9122137406249999 0.6979166671875 0.923664121875 0.65625 0.9351145031250001 0.609375 0.9389312984375 0.5885416671875 0.9351145031250001 0.5729166671875 0.9351145031250001 0.5520833328125 0.923664121875 0.5052083328125 0.9122137406249999 0.4635416671875 0.8931297703125001 0.4635416671875 0.8587786265625 0.515625 0.8396946562500001 0.515625 0.8435114499999999 0.5572916671875 0.84732824375 0.59375 0.8587786265625 0.6197916671875 0.8816793890625 0.6614583328125 0.9007633593750001 0.6875 0.9122137406249999 0.6979166671875
3 0.248091603125 0.625 0.27099236718749997 0.6614583328125 0.27480916093749996 0.625 0.27480916093749996 0.5677083328125 0.27480916093749996 0.5260416671875 0.2786259546875 0.5104166671875 0.3015267171875 0.5208333328125 0.3206106875 0.5208333328125 0.3511450375 0.546875 0.3664122140625 0.5572916671875 0.3511450375 0.5364583328125 0.33587786249999996 0.5260416671875 0.3206106875 0.5 0.3091603046875 0.4270833328125 0.2938931296875 0.4114583328125 0.27099236718749997 0.4114583328125 0.251908396875 0.4270833328125 0.244274809375 0.4375 0.23282442812499998 0.4583333328125 0.23282442812499998 0.5104166671875 0.2251908390625 0.546875 0.2290076328125 0.5885416671875 0.248091603125 0.625
3 0.1908396953125 0.4010416671875 0.2213740453125 0.421875 0.263358778125 0.4166666671875 0.3053435109375 0.3802083328125 0.32442748125 0.3177083328125 0.32442748125 0.2552083328125 0.31679389375 0.22395833281250002 0.3091603046875 0.1927083328125 0.2938931296875 0.1614583328125 0.267175571875 0.1302083328125 0.23664122187499997 0.1458333328125 0.20610687031250002 0.1822916671875 0.1793893125 0.2552083328125 0.1793893125 0.34375 0.1908396953125 0.4010416671875
3 0.3664122140625 0.5208333328125 0.3740458015625 0.4739583328125 0.3778625953125 0.4322916671875 0.3740458015625 0.3854166671875 0.3740458015625 0.3385416671875 0.33969465625 0.328125 0.3206106875 0.359375 0.31679389375 0.4166666671875 0.3206106875 0.5 0.33587786249999996 0.5260416671875 0.3664122140625 0.5208333328125
3 0.9351145031250001 0.4635416671875 0.9427480921875 0.4270833328125 0.9541984734375 0.3854166671875 0.9694656484375 0.34375 0.9694656484375 0.3125 0.9427480921875 0.20833333281250002 0.9389312984375 0.22916666718749998 0.9274809156250001 0.265625 0.9198473281249999 0.2916666671875 0.904580153125 0.3333333328125 0.8931297703125001 0.3541666671875 0.8893129765625 0.453125 0.896946565625 0.4635416671875 0.9351145031250001 0.4635416671875
3 0.4618320609375 0.7083333328125 0.4618320609375 0.65625 0.4694656484375 0.6197916671875 0.4694656484375 0.5677083328125 0.4656488546875 0.5520833328125 0.39312977031249996 0.5416666671875 0.3664122140625 0.5208333328125 0.3740458015625 0.609375 0.3740458015625 0.6614583328125 0.3816793890625 0.703125 0.435114503125 0.71875 0.4618320609375 0.7083333328125
3 0.564885496875 0.53125 0.6221374046875 0.5416666671875 0.67557251875 0.5416666671875 0.7175572515625 0.5364583328125 0.732824428125 0.5208333328125 0.759541984375 0.453125 0.763358778125 0.40625 0.755725190625 0.3645833328125 0.7290076328125 0.3489583328125 0.7213740453125 0.3333333328125 0.7099236640625 0.3072916671875 0.6984732828125 0.24479166718749998 0.6870229 0.21875 0.6717557249999999 0.21354166718749998 0.6488549625 0.21354166718749998 0.6145038171875 0.21354166718749998 0.6068702296875 0.22395833281250002 0.583969465625 0.23958333281250002 0.572519084375 0.2552083328125 0.5610687015625 0.28125 0.5572519078125 0.2916666671875 0.5534351140625 0.3020833328125 0.5496183203125 0.3385416671875 0.5496183203125 0.390625 0.5496183203125 0.4583333328125 0.5496183203125 0.5052083328125 0.564885496875 0.53125
3 0.8587786265625 0.515625 0.8931297703125001 0.4583333328125 0.8893129765625 0.453125 0.8893129765625 0.421875 0.8893129765625 0.3489583328125 0.8854961828125001 0.3020833328125 0.8854961828125001 0.265625 0.8740458015625 0.24479166718749998 0.84732824375 0.234375 0.8206106875 0.25 0.8091603046875001 0.296875 0.7824427484375 0.34375 0.7748091609375 0.359375 0.763358778125 0.390625 0.763358778125 0.4583333328125 0.7938931296875 0.4895833328125 0.8396946562500001 0.515625 0.8587786265625 0.515625
3 0.5305343515625001 0.71875 0.5458015265625 0.7135416671875 0.5572519078125 0.6875 0.564885496875 0.65625 0.564885496875 0.6197916671875 0.564885496875 0.5729166671875 0.5610687015625 0.5364583328125 0.5534351140625 0.5104166671875 0.5496183203125 0.484375 0.51908396875 0.4791666671875 0.515267175 0.5 0.50381679375 0.5104166671875 0.4923664125 0.5260416671875 0.48473282500000003 0.546875 0.4694656484375 0.546875 0.4694656484375 0.5572916671875 0.4770992359375 0.6041666671875 0.4770992359375 0.6614583328125 0.48854961875 0.6927083328125 0.5305343515625001 0.71875
3 0.587786259375 0.7291666671875 0.6259541984375 0.7552083328125 0.6450381671875001 0.7083333328125 0.65648855 0.6614583328125 0.67557251875 0.6145833328125 0.6793893125 0.5729166671875 0.6870229 0.5416666671875 0.6221374046875 0.5416666671875 0.572519084375 0.53125 0.572519084375 0.5416666671875 0.572519084375 0.5677083328125 0.572519084375 0.609375 0.572519084375 0.6666666671875 0.587786259375 0.7291666671875
3 0.27480916093749996 0.5260416671875 0.27480916093749996 0.5677083328125 0.27480916093749996 0.625 0.27480916093749996 0.65625 0.27480916093749996 0.6770833328125 0.2900763359375 0.7135416671875 0.3015267171875 0.7395833328125 0.328244275 0.7708333328125 0.3664122140625 0.7395833328125 0.3664122140625 0.6875 0.3664122140625 0.625 0.3664122140625 0.5677083328125 0.3511450375 0.5364583328125 0.3206106875 0.5208333328125 0.328244275 0.5208333328125 0.2786259546875 0.5104166671875 0.27480916093749996 0.5260416671875
3 0.767175571875 0.6614583328125 0.763358778125 0.671875 0.763358778125 0.6927083328125 0.7748091609375 0.734375 0.7900763359375 0.7447916671875 0.8206106875 0.75 0.8320610687500001 0.7291666671875 0.84732824375 0.6979166671875 0.8435114499999999 0.671875 0.8435114499999999 0.6302083328125 0.8435114499999999 0.5572916671875 0.8396946562500001 0.515625 0.7938931296875 0.4895833328125 0.7862595421874999 0.4895833328125 0.7748091609375 0.4947916671875 0.759541984375 0.515625 0.732824428125 0.5416666671875 0.7290076328125 0.5625 0.763358778125 0.59375 0.767175571875 0.6354166671875 0.767175571875 0.6614583328125