3 0.30731707343750003 0 0.3048780484375 0.0162601625 0.2951219515625 0.06504065 0.297560975 0.0813008125 0.2951219515625 0.08943089374999999 0.2926829265625 0.1382113828125 0.2829268296875 0.2113821140625 0.28536585312499996 0.2764227640625 0.309756096875 0.3414634140625 0.3439024390625 0.382113821875 0.3536585359375 0.390243903125 0.3585365859375 0.3658536578125 0.3658536578125 0.3089430890625 0.3707317078125 0.1951219515625 0.3585365859375 0.06504065 0.3560975609375 0.0162601625 0.3512195125 0 0.30731707343750003 0
3 0.46829268281249997 0.9512195125 0.497560975 0.9512195125 0.509756096875 0.9512195125 0.5121951218749999 0.8861788625000001 0.514634146875 0.8292682921875001 0.5195121953124999 0.8048780484375 0.5048780484375001 0.7804878046875 0.4658536578125 0.7398373984375 0.4414634140625 0.7317073171875 0.4341463421875 0.7967479671875 0.4317073171875 0.8536585359375 0.4317073171875 0.902439025 0.46829268281249997 0.9512195125
3 0.25609756093749997 0.26829268281249996 0.26829268281249996 0.2357723578125 0.2829268296875 0.2113821140625 0.2926829265625 0.1382113828125 0.2951219515625 0.08943089374999999 0.297560975 0.0813008125 0.2926829265625 0.048780487500000004 0.2804878046875 0 0.2317073171875 0.00813008125 0.22682926874999998 0.1382113828125 0.2292682921875 0.2357723578125 0.2414634140625 0.2601626015625 0.25609756093749997 0.26829268281249996
3 0.4170731703125 0.0162601625 0.4 0.0813008125 0.385365853125 0.1382113828125 0.37560975625 0.1788617890625 0.3585365859375 0.3658536578125 0.363414634375 0.40650406562499997 0.40243902499999995 0.471544715625 0.4487804875 0.504065040625 0.47073170781250007 0.528455284375 0.487864365625 0.3444378375 0.490243903125 0.30081300781250003 0.48780487812500006 0.2601626015625 0.4829268296875 0.1544715453125 0.47073170781250007 0.0813008125 0.4439024390625 0.04065040625 0.4170731703125 0.0162601625
3 0.597560975 0.544715446875 0.602439025 0.47967479687500003 0.6073170734375 0.40650406562499997 0.609756096875 0.3658536578125 0.609756096875 0.30081300781250003 0.609756096875 0.2357723578125 0.597560975 0.1869918703125 0.587804878125 0.1544715453125 0.57560975625 0.1544715453125 0.5439024390625 0.1544715453125 0.5219512187500001 0.1869918703125 0.5048780484375001 0.2520325203125 0.4926829265625 0.2926829265625 0.487864365625 0.3444378375 0.48536585312499997 0.390243903125 0.47804878124999994 0.48780487812500006 0.4829268296875 0.528455284375 0.5024390249999999 0.560975609375 0.5487804875 0.6016260156250001 0.5682926828125 0.617886178125 0.5926829265625 0.585365853125 0.597560975 0.544715446875
3 0.1487804875 0 0.1487804875 0.00813008125 0.1487804875 0.04065040625 0.1560975609375 0.06504065 0.16341463437499998 0.07317073125 0.1707317078125 0.07317073125 0.17804878125 0.04065040625 0.1804878046875 0.00813008125 0.17804878125 0 0.1487804875 0
3 0.47317073125000003 0.520325203125 0.47560975625 0.48780487812500006 0.48536585312499997 0.390243903125 0.4926829265625 0.30081300781250003 0.48780487812500006 0.2601626015625 0.4829268296875 0.1544715453125 0.47073170781250007 0.0813008125 0.4439024390625 0.04065040625 0.4170731703125 0.0162601625 0.4 0.0813008125 0.385365853125 0.1382113828125 0.37560975625 0.1788617890625 0.3585365859375 0.3658536578125 0.3707317078125 0.43902439062500004 0.3951219515625 0.471544715625 0.43902439062500004 0.504065040625 0.47317073125000003 0.520325203125
3 0.6804878046875 0.5772357718750001 0.687804878125 0.528455284375 0.6926829265625 0.44715447187499996 0.6951219515625 0.3739837390625 0.685365853125 0.2764227640625 0.6658536578125 0.2601626015625 0.6414634140625 0.26829268281249996 0.6292682921874999 0.30081300781250003 0.6170731703125 0.3414634140625 0.609756096875 0.382113821875 0.6073170734375 0.40650406562499997 0.602439025 0.47967479687500003 0.5951219515624999 0.552845528125 0.6 0.585365853125 0.6341463421875 0.609756096875 0.6658536578125 0.609756096875 0.6804878046875 0.5772357718750001
3 0.7292682921875 0.6504065046874999 0.7317073171875 0.6341463421875 0.7439024390625 0.585365853125 0.7585365859375 0.47967479687500003 0.763414634375 0.430894309375 0.763414634375 0.398373984375 0.7658536578125 0.3658536578125 0.7707317078125 0.32520325156249996 0.77317073125 0.2601626015625 0.7536585359375 0.26829268281249996 0.739024390625 0.2845528453125 0.7195121953125 0.3495934953125 0.702439025 0.390243903125 0.697560975 0.414634146875 0.6926829265625 0.430894309375 0.687804878125 0.520325203125 0.685365853125 0.552845528125 0.6804878046875 0.5772357718750001 0.687804878125 0.6016260156250001 0.702439025 0.6422764234375 0.7170731703125 0.6585365859375 0.7292682921875 0.6504065046874999
3 0.5560975609375001 0.9756097562500001 0.5926829265625 0.9756097562500001 0.597560975 0.8861788625000001 0.587804878125 0.8536585359375 0.5658536578125 0.8373983734375001 0.5487804875 0.8211382109375001 0.5341463421875 0.8211382109375001 0.5170731703125 0.8048780484375 0.514634146875 0.8373983734375001 0.5121951218749999 0.93495935 0.5195121953124999 0.9512195125 0.5560975609375001 0.9756097562500001
3 0.18292682968750001 0 0.1804878046875 0.10569105625 0.1804878046875 0.1626016265625 0.1926829265625 0.1788617890625 0.2048780484375 0.1626016265625 0.21463414687500001 0.1544715453125 0.22682926874999998 0.1382113828125 0.2292682921875 0.07317073125 0.2292682921875 0.032520325 0.2292682921875 0 0.18292682968750001 0
3 0.385365853125 0.8455284546874999 0.414634146875 0.902439025 0.42439024375 0.8943089437499999 0.42926829218749996 0.8536585359375 0.43658536562499994 0.7886178859374999 0.43902439062500004 0.7235772359375 0.4170731703125 0.7154471546875001 0.4 0.6910569109375 0.390243903125 0.6829268296875 0.363414634375 0.6585365859375 0.3585365859375 0.7073170734375 0.3560975609375 0.7886178859374999 0.360975609375 0.8211382109375001 0.385365853125 0.8455284546874999
3 0.790243903125 0.569105690625 0.802439025 0.43902439062500004 0.8048780484375 0.398373984375 0.8 0.3333333328125 0.77804878125 0.40650406562499997 0.763414634375 0.43902439062500004 0.7439024390625 0.6016260156250001 0.7536585359375 0.6422764234375 0.7707317078125 0.6666666671875 0.7829268296875 0.6260162609375 0.790243903125 0.569105690625
3 0.8292682921875001 0.48780487812500006 0.8341463421875 0.43902439062500004 0.8341463421875 0.382113821875 0.8292682921875001 0.3333333328125 0.8195121953125 0.3414634140625 0.8048780484375 0.390243903125 0.8048780484375 0.422764228125 0.787804878125 0.6016260156250001 0.797560975 0.6260162609375 0.8048780484375 0.6260162609375 0.8170731703125 0.585365853125 0.8292682921875001 0.48780487812500006