3 0.10769230781250001 0.6391752578125 0.11923076875000001 0.6082474234374999 0.13076923125 0.55670103125 0.15 0.5051546390625 0.11538461562499999 0.510309278125 0.10769230781250001 0.510309278125 0.08846153906250001 0.567010309375 0.08076923124999999 0.5927835046875 0.0769230765625 0.6340206187499999 0.08076923124999999 0.6958762890625 0.0923076921875 0.701030928125 0.1 0.701030928125 0.10769230781250001 0.67525773125 0.10769230781250001 0.6391752578125
3 0.046153846875 0.6494845359375 0.05 0.6958762890625 0.057692307812499996 0.7113402062499999 0.0730769234375 0.7113402062499999 0.08076923124999999 0.701030928125 0.08076923124999999 0.67525773125 0.0769230765625 0.644329896875 0.08076923124999999 0.6082474234374999 0.084615384375 0.5773195875 0.096153846875 0.546391753125 0.10384615312500001 0.52061855625 0.1115384609375 0.510309278125 0.065384615625 0.510309278125 0.053846153125 0.536082475 0.05 0.567010309375 0.0423076921875 0.6134020625 0.046153846875 0.6494845359375
3 0.934615384375 0.530927834375 0.9384615390625 0.536082475 0.9461538468749999 0.536082475 0.953846153125 0.5257731953125 0.9576923078125 0.5154639171875 0.9692307687499999 0.489690721875 0.9769230765625 0.45876288593750003 0.9730769234375 0.4226804125 0.9769230765625 0.38144329843749997 0.9692307687499999 0.345360825 0.9615384609375001 0.3298969078125 0.9461538468749999 0.3298969078125 0.934615384375 0.335051546875 0.9461538468749999 0.47938144375 0.9384615390625 0.52061855625 0.934615384375 0.530927834375
3 0.8076923078125 0.5257731953125 0.8269230765625 0.530927834375 0.8615384609375001 0.530927834375 0.8615384609375001 0.52061855625 0.8692307687499999 0.4742268046875 0.8692307687499999 0.43298969062500003 0.8692307687499999 0.38659793750000004 0.8730769234375 0.3505154640625 0.8730769234375 0.31958762812499997 0.8653846156249999 0.278350515625 0.846153846875 0.2525773203125 0.8230769234374999 0.2525773203125 0.8115384609375 0.2680412375 0.8 0.29381443281249997 0.784615384375 0.32474226875 0.7769230765625 0.3608247421875 0.7730769234375 0.4175257734375 0.7769230765625 0.510309278125 0.7923076921875001 0.5154639171875 0.8076923078125 0.5257731953125
3 0.165384615625 0.69072165 0.16923076875 0.67525773125 0.1769230765625 0.6597938140624999 0.184615384375 0.6288659796875 0.19615384687499998 0.5876288656249999 0.2076923078125 0.5721649484375 0.21538461562500003 0.536082475 0.22692307656250002 0.52061855625 0.19615384687499998 0.52061855625 0.1769230765625 0.4948453609375 0.153846153125 0.5051546390625 0.15 0.5154639171875 0.134615384375 0.546391753125 0.1269230765625 0.567010309375 0.11538461562499999 0.6134020625 0.1115384609375 0.6391752578125 0.10769230781250001 0.6804123718749999 0.10769230781250001 0.69072165 0.1269230765625 0.6958762890625 0.146153846875 0.701030928125 0.165384615625 0.69072165
3 0.6269230765625 0.7268041234375 0.6423076921875001 0.742268040625 0.6615384609375 0.7371134015624999 0.6769230765625001 0.7113402062499999 0.68076923125 0.6958762890625 0.68076923125 0.664948453125 0.684615384375 0.6288659796875 0.684615384375 0.6134020625 0.684615384375 0.5876288656249999 0.68076923125 0.5618556703124999 0.684615384375 0.5412371140625 0.653846153125 0.5618556703124999 0.5884615390625 0.567010309375 0.5884615390625 0.6134020625 0.5923076921875 0.644329896875 0.596153846875 0.6701030921875 0.603846153125 0.6958762890625 0.6269230765625 0.7268041234375
3 0.20384615312499998 0.7268041234375 0.2230769234375 0.7268041234375 0.24615384687500003 0.7061855671874999 0.26538461562500004 0.69072165 0.28076923125 0.6701030921875 0.29230769218749997 0.644329896875 0.296153846875 0.5773195875 0.296153846875 0.5412371140625 0.284615384375 0.5257731953125 0.26923076875 0.5051546390625 0.25 0.5154639171875 0.22692307656250002 0.52061855625 0.21923076875 0.536082475 0.2115384609375 0.55670103125 0.2076923078125 0.5721649484375 0.19615384687499998 0.5876288656249999 0.184615384375 0.6391752578125 0.184615384375 0.6804123718749999 0.184615384375 0.7164948453125 0.1923076921875 0.7268041234375 0.20384615312499998 0.7268041234375
3 0.0384615390625 0.4742268046875 0.053846153125 0.5 0.06923076875 0.5 0.0730769234375 0.469072165625 0.0730769234375 0.4226804125 0.0769230765625 0.38659793750000004 0.0769230765625 0.3711340203125 0.08076923124999999 0.34020618593749996 0.0769230765625 0.32474226875 0.0615384609375 0.3041237109375 0.0384615390625 0.345360825 0.015384615625 0.3969072171875 0.01923076875 0.4381443296875 0.0384615390625 0.4742268046875
3 0.8653846156249999 0.664948453125 0.8692307687499999 0.6185567015625 0.8653846156249999 0.5721649484375 0.8615384609375001 0.530927834375 0.8384615390624999 0.530927834375 0.8115384609375 0.5257731953125 0.7923076921875001 0.5154639171875 0.7807692312500001 0.5154639171875 0.7769230765625 0.536082475 0.76923076875 0.5515463921875 0.7807692312500001 0.5876288656249999 0.784615384375 0.6082474234374999 0.784615384375 0.654639175 0.8076923078125 0.69072165 0.8269230765625 0.7113402062499999 0.8576923078125 0.7113402062499999 0.8653846156249999 0.664948453125
3 0.76923076875 0.7319587624999999 0.784615384375 0.701030928125 0.784615384375 0.6701030921875 0.784615384375 0.654639175 0.784615384375 0.6288659796875 0.784615384375 0.6082474234374999 0.76923076875 0.55670103125 0.7615384609375 0.546391753125 0.734615384375 0.546391753125 0.7076923078124999 0.546391753125 0.684615384375 0.5412371140625 0.6884615390625 0.6391752578125 0.6923076921875 0.6701030921875 0.7076923078124999 0.7061855671874999 0.7423076921875 0.7268041234375 0.76923076875 0.7319587624999999
3 0.4269230765625 0.7371134015624999 0.45 0.742268040625 0.465384615625 0.7164948453125 0.4769230765625 0.69072165 0.49230769218750003 0.6701030921875 0.49230769218750003 0.644329896875 0.5 0.6082474234374999 0.5 0.5773195875 0.5 0.5618556703124999 0.47307692343749996 0.5618556703124999 0.43076923125000005 0.546391753125 0.4115384609375 0.546391753125 0.3923076921875 0.530927834375 0.3884615390625 0.59793814375 0.396153846875 0.6288659796875 0.4 0.67525773125 0.4076923078125 0.69072165 0.4269230765625 0.7371134015624999
3 0.1769230765625 0.4948453609375 0.2 0.52061855625 0.25 0.5154639171875 0.27692307656250004 0.5 0.27692307656250004 0.47938144375 0.27692307656250004 0.4175257734375 0.27692307656250004 0.35567010312499997 0.27692307656250004 0.31958762812499997 0.2730769234375 0.2835051546875 0.2576923078125 0.2525773203125 0.23076923124999998 0.2268041234375 0.2115384609375 0.2268041234375 0.2076923078125 0.2268041234375 0.184615384375 0.2474226796875 0.184615384375 0.28865979375 0.1730769234375 0.3144329890625 0.1730769234375 0.345360825 0.1769230765625 0.4948453609375
3 0.4115384609375 0.546391753125 0.46923076874999997 0.55670103125 0.5230769234375 0.55670103125 0.534615384375 0.5412371140625 0.534615384375 0.4742268046875 0.5384615390625 0.38659793750000004 0.515384615625 0.3298969078125 0.49230769218750003 0.3041237109375 0.4615384609375 0.29381443281249997 0.4269230765625 0.29381443281249997 0.41923076875 0.3041237109375 0.4 0.3298969078125 0.4 0.3505154640625 0.4 0.4948453609375 0.3923076921875 0.536082475 0.4115384609375 0.546391753125
3 0.8653846156249999 0.5154639171875 0.8692307687499999 0.52061855625 0.8846153843750001 0.536082475 0.9115384609375001 0.536082475 0.93076923125 0.530927834375 0.9423076921875 0.510309278125 0.9461538468749999 0.47938144375 0.9423076921875 0.4278350515625 0.934615384375 0.376288659375 0.93076923125 0.34020618593749996 0.9076923078125001 0.3298969078125 0.8846153843750001 0.335051546875 0.8769230765625 0.345360825 0.8692307687499999 0.4226804125 0.8692307687499999 0.463917525 0.8653846156249999 0.5154639171875
3 0.11923076875000001 0.5051546390625 0.15769230781250002 0.5051546390625 0.1769230765625 0.489690721875 0.1769230765625 0.43298969062500003 0.16923076875 0.3298969078125 0.11923076875000001 0.3298969078125 0.10384615312500001 0.3711340203125 0.08076923124999999 0.376288659375 0.0730769234375 0.4175257734375 0.0769230765625 0.45876288593750003 0.0730769234375 0.5 0.11923076875000001 0.5051546390625
3 0.3115384609375 0.530927834375 0.353846153125 0.536082475 0.3923076921875 0.530927834375 0.396153846875 0.4845360828125 0.4 0.4226804125 0.396153846875 0.3505154640625 0.36923076875 0.3041237109375 0.3384615390625 0.2835051546875 0.31538461562500003 0.28865979375 0.3 0.29381443281249997 0.28076923125 0.335051546875 0.27692307656250004 0.3917525765625 0.27692307656250004 0.4845360828125 0.284615384375 0.5154639171875 0.3115384609375 0.530927834375
3 0.55 0.5618556703124999 0.5769230765625 0.5618556703124999 0.6192307687499999 0.567010309375 0.6576923078125 0.5618556703124999 0.68076923125 0.546391753125 0.68076923125 0.52061855625 0.68076923125 0.453608246875 0.68076923125 0.40721649531250004 0.66923076875 0.36597938124999996 0.653846153125 0.32474226875 0.634615384375 0.29381443281249997 0.596153846875 0.29381443281249997 0.5730769234374999 0.30927835 0.546153846875 0.3298969078125 0.5384615390625 0.38144329843749997 0.5384615390625 0.5257731953125 0.5384615390625 0.546391753125 0.55 0.5618556703124999
3 0.546153846875 0.7474226796875 0.56923076875 0.721649484375 0.5769230765625 0.701030928125 0.5846153843749999 0.6701030921875 0.5846153843749999 0.6494845359375 0.5884615390625 0.5927835046875 0.5884615390625 0.5618556703124999 0.546153846875 0.55670103125 0.534615384375 0.546391753125 0.5230769234375 0.55670103125 0.5 0.5618556703124999 0.49615384687499997 0.6030927828125 0.49615384687499997 0.6185567015625 0.49230769218750003 0.644329896875 0.49230769218750003 0.6855670109374999 0.503846153125 0.721649484375 0.5269230765625 0.7474226796875 0.546153846875 0.7474226796875
3 0.953846153125 0.6134020625 0.953846153125 0.5721649484375 0.953846153125 0.536082475 0.953846153125 0.5257731953125 0.9423076921875 0.5412371140625 0.93076923125 0.530927834375 0.9230769234375 0.536082475 0.9230769234375 0.5412371140625 0.91923076875 0.6597938140624999 0.9384615390625 0.6597938140624999 0.95 0.6597938140624999 0.95 0.6391752578125 0.953846153125 0.6134020625
3 0.3269230765625 0.742268040625 0.3384615390625 0.7371134015624999 0.353846153125 0.7268041234375 0.36923076875 0.701030928125 0.38076923125 0.6701030921875 0.3884615390625 0.654639175 0.3884615390625 0.6082474234374999 0.3884615390625 0.567010309375 0.3884615390625 0.530927834375 0.3576923078125 0.536082475 0.33076923125 0.536082475 0.3115384609375 0.530927834375 0.296153846875 0.5257731953125 0.2884615390625 0.644329896875 0.2884615390625 0.67525773125 0.3 0.7164948453125 0.3076923078125 0.742268040625 0.3269230765625 0.742268040625
3 0.91923076875 0.6701030921875 0.91923076875 0.654639175 0.91923076875 0.623711340625 0.9230769234375 0.5927835046875 0.9230769234375 0.55670103125 0.9230769234375 0.530927834375 0.8846153843750001 0.536082475 0.8653846156249999 0.510309278125 0.8615384609375001 0.5154639171875 0.8615384609375001 0.530927834375 0.8730769234375 0.6494845359375 0.8884615390624999 0.67525773125 0.9 0.6958762890625 0.915384615625 0.701030928125 0.91923076875 0.6701030921875
3 0.7384615390625 0.546391753125 0.765384615625 0.546391753125 0.7769230765625 0.536082475 0.7769230765625 0.489690721875 0.7730769234375 0.4226804125 0.7730769234375 0.3505154640625 0.76923076875 0.3298969078125 0.734615384375 0.30927835 0.7 0.32474226875 0.6884615390625 0.34020618593749996 0.6769230765625001 0.35567010312499997 0.6769230765625001 0.3711340203125 0.6769230765625001 0.3969072171875 0.684615384375 0.5412371140625 0.6961538468749999 0.546391753125 0.7384615390625 0.546391753125