3 0.9190140843749999 0.47000000000000003 0.950704225 0.38 0.9471830984375 0.32 0.9366197187499999 0.265 0.9154929578125 0.23500000000000001 0.8908450703125 0.22999999999999998 0.8661971828125001 0.22000000000000003 0.8345070421875 0.225 0.806338028125 0.255 0.7781690140624999 0.335 0.7746478875 0.375 0.792253521875 0.43 0.8521126765625 0.48 0.88732394375 0.48 0.9190140843749999 0.47000000000000003
3 0.8028169015625 0.775 0.8239436625 0.755 0.8345070421875 0.72 0.8485915500000001 0.6799999999999999 0.8450704218749999 0.645 0.8239436625 0.615 0.8028169015625 0.5900000000000001 0.75 0.61 0.7218309859375001 0.635 0.7183098593749999 0.675 0.7253521125 0.72 0.7711267609375 0.755 0.7781690140624999 0.765 0.8028169015625 0.775
3 0.31338028125 0.9 0.330985915625 0.85 0.345070421875 0.805 0.345070421875 0.76 0.3345070421875 0.73 0.281690140625 0.74 0.25352112656250003 0.755 0.22887323906249998 0.775 0.232394365625 0.82 0.25 0.86 0.2711267609375 0.8949999999999999 0.2781690140625 0.9 0.31338028125 0.9
3 0.20774647812499997 0.805 0.232394365625 0.82 0.22535211249999998 0.78 0.2605633796875 0.75 0.281690140625 0.6900000000000001 0.281690140625 0.645 0.25352112656250003 0.605 0.20774647812499997 0.595 0.18661971875 0.61 0.1725352109375 0.63 0.1725352109375 0.655 0.154929578125 0.6900000000000001 0.1760563375 0.76 0.20774647812499997 0.805
3 0.0704225359375 0.26 0.09859155 0.24 0.1338028171875 0.22999999999999998 0.16197183125 0.195 0.1654929578125 0.155 0.1584507046875 0.11499999999999999 0.1408450703125 0.06 0.11971830937500001 0.03 0.0915492953125 0.015 0.042253521875 0.03 0.0140845078125 0.06 0.007042253125 0.125 0.0105633796875 0.205 0.028169014062499997 0.24 0.0704225359375 0.26
3 0.6830985921875 0.885 0.7147887328125 0.8949999999999999 0.7183098593749999 0.885 0.7605633796875 0.8550000000000001 0.7711267609375 0.8150000000000001 0.7746478875 0.755 0.7288732390625 0.725 0.7147887328125 0.73 0.6901408453125 0.73 0.6725352109375 0.74 0.669014084375 0.78 0.6725352109375 0.8099999999999999 0.6725352109375 0.8150000000000001 0.6830985921875 0.82 0.6830985921875 0.885
3 0.41549295781250006 0.8949999999999999 0.41549295781250006 0.8699999999999999 0.41197183125 0.8150000000000001 0.3838028171875 0.795 0.3521126765625 0.825 0.33802816875 0.8400000000000001 0.3169014078125 0.89 0.3239436625 0.905 0.3521126765625 0.96 0.380281690625 0.96 0.4084507046875 0.945 0.41549295781250006 0.8949999999999999
3 0.5845070421874999 0.875 0.556338028125 0.8550000000000001 0.5316901406250001 0.8300000000000001 0.5105633796875 0.85 0.4964788734375 0.8800000000000001 0.4894366203125 0.885 0.4964788734375 0.915 0.5035211265624999 0.96 0.5457746484375 0.975 0.5704225359375 0.95 0.5845070421874999 0.905 0.5845070421874999 0.875
3 0.9190140843749999 0.24 0.9401408453125001 0.26 0.9788732390625 0.21000000000000002 0.9859154921875 0.175 0.9753521125000001 0.095 0.950704225 0 0.8661971828125001 0.01 0.8345070421875 0.04 0.8450704218749999 0.095 0.83802816875 0.13999999999999999 0.8450704218749999 0.2 0.8591549296875 0.21000000000000002 0.8908450703125 0.22999999999999998 0.9190140843749999 0.24
3 0.1654929578125 0.63 0.1901408453125 0.605 0.2147887328125 0.595 0.2218309859375 0.58 0.22887323906249998 0.525 0.2218309859375 0.51 0.20422535156250002 0.47000000000000003 0.1584507046875 0.47000000000000003 0.130281690625 0.465 0.1161971828125 0.485 0.09859155 0.5549999999999999 0.1161971828125 0.615 0.1478873234375 0.63 0.1654929578125 0.63
3 0.419014084375 0.9550000000000001 0.43661971875 0.97 0.492957746875 0.975 0.5 0.9550000000000001 0.5 0.915 0.4894366203125 0.89 0.5 0.875 0.4964788734375 0.845 0.4753521125 0.82 0.45070422499999996 0.835 0.42605633750000005 0.8800000000000001 0.419014084375 0.875 0.41197183125 0.95 0.419014084375 0.9550000000000001
3 0.8485915500000001 0.645 0.8521126765625 0.63 0.8591549296875 0.58 0.86267605625 0.52 0.8521126765625 0.495 0.8415492953125 0.47000000000000003 0.8204225359375 0.45 0.7957746484375 0.43499999999999994 0.7781690140624999 0.44000000000000006 0.7570422531250001 0.475 0.75 0.515 0.75 0.55 0.7640845078125 0.5900000000000001 0.7570422531250001 0.6 0.8028169015625 0.5900000000000001 0.8485915500000001 0.645
3 0.080985915625 0.465 0.1161971828125 0.485 0.130281690625 0.47000000000000003 0.16197183125 0.465 0.193661971875 0.47000000000000003 0.22535211249999998 0.425 0.22887323906249998 0.36 0.2218309859375 0.29500000000000004 0.200704225 0.25 0.1338028171875 0.225 0.09859155 0.24 0.08802816875 0.25 0.0704225359375 0.305 0.06338028125 0.33999999999999997 0.06690140781250001 0.4 0.080985915625 0.465
3 0.669014084375 0.905 0.6830985921875 0.8800000000000001 0.6830985921875 0.825 0.6584507046875 0.8150000000000001 0.6161971828125 0.7849999999999999 0.595070421875 0.805 0.5845070421874999 0.845 0.58802816875 0.885 0.59859155 0.9199999999999999 0.6267605640625 0.925 0.669014084375 0.905