3 0.1854545453125 0.5737704921875 0.2072727265625 0.5519125687499999 0.2254545453125 0.5245901640625 0.22909090937499998 0.508196721875 0.22181818125000002 0.5136612015625001 0.17090909062499998 0.497267759375 0.1563636359375 0.464480875 0.149090909375 0.47540983593749997 0.1527272734375 0.508196721875 0.1563636359375 0.5519125687499999 0.17090909062499998 0.5737704921875 0.1854545453125 0.5737704921875
3 0.789090909375 0.44808743125 0.8109090906249999 0.47540983593749997 0.8290909093750001 0.47540983593749997 0.8472727265625 0.4699453546875 0.8654545453125 0.43715847031250005 0.8654545453125 0.40983606562499997 0.8727272734374999 0.3825136609375 0.8763636359375001 0.35519125625000003 0.8800000000000001 0.3333333328125 0.8800000000000001 0.2841530046875 0.8690909093749999 0.26229508125 0.8363636359375001 0.27322404375 0.8254545453125001 0.3060109296875 0.8036363640624999 0.3387978140625 0.7854545453124999 0.3715847 0.78181818125 0.38797814218750004 0.78181818125 0.42622950781249996 0.789090909375 0.44808743125
3 0.6799999999999999 0.595628415625 0.6872727265624999 0.5628415296875 0.6872727265624999 0.502732240625 0.669090909375 0.4808743171875 0.6654545453125 0.497267759375 0.650909090625 0.535519125 0.6327272734375 0.5464480875 0.610909090625 0.5519125687499999 0.610909090625 0.5573770484375 0.6145454546875 0.601092896875 0.6363636359375 0.6174863390625001 0.6618181812499999 0.6174863390625001 0.6799999999999999 0.595628415625
3 0.43636363593749994 0.6393442625 0.45454545468749996 0.6229508203125 0.46181818124999996 0.601092896875 0.4654545453125 0.5573770484375 0.42181818125000003 0.5683060109375 0.4 0.5683060109375 0.4 0.601092896875 0.40727272656249996 0.6229508203125 0.41454545468750004 0.6393442625 0.43636363593749994 0.6393442625
3 0.11636363593750002 0.5136612015625001 0.1345454546875 0.48633879843749994 0.14181818125 0.4808743171875 0.1454545453125 0.464480875 0.149090909375 0.44808743125 0.13818181875 0.42622950781249996 0.1127272734375 0.43715847031250005 0.10181818125 0.43715847031250005 0.09818181875000001 0.44808743125 0.0945454546875 0.4699453546875 0.0945454546875 0.502732240625 0.10181818125 0.5191256828124999 0.11636363593750002 0.5136612015625001
3 0.6654545453125 0.47540983593749997 0.69818181875 0.502732240625 0.72 0.502732240625 0.7454545453125 0.497267759375 0.7672727265625 0.47540983593749997 0.77818181875 0.45355191250000004 0.77818181875 0.40983606562499997 0.77818181875 0.36612021875 0.77818181875 0.316939890625 0.7672727265625 0.2841530046875 0.7527272734375 0.2677595625 0.7272727265625 0.2677595625 0.7127272734375001 0.2841530046875 0.7054545453125 0.3060109296875 0.6872727265624999 0.34426229531249997 0.6727272734375 0.36612021875 0.669090909375 0.3770491796875 0.6654545453125 0.40983606562499997 0.6654545453125 0.47540983593749997
3 0.2763636359375 0.5191256828124999 0.30181818125 0.5191256828124999 0.3345454546875 0.5191256828124999 0.34181818124999996 0.497267759375 0.349090909375 0.40983606562499997 0.34181818124999996 0.3934426234375 0.32 0.3387978140625 0.30181818125 0.2896174859375 0.269090909375 0.278688525 0.24727272656250002 0.2950819671875 0.24 0.3333333328125 0.23272727343750002 0.3825136609375 0.23272727343750002 0.44808743125 0.24363636406250003 0.491803278125 0.2763636359375 0.5191256828124999
3 0.54181818125 0.5464480875 0.5599999999999999 0.5573770484375 0.5890909093750001 0.5519125687499999 0.6327272734375 0.5464480875 0.650909090625 0.535519125 0.6654545453125 0.497267759375 0.6654545453125 0.44808743125 0.6654545453125 0.3825136609375 0.6618181812499999 0.35519125625000003 0.64 0.27322404375 0.61818181875 0.25683060156250004 0.57818181875 0.26229508125 0.54181818125 0.2950819671875 0.5236363640625 0.35519125625000003 0.5127272734375 0.40437158437500004 0.5163636359375 0.47540983593749997 0.52 0.535519125 0.54181818125 0.5464480875
3 0.17090909062499998 0.497267759375 0.22181818125000002 0.5136612015625001 0.24363636406250003 0.48633879843749994 0.2363636359375 0.45901639375 0.23272727343750002 0.42622950781249996 0.23272727343750002 0.38797814218750004 0.2254545453125 0.3825136609375 0.1963636359375 0.3497267765625 0.17818181875 0.3005464484375 0.1527272734375 0.2950819671875 0.130909090625 0.3005464484375 0.1272727265625 0.3333333328125 0.1345454546875 0.415300546875 0.1527272734375 0.45901639375 0.17090909062499998 0.497267759375
3 0.0872727265625 0.42076502656250003 0.069090909375 0.3770491796875 0.054545454687499995 0.32786885312499997 0.054545454687499995 0.3005464484375 0.0436363640625 0.26229508125 0.02181818125 0.24043715781250002 0.010909090625 0.23497267812499997 0.0145454546875 0.278688525 0.02181818125 0.34426229531249997 0.0472727265625 0.3934426234375 0.0872727265625 0.42076502656250003
3 0.9781818187500001 0.502732240625 0.989090909375 0.48633879843749994 0.989090909375 0.44808743125 0.9854545453125001 0.42076502656250003 0.9745454546874999 0.398907103125 0.9563636359375 0.42622950781249996 0.949090909375 0.4316939890625 0.9381818187500001 0.42622950781249996 0.930909090625 0.4426229515625 0.930909090625 0.45355191250000004 0.930909090625 0.48633879843749994 0.96 0.508196721875 0.9781818187500001 0.502732240625
3 0.9272727265625 0.5464480875 0.9272727265625 0.535519125 0.930909090625 0.497267759375 0.930909090625 0.43715847031250005 0.9090909093749999 0.464480875 0.8763636359375001 0.42622950781249996 0.8727272734374999 0.47540983593749997 0.8836363640625 0.5136612015625001 0.9163636359374999 0.5628415296875 0.9272727265625 0.5464480875
3 0.8763636359375001 0.42622950781249996 0.9090909093749999 0.464480875 0.930909090625 0.4316939890625 0.94181818125 0.3825136609375 0.9454545453125001 0.32786885312499997 0.94181818125 0.2841530046875 0.930909090625 0.26229508125 0.9127272734374999 0.2950819671875 0.89818181875 0.322404371875 0.8800000000000001 0.3497267765625 0.8727272734374999 0.3770491796875 0.8654545453125 0.42622950781249996 0.8763636359375001 0.42622950781249996
3 0.3163636359375 0.6174863390625001 0.3272727265625 0.6065573765625001 0.33818181875 0.584699453125 0.3454545453125 0.5683060109375 0.3454545453125 0.535519125 0.33818181875 0.5136612015625001 0.30181818125 0.5191256828124999 0.269090909375 0.5245901640625 0.269090909375 0.5573770484375 0.27999999999999997 0.590163934375 0.290909090625 0.6174863390625001 0.3163636359375 0.6174863390625001
3 0.7854545453124999 0.6065573765625001 0.7963636359375 0.584699453125 0.7963636359375 0.5628415296875 0.7963636359375 0.5245901640625 0.78181818125 0.4808743171875 0.77818181875 0.45355191250000004 0.7672727265625 0.47540983593749997 0.7454545453125 0.497267759375 0.72 0.502732240625 0.6945454546875001 0.502732240625 0.70181818125 0.5136612015625001 0.7163636359375001 0.54098360625 0.730909090625 0.5737704921875 0.7563636359375 0.590163934375 0.7854545453124999 0.6065573765625001
3 0.0654545453125 0.47540983593749997 0.0872727265625 0.464480875 0.090909090625 0.43715847031250005 0.0872727265625 0.42076502656250003 0.050909090625 0.398907103125 0.04 0.398907103125 0.032727273437499996 0.40437158437500004 0.02181818125 0.43715847031250005 0.02181818125 0.45901639375 0.032727273437499996 0.47540983593749997 0.0654545453125 0.47540983593749997
3 0.5636363640625001 0.601092896875 0.5709090906250001 0.5573770484375 0.5272727265625 0.54098360625 0.5127272734375 0.54098360625 0.49818181875 0.5464480875 0.5127272734375 0.6284153 0.54181818125 0.6393442625 0.5599999999999999 0.6284153 0.5636363640625001 0.601092896875
3 0.9345454546875 0.42076502656250003 0.9527272734375 0.4316939890625 0.9781818187500001 0.3934426234375 0.9854545453125001 0.3497267765625 0.9854545453125001 0.25683060156250004 0.9672727265625 0.2896174859375 0.9527272734375 0.316939890625 0.9454545453125001 0.3333333328125 0.94181818125 0.3606557375 0.9345454546875 0.42076502656250003
3 0.349090909375 0.497267759375 0.36 0.535519125 0.38181818125 0.5628415296875 0.42181818125000003 0.5683060109375 0.4727272734375 0.5573770484375 0.52 0.54098360625 0.5163636359375 0.491803278125 0.50181818125 0.43715847031250005 0.49090909062500004 0.3715847 0.4872727265625 0.3387978140625 0.4654545453125 0.3005464484375 0.41818181875000004 0.278688525 0.370909090625 0.2841530046875 0.3672727265625 0.32786885312499997 0.3563636359375 0.398907103125 0.349090909375 0.42076502656250003 0.349090909375 0.464480875 0.349090909375 0.497267759375
3 0.8363636359375001 0.5737704921875 0.8727272734374999 0.590163934375 0.8800000000000001 0.5737704921875 0.8800000000000001 0.5464480875 0.8763636359375001 0.508196721875 0.8690909093749999 0.47540983593749997 0.8690909093749999 0.4426229515625 0.8654545453125 0.43715847031250005 0.8472727265625 0.4699453546875 0.8290909093750001 0.47540983593749997 0.8072727265624999 0.47540983593749997 0.7854545453124999 0.43715847031250005 0.7854545453124999 0.45355191250000004 0.7854545453124999 0.48633879843749994 0.8 0.5191256828124999 0.8145454546875 0.54098360625 0.8363636359375001 0.5737704921875
3 0.0872727265625 0.4316939890625 0.10909090937499999 0.43715847031250005 0.130909090625 0.4316939890625 0.1345454546875 0.415300546875 0.1345454546875 0.38797814218750004 0.1272727265625 0.34426229531249997 0.10545454531250001 0.3060109296875 0.069090909375 0.2513661203125 0.05818181875 0.25683060156250004 0.054545454687499995 0.3005464484375 0.05818181875 0.32786885312499997 0.07272727343749999 0.3770491796875 0.0872727265625 0.4316939890625