3 0.8810289390625 0.5555555562500001 0.9067524109375 0.586419753125 0.926045015625 0.5802469140625 0.9421221859375001 0.51851851875 0.9678456593749999 0.38271605000000003 0.961414790625 0.23456790156250001 0.926045015625 0.2160493828125 0.890675240625 0.2654320984375 0.8745980703124999 0.3395061734375 0.8520900328125001 0.37654320937499997 0.8456591640625 0.44444444375 0.8520900328125001 0.5061728390625 0.8810289390625 0.5555555562500001
3 0.07073955 0.4876543203125 0.096463021875 0.5061728390625 0.131832796875 0.49382716093749995 0.17041800625 0.44444444375 0.167202571875 0.4012345671875 0.1639871375 0.35802469062500003 0.173633440625 0.296296296875 0.1607717046875 0.240740740625 0.138263665625 0.17283950625 0.0900321546875 0.1543209875 0.07073955 0.19135802500000001 0.06109324687499999 0.296296296875 0.0578778140625 0.3518518515625 0.06109324687499999 0.38271605000000003 0.07073955 0.4876543203125
3 0.17041800625 0.432098765625 0.173633440625 0.46913580312500003 0.1961414796875 0.49382716093749995 0.2508038578125 0.5246913578125 0.2829582 0.51851851875 0.302250803125 0.49382716093749995 0.3054662375 0.43827160468750004 0.315112540625 0.35802469062500003 0.2990353703125 0.2654320984375 0.2829582 0.20987654375 0.244372990625 0.141975309375 0.21864951718749998 0.141975309375 0.1929260453125 0.20987654375 0.176848875 0.27777777812500004 0.167202571875 0.3333333328125 0.167202571875 0.37654320937499997 0.17041800625 0.432098765625
3 0.3247588421875 0.8518518515625001 0.372990353125 0.7530864203125 0.3697749203125 0.5740740734374999 0.3344051453125 0.5555555562500001 0.302250803125 0.5 0.2861736328125 0.51851851875 0.2636655953125 0.530864196875 0.2508038578125 0.6481481484375 0.2540192921875 0.7345679015625 0.279742765625 0.8333333328125001 0.3247588421875 0.8518518515625001
3 0.07073955 0.759259259375 0.096463021875 0.703703703125 0.1221864953125 0.6851851859375 0.1254019296875 0.5740740734374999 0.0932475890625 0.5123456796875 0.06109324687499999 0.48148148125 0.032154340625 0.5555555562500001 0.0225080390625 0.61728395 0.0225080390625 0.6851851859375 0.04180064375 0.8024691359375 0.07073955 0.759259259375
3 0.861736334375 0.759259259375 0.8745980703124999 0.641975309375 0.8649517687499999 0.5802469140625 0.8424437296875 0.5123456796875 0.8167202578125 0.5432098765625 0.784565915625 0.5617283953125 0.755627009375 0.5679012343750001 0.755627009375 0.6666666671875 0.79421221875 0.8271604937499999 0.8520900328125001 0.8456790125 0.861736334375 0.759259259375
3 0.543408359375 0.858024690625 0.556270096875 0.8518518515625001 0.5755627015625 0.8209876546875 0.6012861734375 0.7530864203125 0.6077170421875 0.6975308640625 0.620578778125 0.5925925921874999 0.5723472671875001 0.586419753125 0.5337620578125 0.5740740734374999 0.5080385859375001 0.5617283953125 0.49839228281250003 0.61728395 0.5080385859375001 0.722222221875 0.52411575625 0.8148148140625 0.543408359375 0.858024690625
3 0.44051446875 0.8271604937499999 0.47588424375000005 0.8148148140625 0.4823151125 0.703703703125 0.4951768484375 0.6666666671875 0.485530546875 0.5617283953125 0.45337620625 0.5740740734374999 0.40192926093750003 0.5740740734374999 0.38263665625 0.5740740734374999 0.38263665625 0.63580246875 0.3922829578125 0.7345679015625 0.41157556250000005 0.8024691359375 0.44051446875 0.8271604937499999
3 0.520900321875 0.5740740734374999 0.556270096875 0.5802469140625 0.6012861734375 0.5925925921874999 0.6334405140625 0.5925925921874999 0.6688102890625001 0.5802469140625 0.691318328125 0.5555555562500001 0.691318328125 0.5061728390625 0.697749196875 0.4012345671875 0.6784565921875 0.27777777812500004 0.649517684375 0.2160493828125 0.6077170421875 0.19135802500000001 0.5691318328125 0.20987654375 0.5305466234375 0.28395061718750003 0.51125401875 0.395061728125 0.5048231515625 0.4753086421875 0.49839228281250003 0.549382715625 0.520900321875 0.5740740734374999
3 0.3311897109375 0.5555555562500001 0.3922829578125 0.5740740734374999 0.4469453375 0.5740740734374999 0.4951768484375 0.5555555562500001 0.5016077171875 0.5 0.5048231515625 0.4197530859375 0.49839228281250003 0.36419753125 0.47588424375000005 0.28395061718750003 0.45337620625 0.222222221875 0.42443729843750005 0.17283950625 0.3890675234375 0.1666666671875 0.3569131828125 0.17901234531250002 0.3279742765625 0.2530864203125 0.315112540625 0.35802469062500003 0.308681671875 0.42592592656250006 0.302250803125 0.5 0.3311897109375 0.5555555562500001
3 0.13504823125 0.8024691359375 0.1543408359375 0.8456790125 0.1864951765625 0.8333333328125001 0.21221865 0.8024691359375 0.2315112546875 0.722222221875 0.2508038578125 0.6481481484375 0.2508038578125 0.5432098765625 0.24115755625 0.51851851875 0.20578778125000002 0.5061728390625 0.1607717046875 0.46913580312500003 0.138263665625 0.5061728390625 0.1221864953125 0.6234567906249999 0.1286173640625 0.740740740625 0.13504823125 0.8024691359375
3 0.04180064375 0.51851851875 0.067524115625 0.45679012343750003 0.067524115625 0.41358024687499995 0.0578778140625 0.3703703703125 0.0578778140625 0.3148148140625 0.035369775 0.240740740625 0.0032154343750000003 0.1975308640625 0.0032154343750000003 0.46296296249999996 0.0160771703125 0.5246913578125 0.04180064375 0.51851851875
3 0.97106109375 0.8086419749999999 0.9839228296875 0.70987654375 0.9774919609375001 0.6481481484375 0.9517684890625 0.51851851875 0.926045015625 0.5802469140625 0.8810289390625 0.5740740734374999 0.8745980703124999 0.6234567906249999 0.90032154375 0.7283950625 0.9453376203125 0.8024691359375 0.97106109375 0.8086419749999999
3 0.9678456593749999 0.4012345671875 0.9549839234374999 0.4753086421875 0.9517684890625 0.5123456796875 0.97106109375 0.5802469140625 0.9967845656250001 0.5802469140625 0.9967845656250001 0.27777777812500004 0.9678456593749999 0.4012345671875
3 0.7106109328125 0.5617283953125 0.7331189703125001 0.5679012343750001 0.78778135 0.5555555562500001 0.832797428125 0.530864196875 0.8424437296875 0.5123456796875 0.8488745984375001 0.46913580312500003 0.8488745984375001 0.41358024687499995 0.8456591640625 0.3456790125 0.826366559375 0.259259259375 0.8006430874999999 0.222222221875 0.7717041796874999 0.2160493828125 0.752411575 0.22839506250000002 0.726688103125 0.3148148140625 0.7009646296875001 0.3888888890625 0.691318328125 0.4753086421875 0.691318328125 0.5555555562500001 0.7106109328125 0.5617283953125
3 0.7009646296875001 0.8333333328125001 0.726688103125 0.796296296875 0.7363344046875 0.691358025 0.7427652734375 0.5802469140625 0.691318328125 0.5555555562500001 0.6720257234375 0.5679012343750001 0.6302250796875 0.61728395 0.6334405140625 0.7283950625 0.6463022515625 0.777777778125 0.6655948546875 0.8209876546875 0.7009646296875001 0.8333333328125001