3 0.3513513515625 0.8 0.359073359375 0.8051282046875 0.38223938281250003 0.8205128203125 0.389961390625 0.815384615625 0.38610038593749996 0.8 0.38610038593749996 0.76923076875 0.3706563703125 0.758974359375 0.3513513515625 0.7435897437500001 0.3359073359375 0.7384615390625 0.3204633203125 0.758974359375 0.3204633203125 0.76923076875 0.33204633281249996 0.784615384375 0.3513513515625 0.8
3 0.328185328125 0.7076923078124999 0.33204633281249996 0.697435896875 0.3359073359375 0.6923076921875 0.3359073359375 0.6769230765625001 0.328185328125 0.6615384609375 0.3166023171875 0.6512820515625 0.297297296875 0.646153846875 0.28185328125 0.6358974359375 0.2702702703125 0.641025640625 0.2664092671875 0.646153846875 0.2664092671875 0.6666666671875 0.28185328125 0.7076923078124999 0.29343629375 0.7333333328125 0.308880309375 0.7179487171875001 0.3204633203125 0.7076923078124999 0.328185328125 0.7076923078124999
3 0.6023166015625 0.3128205125 0.6138996140625 0.32820512812499997 0.6332046328125001 0.3333333328125 0.6486486484375 0.3333333328125 0.652509653125 0.32820512812499997 0.652509653125 0.297435896875 0.652509653125 0.271794871875 0.652509653125 0.2512820515625 0.625482625 0.23076923124999998 0.5984555984375 0.225641025 0.5945945953125 0.2615384609375 0.5984555984375 0.29230769218749997 0.5984555984375 0.3128205125 0.6023166015625 0.3128205125
3 0.49034749062499994 0.29230769218749997 0.5135135140625 0.2820512828125 0.5289575296875 0.2615384609375 0.540540540625 0.2512820515625 0.5521235515625 0.24615384687500003 0.55598455625 0.23589743593749998 0.5482625484375 0.21538461562500003 0.540540540625 0.2 0.521235521875 0.1948717953125 0.49420849375 0.20512820468749998 0.478764478125 0.20512820468749998 0.47104247031249996 0.22051282031250002 0.47104247031249996 0.2512820515625 0.478764478125 0.29230769218749997 0.49034749062499994 0.29230769218749997
3 0.521235521875 0.30256410312500004 0.525096525 0.3128205125 0.5328185328124999 0.3179487171875 0.54440154375 0.3179487171875 0.55598455625 0.3179487171875 0.5637065640625 0.32820512812499997 0.5791505796875 0.3333333328125 0.5868725875 0.3384615390625 0.5984555984375 0.3128205125 0.5984555984375 0.2871794875 0.5984555984375 0.2666666671875 0.5984555984375 0.225641025 0.5868725875 0.21025641093749997 0.55598455625 0.2 0.5521235515625 0.21538461562500003 0.55598455625 0.23589743593749998 0.5482625484375 0.2512820515625 0.540540540625 0.2615384609375 0.5328185328124999 0.271794871875 0.525096525 0.2871794875 0.521235521875 0.30256410312500004
3 0.5675675671875 0.7794871796875 0.5714285718750001 0.784615384375 0.5830115828125 0.774358975 0.5945945953125 0.774358975 0.5984555984375 0.7641025640625 0.6138996140625 0.753846153125 0.6138996140625 0.7333333328125 0.6138996140625 0.728205128125 0.5945945953125 0.7128205125 0.5830115828125 0.7230769234375 0.559845559375 0.7384615390625 0.559845559375 0.758974359375 0.559845559375 0.7794871796875 0.5675675671875 0.7794871796875
3 0.6486486484375 0.3333333328125 0.6447876453125 0.3384615390625 0.6486486484375 0.358974359375 0.65637065625 0.374358975 0.6679536671874999 0.3794871796875 0.6795366796875 0.3794871796875 0.6872586875 0.358974359375 0.6872586875 0.32820512812499997 0.691119690625 0.3076923078125 0.6872586875 0.29230769218749997 0.675675675 0.2871794875 0.6602316609375001 0.2871794875 0.652509653125 0.297435896875 0.652509653125 0.32820512812499997 0.6486486484375 0.3333333328125
3 0.50579150625 0.784615384375 0.50579150625 0.8 0.5173745171874999 0.8051282046875 0.55598455625 0.7948717953125 0.55598455625 0.784615384375 0.559845559375 0.76923076875 0.559845559375 0.7435897437500001 0.54440154375 0.7435897437500001 0.5328185328124999 0.7384615390625 0.5096525093750001 0.7384615390625 0.50579150625 0.7487179484375 0.5019305015625 0.753846153125 0.4980694984375 0.76923076875 0.50579150625 0.784615384375
3 0.3204633203125 0.32820512812499997 0.33976833906250004 0.3179487171875 0.33976833906250004 0.2820512828125 0.347490346875 0.2512820515625 0.34362934375 0.24615384687500003 0.32432432499999997 0.25641025625 0.297297296875 0.2820512828125 0.29343629375 0.3128205125 0.3050193046875 0.3487179484375 0.3204633203125 0.32820512812499997
3 0.3629343625 0.7487179484375 0.3667953671875 0.7435897437500001 0.3513513515625 0.7230769234375 0.328185328125 0.7076923078124999 0.3204633203125 0.7076923078124999 0.3127413125 0.7179487171875001 0.3011583015625 0.728205128125 0.3011583015625 0.7435897437500001 0.3166023171875 0.7641025640625 0.32432432499999997 0.758974359375 0.3359073359375 0.7384615390625 0.3629343625 0.7487179484375
3 0.40540540468749997 0.3230769234375 0.428571428125 0.32820512812499997 0.46332046406250005 0.3179487171875 0.478764478125 0.30256410312500004 0.47490347499999996 0.2871794875 0.47104247031249996 0.2512820515625 0.47104247031249996 0.22051282031250002 0.44401544375 0.20512820468749998 0.428571428125 0.21025641093749997 0.40540540468749997 0.22051282031250002 0.40154440156250004 0.24102564062499998 0.3976833984375 0.2512820515625 0.3976833984375 0.297435896875 0.40540540468749997 0.3230769234375
3 0.40540540468749997 0.3230769234375 0.3976833984375 0.297435896875 0.3976833984375 0.2666666671875 0.3976833984375 0.2512820515625 0.37451737500000004 0.23076923124999998 0.3552123546875 0.23589743593749998 0.33976833906250004 0.271794871875 0.33976833906250004 0.3179487171875 0.3552123546875 0.3333333328125 0.37451737500000004 0.3384615390625 0.40154440156250004 0.3333333328125 0.40540540468749997 0.3230769234375
3 0.49034749062499994 0.815384615625 0.5019305015625 0.8102564109375001 0.50579150625 0.8 0.50579150625 0.784615384375 0.4980694984375 0.76923076875 0.5019305015625 0.7384615390625 0.4980694984375 0.728205128125 0.4826254828125 0.7230769234375 0.46718146718750003 0.728205128125 0.45559845625 0.7435897437500001 0.46332046406250005 0.76923076875 0.46332046406250005 0.815384615625 0.478764478125 0.815384615625 0.49034749062499994 0.815384615625
3 0.3976833984375 0.815384615625 0.4169884171875 0.8205128203125 0.428571428125 0.815384615625 0.4517374515625 0.8205128203125 0.46332046406250005 0.815384615625 0.459459459375 0.76923076875 0.45559845625 0.7487179484375 0.4517374515625 0.7487179484375 0.4324324328125 0.753846153125 0.42471042499999995 0.7487179484375 0.4131274125 0.7384615390625 0.39382239375 0.7435897437500001 0.38223938281250003 0.758974359375 0.38610038593749996 0.8051282046875 0.39382239375 0.815384615625 0.3976833984375 0.815384615625
3 0.625482625 0.7384615390625 0.6486486484375 0.7128205125 0.6833976828125 0.6615384609375 0.675675675 0.6512820515625 0.6640926640625 0.641025640625 0.6602316609375001 0.641025640625 0.6447876453125 0.6564102562499999 0.6447876453125 0.6666666671875 0.640926640625 0.6769230765625001 0.6332046328125001 0.6871794875 0.6332046328125001 0.697435896875 0.6293436296875 0.7076923078124999 0.6177606171875001 0.7179487171875001 0.6177606171875001 0.728205128125 0.6177606171875001 0.7435897437500001 0.625482625 0.7384615390625