3 0.18250950625 0.505 0.19771863125 0.505 0.22053231874999998 0.505 0.2395437265625 0.5 0.2661596953125 0.48 0.281368821875 0.475 0.281368821875 0.425 0.2737642578125 0.395 0.2661596953125 0.355 0.2509505703125 0.33999999999999997 0.22813688281250002 0.32999999999999996 0.21292775625 0.32999999999999996 0.20532319375000002 0.355 0.19011406875 0.395 0.1749049421875 0.445 0.17110266093749998 0.47000000000000003 0.18250950625 0.505
3 0.45627376406250003 0.45 0.45627376406250003 0.475 0.4600760453125 0.485 0.47528517187499997 0.49000000000000005 0.5057034218750001 0.49000000000000005 0.5513307984375 0.49000000000000005 0.5665399234375 0.495 0.5665399234375 0.485 0.5741444859375 0.45999999999999996 0.5741444859375 0.43499999999999994 0.5703422046875 0.40499999999999997 0.5741444859375 0.38 0.5475285171875 0.32 0.520912546875 0.3 0.49809885937500004 0.29500000000000004 0.479087453125 0.29500000000000004 0.4676806078125 0.305 0.4600760453125 0.32999999999999996 0.45627376406250003 0.35 0.4524714828125 0.37 0.45627376406250003 0.39 0.45627376406250003 0.425 0.45627376406250003 0.45
3 0.22053231874999998 0.61 0.22053231874999998 0.65 0.2433460078125 0.675 0.2661596953125 0.65 0.285171103125 0.61 0.28897338437500003 0.585 0.296577946875 0.5599999999999999 0.300380228125 0.515 0.27756654062499997 0.495 0.25855513281250003 0.485 0.2319391640625 0.505 0.2319391640625 0.52 0.2243346 0.53 0.22053231874999998 0.5700000000000001 0.22053231874999998 0.61
3 0.1558935359375 0.51 0.16349809843750002 0.51 0.18250950625 0.51 0.18250950625 0.5 0.1749049421875 0.485 0.17110266093749998 0.465 0.178707225 0.43499999999999994 0.19011406875 0.41 0.1863117875 0.4 0.16349809843750002 0.395 0.1520912546875 0.4 0.14448669218750002 0.41500000000000004 0.14448669218750002 0.43 0.14448669218750002 0.485 0.1558935359375 0.51
3 0.6425855515625 0.47000000000000003 0.6501901140624999 0.475 0.6577946765625 0.485 0.6730038015625001 0.495 0.684410646875 0.505 0.703422053125 0.505 0.718631178125 0.495 0.722433459375 0.475 0.718631178125 0.45 0.718631178125 0.43 0.711026615625 0.41500000000000004 0.707224334375 0.40499999999999997 0.703422053125 0.395 0.699619771875 0.38 0.699619771875 0.365 0.699619771875 0.35 0.699619771875 0.33999999999999997 0.695817490625 0.32999999999999996 0.688212928125 0.32 0.676806084375 0.32 0.6539923953125 0.32999999999999996 0.6425855515625 0.36 0.6349809890625 0.385 0.62357414375 0.41500000000000004 0.6311787078125 0.45499999999999996 0.6311787078125 0.465 0.6387832703125 0.47000000000000003 0.6425855515625 0.47000000000000003
3 0.718631178125 0.43 0.722433459375 0.475 0.718631178125 0.495 0.711026615625 0.505 0.718631178125 0.51 0.7414448671875 0.515 0.7528517109374999 0.505 0.7566539921875 0.475 0.7566539921875 0.41500000000000004 0.7490494296875 0.39 0.7452471484375 0.375 0.718631178125 0.355 0.703422053125 0.355 0.699619771875 0.37 0.707224334375 0.40499999999999997 0.718631178125 0.43
3 0.7566539921875 0.6 0.7604562734375 0.5650000000000001 0.7604562734375 0.54 0.7528517109374999 0.51 0.7452471484375 0.515 0.7300380234375 0.515 0.7262357421875001 0.51 0.7148288968750001 0.515 0.7262357421875001 0.545 0.7300380234375 0.6 0.7490494296875 0.615 0.7566539921875 0.6
3 0.680608365625 0.61 0.699619771875 0.635 0.707224334375 0.64 0.7262357421875001 0.605 0.7262357421875001 0.5900000000000001 0.7262357421875001 0.54 0.711026615625 0.505 0.703422053125 0.51 0.684410646875 0.505 0.6692015203125 0.495 0.6653992390625 0.5 0.6653992390625 0.51 0.6692015203125 0.54 0.6692015203125 0.5599999999999999 0.6692015203125 0.58 0.680608365625 0.61
3 0.3346007609375 0.45 0.3422053234375 0.45999999999999996 0.34600760468749997 0.475 0.34600760468749997 0.485 0.35741444843750003 0.49000000000000005 0.3688212921875 0.495 0.39923954375 0.5 0.40684410625 0.5 0.4448669203125 0.49000000000000005 0.45627376406250003 0.45999999999999996 0.45627376406250003 0.43499999999999994 0.4524714828125 0.38 0.4410646390625 0.35 0.42965779531250003 0.325 0.41064638750000004 0.3 0.3954372625 0.29 0.37642585624999997 0.3 0.34600760468749997 0.355 0.3422053234375 0.385 0.3346007609375 0.41500000000000004 0.3346007609375 0.43499999999999994 0.3346007609375 0.45
3 0.3269961984375 0.52 0.3688212921875 0.515 0.3688212921875 0.495 0.3498098859375 0.49000000000000005 0.3346007609375 0.445 0.3346007609375 0.41500000000000004 0.3384030421875 0.395 0.323193915625 0.37 0.304182509375 0.385 0.296577946875 0.39 0.28897338437500003 0.40499999999999997 0.281368821875 0.43 0.281368821875 0.45499999999999996 0.281368821875 0.5 0.300380228125 0.515 0.3269961984375 0.52
3 0.117870721875 0.53 0.14448669218750002 0.53 0.1520912546875 0.51 0.1520912546875 0.505 0.14448669218750002 0.485 0.14448669218750002 0.465 0.14448669218750002 0.43499999999999994 0.1406844109375 0.425 0.121673003125 0.42000000000000004 0.11406844062499999 0.43499999999999994 0.11026615937499999 0.45 0.11026615937499999 0.475 0.11026615937499999 0.505 0.117870721875 0.53
3 0.520912546875 0.575 0.5361216734375 0.61 0.5665399234375 0.635 0.58174905 0.625 0.60076045625 0.595 0.6045627375 0.5650000000000001 0.6045627375 0.515 0.6045627375 0.495 0.5665399234375 0.495 0.5551330796875 0.49000000000000005 0.5399239546875 0.49000000000000005 0.524714828125 0.49000000000000005 0.520912546875 0.51 0.520912546875 0.53 0.5171102656250001 0.55 0.520912546875 0.575
3 0.37262357343749997 0.585 0.39163498125 0.605 0.42965779531250003 0.605 0.44866920156249995 0.595 0.4524714828125 0.5650000000000001 0.4524714828125 0.525 0.4448669203125 0.49000000000000005 0.41064638750000004 0.5 0.3802281375 0.5 0.3802281375 0.515 0.3802281375 0.53 0.37262357343749997 0.585
3 0.5741444859375 0.43 0.5741444859375 0.45999999999999996 0.5703422046875 0.47000000000000003 0.5665399234375 0.495 0.58174905 0.495 0.5969581749999999 0.495 0.61596958125 0.495 0.6273764265625 0.49000000000000005 0.6273764265625 0.475 0.6311787078125 0.45499999999999996 0.6273764265625 0.41500000000000004 0.6121673000000001 0.38 0.59315589375 0.375 0.5741444859375 0.37 0.5741444859375 0.38 0.5703422046875 0.40499999999999997 0.5741444859375 0.43
3 0.4524714828125 0.525 0.4524714828125 0.5700000000000001 0.44866920156249995 0.595 0.479087453125 0.61 0.49809885937500004 0.605 0.513307984375 0.585 0.5171102656250001 0.5599999999999999 0.5171102656250001 0.53 0.5171102656250001 0.5 0.520912546875 0.49000000000000005 0.501901140625 0.49000000000000005 0.4714828890625 0.49000000000000005 0.4600760453125 0.485 0.45627376406250003 0.475 0.44866920156249995 0.475 0.44866920156249995 0.49000000000000005 0.44866920156249995 0.5 0.4524714828125 0.525
3 0.6045627375 0.5650000000000001 0.60836501875 0.6 0.60836501875 0.615 0.62357414375 0.645 0.6311787078125 0.655 0.6463878328125 0.665 0.6615969578125 0.655 0.6615969578125 0.635 0.6692015203125 0.58 0.6653992390625 0.51 0.6615969578125 0.49000000000000005 0.6577946765625 0.485 0.6501901140624999 0.48 0.6349809890625 0.48 0.62357414375 0.49000000000000005 0.61596958125 0.495 0.60836501875 0.495 0.6045627375 0.495 0.6045627375 0.52 0.6045627375 0.5650000000000001
3 0.1596958171875 0.63 0.1749049421875 0.605 0.1749049421875 0.5900000000000001 0.1749049421875 0.5650000000000001 0.1749049421875 0.5349999999999999 0.1749049421875 0.52 0.1520912546875 0.505 0.14448669218750002 0.54 0.1406844109375 0.5650000000000001 0.1368821296875 0.5900000000000001 0.1406844109375 0.605 0.1596958171875 0.63
3 0.3422053234375 0.6599999999999999 0.3650190109375 0.62 0.37262357343749997 0.575 0.37642585624999997 0.5349999999999999 0.37642585624999997 0.515 0.3688212921875 0.515 0.3269961984375 0.525 0.300380228125 0.515 0.300380228125 0.525 0.300380228125 0.545 0.300380228125 0.5900000000000001 0.31558935312499997 0.64 0.3422053234375 0.6599999999999999
3 0.19771863125 0.645 0.21292775625 0.64 0.2167300375 0.615 0.22053231874999998 0.575 0.2243346 0.515 0.20532319375000002 0.51 0.1863117875 0.51 0.1749049421875 0.525 0.1749049421875 0.585 0.1749049421875 0.615 0.19771863125 0.645
3 0.1330798484375 0.6 0.1406844109375 0.5900000000000001 0.1406844109375 0.5650000000000001 0.14448669218750002 0.5349999999999999 0.121673003125 0.54 0.11406844062499999 0.54 0.106463878125 0.5549999999999999 0.106463878125 0.585 0.11406844062499999 0.61 0.1330798484375 0.6
3 0.7566539921875 0.475 0.7528517109374999 0.505 0.7528517109374999 0.51 0.7566539921875 0.51 0.7680608359375001 0.51 0.7832699625 0.505 0.78707224375 0.485 0.78707224375 0.445 0.7832699625 0.41500000000000004 0.7756654000000001 0.395 0.7604562734375 0.395 0.7528517109374999 0.40499999999999997 0.7566539921875 0.42000000000000004 0.7566539921875 0.445 0.7566539921875 0.475