3 0.5272727265625 0.5 0.5527272734374999 0.5 0.5599999999999999 0.4945652171875 0.5636363640625001 0.48369565156250005 0.5672727265625 0.4782608703125 0.5709090906250001 0.4728260875 0.5709090906250001 0.461956521875 0.5636363640625001 0.45108695625 0.5527272734374999 0.461956521875 0.5454545453125 0.45652173906250004 0.5272727265625 0.461956521875 0.5236363640625 0.4728260875 0.52 0.4782608703125 0.5163636359375 0.4945652171875 0.5272727265625 0.4945652171875 0.5272727265625 0.5
3 0.6472727265625 0.30434782656250003 0.6581818187499999 0.32608695625 0.6545454546875 0.30434782656250003 0.650909090625 0.2934782609375 0.650909090625 0.2771739125 0.650909090625 0.2663043484375 0.6581818187499999 0.2554347828125 0.6545454546875 0.23913043437499998 0.6472727265625 0.2336956515625 0.64 0.23913043437499998 0.6363636359375 0.2336956515625 0.6254545453125 0.23913043437499998 0.61818181875 0.25 0.6072727265625 0.260869565625 0.6072727265625 0.27173912968749997 0.610909090625 0.2934782609375 0.629090909375 0.2934782609375 0.64 0.29891304375 0.6472727265625 0.30434782656250003
3 0.4836363640625 0.5326086953125 0.4836363640625 0.5 0.46181818124999996 0.4945652171875 0.44000000000000006 0.4945652171875 0.44000000000000006 0.559782609375 0.4654545453125 0.565217390625 0.4763636359375 0.565217390625 0.4836363640625 0.5326086953125
3 0.44000000000000006 0.4945652171875 0.450909090625 0.4945652171875 0.4654545453125 0.4945652171875 0.46909090937500003 0.48369565156250005 0.43272727343749995 0.461956521875 0.40727272656249996 0.4456521734375 0.3963636359375 0.4728260875 0.3963636359375 0.5326086953125 0.410909090625 0.5543478265624999 0.41818181875000004 0.5543478265624999 0.44000000000000006 0.559782609375 0.44000000000000006 0.5163043484375 0.44000000000000006 0.4945652171875
3 0.3963636359375 0.5326086953125 0.3963636359375 0.4728260875 0.40727272656249996 0.4456521734375 0.43272727343749995 0.461956521875 0.410909090625 0.41847826093749996 0.4 0.3913043484375 0.37818181875 0.375 0.370909090625 0.385869565625 0.3563636359375 0.3913043484375 0.3563636359375 0.39673912968749997 0.3563636359375 0.41847826093749996 0.3636363640625 0.45652173906250004 0.38181818125 0.5 0.3963636359375 0.5326086953125
3 0.5236363640625 0.5326086953125 0.5236363640625 0.4945652171875 0.5163636359375 0.4945652171875 0.4836363640625 0.5 0.4836363640625 0.5054347828125 0.4836363640625 0.5326086953125 0.49818181875 0.559782609375 0.5127272734375 0.54891304375 0.5236363640625 0.5326086953125
3 0.6145454546875 0.4456521734375 0.61818181875 0.4728260875 0.629090909375 0.434782609375 0.629090909375 0.42391304375 0.62181818125 0.413043478125 0.610909090625 0.413043478125 0.6 0.41847826093749996 0.5927272734375 0.4293478265625 0.5854545453125 0.4456521734375 0.5963636359375 0.434782609375 0.6 0.434782609375 0.6145454546875 0.4456521734375
3 0.629090909375 0.364130434375 0.64 0.3804347828125 0.6472727265625 0.385869565625 0.6545454546875 0.3423913046875 0.6545454546875 0.32608695625 0.650909090625 0.309782609375 0.6436363640625 0.29891304375 0.629090909375 0.2934782609375 0.6145454546875 0.2934782609375 0.6072727265625 0.29891304375 0.6036363640625 0.30434782656250003 0.5963636359375 0.3315217390625 0.5890909093750001 0.4021739125 0.6145454546875 0.35326087031250003 0.629090909375 0.364130434375
3 0.62181818125 0.413043478125 0.629090909375 0.4293478265625 0.629090909375 0.440217390625 0.6436363640625 0.4021739125 0.6472727265625 0.385869565625 0.6363636359375 0.375 0.6254545453125 0.3586956515625 0.6145454546875 0.3478260875 0.6072727265625 0.3695652171875 0.6 0.3804347828125 0.5963636359375 0.39673912968749997 0.5890909093750001 0.40760869531250005 0.5890909093750001 0.4293478265625 0.6 0.41847826093749996 0.6072727265625 0.413043478125 0.62181818125 0.413043478125
3 0.3563636359375 0.39673912968749997 0.3745454546875 0.385869565625 0.38181818125 0.375 0.38181818125 0.3478260875 0.370909090625 0.32065217343749997 0.3636363640625 0.29891304375 0.3563636359375 0.309782609375 0.349090909375 0.3315217390625 0.349090909375 0.3478260875 0.3527272734375 0.3804347828125 0.3563636359375 0.39673912968749997
3 0.549090909375 0.54891304375 0.5599999999999999 0.5271739125 0.5672727265625 0.5163043484375 0.5636363640625001 0.4945652171875 0.5599999999999999 0.489130434375 0.5527272734374999 0.5 0.530909090625 0.5 0.5272727265625 0.5054347828125 0.5236363640625 0.5217391296875 0.5272727265625 0.538043478125 0.54181818125 0.54891304375 0.549090909375 0.54891304375
3 0.4836363640625 0.5 0.5163636359375 0.5 0.5163636359375 0.4945652171875 0.52 0.48369565156250005 0.5163636359375 0.4728260875 0.5054545453125 0.4728260875 0.4872727265625 0.4728260875 0.4727272734375 0.4728260875 0.4654545453125 0.4782608703125 0.46909090937500003 0.48369565156250005 0.4654545453125 0.4945652171875 0.4836363640625 0.5
3 0.5709090906250001 0.5326086953125 0.58181818125 0.5326086953125 0.5963636359375 0.5217391296875 0.6072727265625 0.489130434375 0.6145454546875 0.4782608703125 0.6145454546875 0.45108695625 0.6145454546875 0.4456521734375 0.6 0.434782609375 0.5927272734375 0.440217390625 0.5854545453125 0.4456521734375 0.5672727265625 0.45652173906250004 0.5709090906250001 0.46739130468749995 0.5672727265625 0.4782608703125 0.5636363640625001 0.489130434375 0.5672727265625 0.510869565625 0.5672727265625 0.5217391296875 0.5709090906250001 0.5326086953125