3 0.8175675671875 0.5 0.8355855859375 0.55 0.8581081078125001 0.58 0.8738738734375 0.58 0.8873873874999999 0.54 0.89414414375 0.495 0.9144144140625 0.38 0.9166666671874999 0.21000000000000002 0.9166666671874999 0.175 0.89414414375 0.13999999999999999 0.8806306312500001 0.15 0.8626126125000001 0.15 0.8536036031249999 0.16499999999999998 0.8445945953124999 0.18 0.8378378375000001 0.195 0.8243243250000001 0.225 0.8175675671875 0.24 0.8175675671875 0.27 0.8040540546875 0.29 0.797297296875 0.3 0.7635135140625 0.335 0.7567567562499999 0.355 0.7770270265625 0.41500000000000004 0.7882882890625 0.43499999999999994 0.7995495499999999 0.45 0.8175675671875 0.5
3 0 0.5650000000000001 0.0022522515625 0.5700000000000001 0.015765765625 0.585 0.0292792796875 0.585 0.0450450453125 0.5599999999999999 0.0360360359375 0.505 0.033783784375 0.445 0.03153153125 0.42000000000000004 0.0292792796875 0.39 0.024774775 0.36 0.01801801875 0.335 0.00675675625 0.325 0 0.34500000000000003 0 0.39 0 0.5650000000000001
3 0.5067567562499999 0.6849999999999999 0.524774775 0.755 0.5450450453125 0.78 0.5675675671875 0.7849999999999999 0.5855855859375 0.74 0.6013513515625 0.6799999999999999 0.6013513515625 0.62 0.603603603125 0.5900000000000001 0.5270270265625 0.58 0.5090090093749999 0.5549999999999999 0.5045045046875 0.52 0.49549549531250003 0.51 0.48873873906250004 0.53 0.48873873906250004 0.5650000000000001 0.49324324375 0.625 0.5067567562499999 0.6849999999999999
3 0.6824324328125 0.775 0.709459459375 0.74 0.7207207203125 0.71 0.7297297296874999 0.6599999999999999 0.7297297296874999 0.63 0.727477478125 0.53 0.71846846875 0.475 0.709459459375 0.5 0.69369369375 0.5 0.6891891890624999 0.5 0.675675675 0.445 0.6666666671875 0.44000000000000006 0.6621621625 0.53 0.653153153125 0.5549999999999999 0.6261261265625 0.585 0.6193693687499999 0.5900000000000001 0.614864865625 0.6 0.614864865625 0.6599999999999999 0.6283783781250001 0.71 0.6509009015625 0.76 0.6824324328125 0.775
3 0.072072071875 0.79 0.0765765765625 0.825 0.10585585625 0.795 0.128378378125 0.74 0.1509009015625 0.71 0.159909909375 0.6950000000000001 0.16216216249999998 0.645 0.1666666671875 0.625 0.1666666671875 0.585 0.1554054046875 0.61 0.128378378125 0.63 0.1171171171875 0.605 0.10585585625 0.5650000000000001 0.10360360312500001 0.58 0.0990990984375 0.595 0.09234234218750001 0.645 0.072072071875 0.75 0.072072071875 0.79
3 0.9301801796875001 0.53 0.9391891890625 0.5599999999999999 0.95045045 0.575 0.9572072078125 0.58 0.9774774781250001 0.55 0.9864864859375 0.5 0.9864864859375 0.465 0.9864864859375 0.43 0.9954954953125 0.385 0.9977477484374999 0.355 0.9977477484374999 0.31 0.9977477484374999 0.265 0.9909909906250001 0.24500000000000002 0.9797297296874999 0.24 0.96846846875 0.255 0.9549549546874999 0.28500000000000003 0.9481981984375001 0.305 0.9324324328125 0.335 0.921171171875 0.34500000000000003 0.9144144140625 0.35 0.9144144140625 0.38 0.9121621624999999 0.41 0.903153153125 0.43 0.9009009015625 0.465 0.9076576578125 0.475 0.9144144140625 0.495 0.921171171875 0.515 0.9301801796875001 0.53
3 0.3445945953125 0.5599999999999999 0.38063063124999996 0.5900000000000001 0.403153153125 0.595 0.43468468437499996 0.585 0.4729729734375 0.575 0.48873873906250004 0.545 0.490990990625 0.45499999999999996 0.490990990625 0.38 0.490990990625 0.33999999999999997 0.45270270312500005 0.25 0.4166666671875 0.2 0.3918918921875 0.2 0.37162162187500003 0.2 0.3581081078125 0.21000000000000002 0.3423423421875 0.24 0.3355855859375 0.255 0.3198198203125 0.3 0.3175675671875 0.38 0.32432432499999997 0.43 0.3333333328125 0.53 0.3445945953125 0.5599999999999999
3 0.8761261265625 0.6799999999999999 0.8918918921874999 0.6900000000000001 0.89414414375 0.6950000000000001 0.9617117109375 0.765 0.9707207203125 0.76 0.9594594593749999 0.705 0.9481981984375001 0.655 0.94369369375 0.62 0.9301801796875001 0.5549999999999999 0.909909909375 0.51 0.8986486484375 0.485 0.8896396390625 0.53 0.8806306312500001 0.5599999999999999 0.878378378125 0.575 0.8671171171875001 0.5900000000000001 0.8603603609375 0.585 0.8513513515625 0.575 0.8445945953124999 0.5650000000000001 0.840090090625 0.5650000000000001 0.8423423421875 0.605 0.8536036031249999 0.645 0.8603603609375 0.6799999999999999 0.8761261265625 0.6799999999999999
3 0.7049549546875 0.505 0.7229729734375 0.48 0.7454954953125 0.39 0.7522522515625 0.355 0.7590090093749999 0.315 0.7612612609375 0.27 0.7590090093749999 0.225 0.7387387390625 0.225 0.727477478125 0.22999999999999998 0.716216215625 0.255 0.702702703125 0.28500000000000003 0.69369369375 0.305 0.6801801796875 0.32999999999999996 0.675675675 0.35 0.671171171875 0.395 0.677927928125 0.43499999999999994 0.6824324328125 0.48 0.6891891890624999 0.505 0.7049549546875 0.505
3 0.5090090093749999 0.55 0.524774775 0.585 0.574324325 0.5900000000000001 0.6238738734375 0.5900000000000001 0.6509009015625 0.5599999999999999 0.6599099093749999 0.5349999999999999 0.6666666671875 0.375 0.6576576578125 0.275 0.64414414375 0.225 0.6306306312500001 0.195 0.6103603609375 0.16999999999999998 0.5878378375 0.16999999999999998 0.5698198203125 0.175 0.55630630625 0.2 0.5427927921875 0.225 0.522522521875 0.26 0.515765765625 0.275 0.5045045046875 0.305 0.49324324375 0.34500000000000003 0.49324324375 0.41 0.49324324375 0.45 0.5 0.505 0.5090090093749999 0.55
3 0.7409909906250001 0.645 0.7477477484375 0.6849999999999999 0.7770270265625 0.765 0.8265765765624999 0.79 0.8355855859375 0.79 0.8536036031249999 0.73 0.8603603609375 0.6799999999999999 0.8423423421875 0.605 0.8333333328125001 0.5599999999999999 0.8175675671875 0.505 0.7995495499999999 0.465 0.7882882890625 0.445 0.774774775 0.43 0.7635135140625 0.44000000000000006 0.7590090093749999 0.45999999999999996 0.7477477484375 0.47000000000000003 0.7432432437500001 0.48 0.7319819812499999 0.5 0.7297297296874999 0.53 0.7297297296874999 0.5599999999999999 0.7297297296874999 0.5900000000000001 0.7364864859375 0.625 0.7409909906250001 0.645
3 0.096846846875 0.585 0.10585585625 0.545 0.090090090625 0.41500000000000004 0.072072071875 0.4 0.033783784375 0.3 0.024774775 0.315 0.024774775 0.35 0.0292792796875 0.41500000000000004 0.0382882890625 0.48 0.0360360359375 0.505 0.0450450453125 0.5599999999999999 0.05630630625000001 0.605 0.06531531562500001 0.61 0.0855855859375 0.61 0.096846846875 0.585
3 0.2792792796875 0.74 0.29954955 0.765 0.33108108125 0.765 0.3423423421875 0.74 0.3581081078125 0.675 0.36936936875000004 0.645 0.36936936875000004 0.585 0.346846846875 0.5599999999999999 0.3355855859375 0.54 0.328828828125 0.515 0.322072071875 0.43 0.3175675671875 0.445 0.31081081093749996 0.445 0.31081081093749996 0.47000000000000003 0.3018018015625 0.52 0.2882882890625 0.545 0.2702702703125 0.5700000000000001 0.2702702703125 0.62 0.2702702703125 0.655 0.272522521875 0.7150000000000001 0.2792792796875 0.74
3 0.3018018015625 0.52 0.30630630625 0.48 0.30855855781249997 0.425 0.30855855781249997 0.37 0.3040540546875 0.36 0.290540540625 0.34500000000000003 0.2612612609375 0.32 0.25450450468749997 0.31 0.2477477484375 0.29500000000000004 0.24099099062499998 0.275 0.234234234375 0.265 0.2297297296875 0.27 0.22747747812500002 0.28500000000000003 0.22747747812500002 0.305 0.22747747812500002 0.325 0.23198198125 0.385 0.2477477484375 0.445 0.2612612609375 0.53 0.272522521875 0.5700000000000001 0.3018018015625 0.52
3 0.40765765781249996 0.765 0.43693693749999996 0.775 0.45270270312500005 0.77 0.4639639640625 0.745 0.475225225 0.6950000000000001 0.47747747812499997 0.6599999999999999 0.47972972968749994 0.64 0.47972972968749994 0.615 0.48198198124999997 0.5900000000000001 0.48198198124999997 0.5599999999999999 0.4729729734375 0.575 0.40090090156249997 0.6 0.3738738734375 0.585 0.37162162187500003 0.595 0.37162162187500003 0.635 0.37837837812499997 0.67 0.39414414375 0.735 0.40765765781249996 0.765
3 0.1824324328125 0.54 0.20495495468749997 0.45499999999999996 0.21846846874999998 0.43499999999999994 0.2297297296875 0.395 0.2297297296875 0.355 0.21621621562499999 0.32 0.19369369375 0.28500000000000003 0.1644144140625 0.25 0.11936936875 0.19 0.11036036093749998 0.175 0.1013513515625 0.195 0.09234234218750001 0.21000000000000002 0.0878378375 0.22999999999999998 0.0855855859375 0.265 0.0855855859375 0.29500000000000004 0.0855855859375 0.325 0.10360360312500001 0.55 0.114864865625 0.6 0.13063063125000002 0.63 0.153153153125 0.61 0.1824324328125 0.54
3 0.952702703125 0.65 0.9617117109375 0.6849999999999999 0.9707207203125 0.725 0.9797297296874999 0.76 0.99324324375 0.765 0.9977477484374999 0.76 0.9977477484374999 0.52 0.9887387390625 0.505 0.98198198125 0.5349999999999999 0.9729729734375001 0.5549999999999999 0.9617117109375 0.585 0.94369369375 0.5700000000000001 0.9414414421874999 0.5700000000000001 0.9459459453125 0.615 0.952702703125 0.65
3 0.16891891875 0.77 0.1981981984375 0.795 0.24099099062499998 0.71 0.25675675625 0.655 0.2635135140625 0.55 0.25675675625 0.505 0.22072072031249998 0.45 0.20045045 0.47000000000000003 0.1734234234375 0.5700000000000001 0.16216216249999998 0.645 0.16216216249999998 0.72 0.16891891875 0.77