3 0.30457746406249997 0.998 0.306338028125 0.9960000000000001 0.306338028125 0.982 0.30985915468749997 0.9560000000000001 0.30985915468749997 0.942 0.31161971875 0.9279999999999999 0.3169014078125 0.916 0.3221830984375 0.8880000000000001 0.3221830984375 0.866 0.3221830984375 0.8400000000000001 0.318661971875 0.82 0.31161971875 0.778 0.28873239375000004 0.772 0.2746478875 0.77 0.26584507031250004 0.77 0.25176056406249997 0.782 0.22887323906249998 0.776 0.21654929531249997 0.776 0.2095070421875 0.778 0.1848591546875 0.786 0.174295775 0.786 0.15140845 0.786 0.132042253125 0.8039999999999999 0.1267605640625 0.85 0.1355633796875 0.882 0.16373239374999998 0.99 0.26936619687499996 0.998 0.30457746406249997 0.998
3 0.8169014078125001 0.5519999999999999 0.8397887328125 0.554 0.8609154921875 0.554 0.880281690625 0.5519999999999999 0.894366196875 0.5519999999999999 0.9137323937499999 0.5519999999999999 0.9366197187499999 0.5519999999999999 0.9647887328125 0.542 0.9841549296875 0.526 0.9982394359375 0.51 0.9982394359375 0.32 0.9894366203124999 0.31 0.980633803125 0.252 0.9612676062500001 0.21000000000000002 0.9366197187499999 0.188 0.917253521875 0.188 0.9031690140625 0.20600000000000002 0.8890845078125 0.22200000000000003 0.8661971828125001 0.252 0.8503521125000001 0.27 0.8292253515624999 0.296 0.8169014078125001 0.318 0.8098591546874999 0.33799999999999997 0.8045774640625 0.356 0.8010563375 0.372 0.799295775 0.382 0.7975352109375 0.53 0.8045774640625 0.544 0.8169014078125001 0.5519999999999999
3 0 0.9560000000000001 0.019366196874999998 0.9560000000000001 0.0404929578125 0.958 0.054577464062500004 0.96 0.07218309843750001 0.96 0.082746478125 0.968 0.1003521125 0.968 0.1091549296875 0.962 0.1214788734375 0.9380000000000001 0.1267605640625 0.9199999999999999 0.1338028171875 0.892 0.1338028171875 0.8859999999999999 0.130281690625 0.858 0.1267605640625 0.8400000000000001 0.1267605640625 0.82 0.1214788734375 0.806 0.1161971828125 0.786 0.093309859375 0.762 0.06338028125 0.748 0.044014084375 0.726 0.028169014062499997 0.724 0.0105633796875 0.728 0.0017605640624999998 0.722 0 0.8019999999999999 0 0.9560000000000001
3 0.707746478125 0.998 0.707746478125 0.982 0.7165492953125 0.9359999999999999 0.72359155 0.906 0.72359155 0.882 0.72359155 0.852 0.7183098593749999 0.836 0.7112676062500001 0.828 0.7024647890625 0.8160000000000001 0.6901408453125 0.8119999999999999 0.6760563375 0.8119999999999999 0.6602112671875 0.82 0.65140845 0.8160000000000001 0.644366196875 0.808 0.6338028171875 0.798 0.6197183093749999 0.798 0.5968309859375001 0.8119999999999999 0.580985915625 0.818 0.5475352109375 0.8240000000000001 0.5316901406250001 0.8400000000000001 0.5158450703125 0.85 0.5140845078125 0.9279999999999999 0.5387323937499999 0.9960000000000001 0.5669014078125 0.998 0.707746478125 0.998
0 0.419014084375 0.45599999999999996 0.42429577500000004 0.47800000000000004 0.42429577500000004 0.466 0.4278169015625 0.438 0.4401408453125 0.422 0.455985915625 0.41200000000000003 0.4647887328125 0.394 0.4665492953125 0.376 0.46302816875 0.366 0.45070422499999996 0.374 0.443661971875 0.384 0.4330985921875 0.40800000000000003 0.42605633750000005 0.418 0.4207746484375 0.442 0.419014084375 0.45599999999999996
0 0.56338028125 0.41600000000000004 0.5845070421874999 0.434 0.595070421875 0.458 0.6038732390625 0.46399999999999997 0.6091549296875 0.45199999999999996 0.607394365625 0.434 0.6038732390625 0.40199999999999997 0.5968309859375001 0.38 0.5845070421874999 0.366 0.5704225359375 0.352 0.5545774640625 0.346 0.544014084375 0.33999999999999997 0.529929578125 0.346 0.5246478875 0.382 0.5352112671875 0.4 0.5510563375 0.40199999999999997 0.56338028125 0.41600000000000004
1 0.5211267609375 0.32599999999999996 0.5088028171875 0.352 0.5088028171875 0.374 0.5158450703125 0.396 0.5457746484375 0.40599999999999997 0.568661971875 0.426 0.595070421875 0.454 0.59859155 0.49400000000000005 0.5968309859375001 0.518 0.6179577468749999 0.48200000000000004 0.6320422531250001 0.44400000000000006 0.6302816906250001 0.4 0.6161971828125 0.356 0.56161971875 0.304 0.549295775 0.306 0.542253521875 0.31 0.5211267609375 0.32599999999999996
1 0.41373239375 0.45199999999999996 0.41725352187500003 0.48 0.4348591546875 0.49800000000000005 0.4330985921875 0.466 0.4401408453125 0.442 0.45950704218749994 0.42000000000000004 0.46830985937499997 0.41 0.47359155 0.39 0.47711267656249995 0.37 0.47359155 0.36 0.4542253515625 0.364 0.431338028125 0.386 0.41725352187500003 0.41600000000000004 0.41373239375 0.45199999999999996
0 0.1919014078125 0.388 0.19718309843749998 0.37 0.1989436625 0.346 0.20246478906249998 0.32799999999999996 0.1954225359375 0.32 0.1760563375 0.33999999999999997 0.1760563375 0.366 0.1848591546875 0.378 0.1919014078125 0.388
0 0.8133802812500001 0.382 0.818661971875 0.374 0.8204225359375 0.364 0.818661971875 0.348 0.8169014078125001 0.346 0.8098591546874999 0.346 0.8028169015625 0.372 0.8028169015625 0.388 0.806338028125 0.388 0.8133802812500001 0.382
3 0.9788732390625 0.6719999999999999 0.98767605625 0.6719999999999999 0.9911971828125001 0.6719999999999999 0.9982394359375 0.6719999999999999 0.9982394359375 0.548 0.9911971828125001 0.554 0.980633803125 0.5599999999999999 0.9753521125000001 0.5740000000000001 0.9683098593749999 0.592 0.96302816875 0.614 0.957746478125 0.628 0.9595070421875 0.654 0.9665492953125 0.6799999999999999 0.9753521125000001 0.678 0.9788732390625 0.6719999999999999
3 0.544014084375 0.40800000000000003 0.5651408453125 0.42400000000000004 0.575704225 0.434 0.595070421875 0.454 0.59859155 0.48600000000000004 0.6003521125 0.5 0.5792253515625 0.544 0.5792253515625 0.606 0.5792253515625 0.634 0.6461267609375 0.642 0.6707746484375 0.642 0.6830985921875 0.63 0.7183098593749999 0.63 0.7605633796875 0.606 0.7852112671875 0.5820000000000001 0.7975352109375 0.522 0.799295775 0.426 0.799295775 0.382 0.7852112671875 0.33599999999999997 0.769366196875 0.3 0.7411971828125 0.262 0.7165492953125 0.246 0.6919014078125 0.246 0.667253521875 0.246 0.65140845 0.246 0.6338028171875 0.248 0.6091549296875 0.256 0.59859155 0.26 0.5721830984375 0.284 0.5528169015625 0.298 0.542253521875 0.31 0.519366196875 0.322 0.517605634375 0.33199999999999996 0.5070422531250001 0.364 0.5105633796875 0.386 0.519366196875 0.398 0.544014084375 0.40800000000000003
3 0.8591549296875 0.758 0.869718309375 0.762 0.8890845078125 0.764 0.9031690140625 0.766 0.9102112671875 0.774 0.917253521875 0.79 0.9207746484375001 0.8240000000000001 0.9207746484375001 0.86 0.917253521875 0.906 0.9295774640625 0.932 0.96302816875 0.96 0.9753521125000001 0.966 0.9964788734375001 0.978 0.9982394359375 0.976 0.9982394359375 0.674 0.98767605625 0.6719999999999999 0.9788732390625 0.6759999999999999 0.9683098593749999 0.6799999999999999 0.9559859156250001 0.686 0.9471830984375 0.6940000000000001 0.9295774640625 0.706 0.9031690140625 0.716 0.892605634375 0.712 0.8890845078125 0.702 0.8767605640625 0.7 0.869718309375 0.7 0.8591549296875 0.712 0.8503521125000001 0.722 0.8485915500000001 0.74 0.8503521125000001 0.75 0.8591549296875 0.758
3 0.4911971828125 0.998 0.4964788734375 0.986 0.51232394375 0.942 0.5158450703125 0.874 0.5158450703125 0.8220000000000001 0.492957746875 0.808 0.43661971875 0.806 0.4207746484375 0.8039999999999999 0.41725352187500003 0.8019999999999999 0.40140845 0.8019999999999999 0.3855633796875 0.8 0.369718309375 0.796 0.33626760624999996 0.8 0.3274647890625 0.828 0.3274647890625 0.844 0.3274647890625 0.8640000000000001 0.3274647890625 0.882 0.3274647890625 0.908 0.330985915625 0.9359999999999999 0.3397887328125 0.958 0.3503521125 0.9880000000000001 0.3538732390625 0.998 0.4911971828125 0.998
3 0.9102112671875 0.9960000000000001 0.91197183125 0.976 0.9137323937499999 0.9400000000000001 0.9207746484375001 0.8699999999999999 0.9190140843749999 0.818 0.9102112671875 0.77 0.8978873234375 0.766 0.8732394359375 0.762 0.8591549296875 0.758 0.8521126765625 0.75 0.8433098593749999 0.748 0.8309859156250001 0.738 0.825704225 0.738 0.8080985921874999 0.754 0.792253521875 0.762 0.7781690140624999 0.77 0.769366196875 0.778 0.7552816906250001 0.786 0.7359154921875 0.798 0.7218309859375001 0.808 0.7112676062500001 0.8240000000000001 0.7253521125 0.836 0.7253521125 0.906 0.7147887328125 0.9460000000000001 0.7165492953125 0.966 0.7218309859375001 0.9800000000000001 0.7253521125 0.998 0.8450704218749999 0.998 0.9102112671875 0.9960000000000001
3 0.1901408453125 0.53 0.20774647812499997 0.568 0.2640845078125 0.606 0.33802816875 0.626 0.4542253515625 0.634 0.48591549218749996 0.61 0.4911971828125 0.536 0.4348591546875 0.496 0.4348591546875 0.48 0.4348591546875 0.46399999999999997 0.4401408453125 0.44400000000000006 0.45070422499999996 0.434 0.46126760625 0.42000000000000004 0.4718309859375 0.41 0.4788732390625 0.382 0.4788732390625 0.348 0.4647887328125 0.31 0.4084507046875 0.264 0.3521126765625 0.23199999999999998 0.3221830984375 0.22400000000000003 0.281690140625 0.21800000000000003 0.2728873234375 0.21800000000000003 0.25352112656250003 0.21800000000000003 0.22535211249999998 0.246 0.22359155 0.272 0.22359155 0.288 0.22007042187499998 0.298 0.2147887328125 0.31 0.20774647812499997 0.322 0.1989436625 0.374 0.1919014078125 0.418 0.1919014078125 0.458 0.1919014078125 0.506 0.1901408453125 0.53
3 0 0.44800000000000006 0.008802817187500001 0.48 0.06690140781250001 0.512 0.08626760624999999 0.504 0.1161971828125 0.516 0.14436619687500002 0.516 0.1602112671875 0.516 0.18661971875 0.47800000000000004 0.1919014078125 0.4 0.2095070421875 0.33599999999999997 0.2095070421875 0.318 0.22359155 0.292 0.2218309859375 0.282 0.181338028125 0.282 0.16197183125 0.23199999999999998 0.117957746875 0.146 0.08626760624999999 0.13999999999999999 0.0704225359375 0.13999999999999999 0.054577464062500004 0.15 0.0246478875 0.178 0.0211267609375 0.21200000000000002 0.005281690625 0.238 0 0.27799999999999997 0 0.44800000000000006