3 0.080321284375 0.6039603953125 0.092369478125 0.5990099015625 0.1044176703125 0.5990099015625 0.10040160625000001 0.5544554453125 0.10040160625000001 0.534653465625 0.10040160625000001 0.5198019796875 0.092369478125 0.509900990625 0.0883534140625 0.4950495046875 0.080321284375 0.4801980203125 0.07228915625 0.4702970296875 0.0602409640625 0.4702970296875 0.052208835937499996 0.475247525 0.052208835937499996 0.5049504953125 0.0562249 0.559405940625 0.064257028125 0.5990099015625 0.080321284375 0.6039603953125
3 0.277108434375 0.727722771875 0.2811244984375 0.7425742578125 0.30120481875 0.7574257421875 0.321285140625 0.7574257421875 0.32931726875 0.7574257421875 0.3413654625 0.752475246875 0.35742971875 0.727722771875 0.3614457828125 0.7128712875 0.36947791093750004 0.678217821875 0.36947791093750004 0.6633663359375 0.365461846875 0.64356435625 0.3614457828125 0.6237623765625 0.35742971875 0.6039603953125 0.3534136546875 0.59405940625 0.3534136546875 0.5891089109375 0.34939759062500003 0.5841584156249999 0.3413654625 0.5841584156249999 0.31325301250000004 0.5841584156249999 0.3092369484375 0.5792079203125 0.3052208828125 0.5792079203125 0.30120481875 0.56930693125 0.2971887546875 0.574257425 0.293172690625 0.5792079203125 0.28514056249999997 0.5891089109375 0.277108434375 0.5891089109375 0.2690763046875 0.5990099015625 0.2690763046875 0.6485148515625 0.2690763046875 0.6633663359375 0.27309236875 0.6831683171875 0.277108434375 0.727722771875
3 0.08433735 0.7128712875 0.09638554218749999 0.702970296875 0.108433734375 0.6980198015625 0.120481928125 0.6831683171875 0.12449799218749999 0.6732673265625 0.1325301203125 0.6584158421875 0.1405622484375 0.6485148515625 0.1405622484375 0.6386138609375 0.1405622484375 0.628712871875 0.1405622484375 0.61881188125 0.136546184375 0.59405940625 0.12851405625 0.5891089109375 0.12851405625 0.6039603953125 0.1164658640625 0.6039603953125 0.10040160625000001 0.5990099015625 0.10040160625000001 0.6039603953125 0.09638554218749999 0.608910890625 0.092369478125 0.6138613859375 0.092369478125 0.61881188125 0.0883534140625 0.628712871875 0.0883534140625 0.633663365625 0.0763052203125 0.678217821875 0.0682730921875 0.678217821875 0.0682730921875 0.69306930625 0.07228915625 0.702970296875 0.08433735 0.7128712875
3 0.0481927703125 0.6732673265625 0.0602409640625 0.6732673265625 0.0682730921875 0.64356435625 0.07228915625 0.6237623765625 0.0763052203125 0.6138613859375 0.0763052203125 0.5990099015625 0.052208835937499996 0.59405940625 0.044176706249999996 0.6237623765625 0.036144578125 0.653465346875 0.036144578125 0.6683168312500001 0.0481927703125 0.6732673265625
3 0.9317269078124999 0.7128712875 0.935742971875 0.7079207921874999 0.9437751000000001 0.702970296875 0.9397590359375 0.6683168312500001 0.9397590359375 0.6485148515625 0.9397590359375 0.628712871875 0.935742971875 0.6237623765625 0.9317269078124999 0.6138613859375 0.9236947796875 0.608910890625 0.91566265 0.6039603953125 0.9116465859374999 0.608910890625 0.9036144578125 0.6237623765625 0.8875502015625001 0.628712871875 0.8875502015625001 0.633663365625 0.8955823296875 0.678217821875 0.9036144578125 0.69306930625 0.9116465859374999 0.702970296875 0.9317269078124999 0.7128712875
3 0.064257028125 0.5990099015625 0.0562249 0.559405940625 0.052208835937499996 0.534653465625 0.052208835937499996 0.5 0.0481927703125 0.4950495046875 0.044176706249999996 0.485148515625 0.0401606421875 0.475247525 0.0321285140625 0.490099009375 0.0321285140625 0.5544554453125 0.044176706249999996 0.5841584156249999 0.0602409640625 0.5990099015625 0.064257028125 0.5990099015625
3 0.9477911640625001 0.5643564359375 0.95582329375 0.524752475 0.9518072296875 0.490099009375 0.9477911640625001 0.485148515625 0.9397590359375 0.475247525 0.9317269078124999 0.485148515625 0.9116465859374999 0.5198019796875 0.91566265 0.5990099015625 0.9437751000000001 0.608910890625 0.9477911640625001 0.5891089109375 0.9477911640625001 0.5643564359375
3 0.1405622484375 0.6138613859375 0.148594378125 0.6138613859375 0.1967871484375 0.5990099015625 0.21285140624999999 0.5841584156249999 0.208835340625 0.5198019796875 0.1967871484375 0.485148515625 0.1445783125 0.43564356406250004 0.1405622484375 0.4455445546875 0.136546184375 0.4702970296875 0.1325301203125 0.509900990625 0.1325301203125 0.5891089109375 0.136546184375 0.59405940625 0.1405622484375 0.6138613859375
3 0.0682730921875 0.6732673265625 0.0763052203125 0.6732673265625 0.08433735 0.653465346875 0.0883534140625 0.633663365625 0.092369478125 0.6237623765625 0.10040160625000001 0.6039603953125 0.0763052203125 0.6039603953125 0.0682730921875 0.628712871875 0.064257028125 0.653465346875 0.064257028125 0.6683168312500001 0.0682730921875 0.6732673265625
3 0.2449799203125 0.7128712875 0.2610441765625 0.678217821875 0.265060240625 0.6633663359375 0.2690763046875 0.64356435625 0.2690763046875 0.61881188125 0.2690763046875 0.608910890625 0.2690763046875 0.59405940625 0.2449799203125 0.6039603953125 0.21285140624999999 0.59405940625 0.208835340625 0.5891089109375 0.20080321250000002 0.5990099015625 0.20080321250000002 0.61881188125 0.1887550203125 0.6732673265625 0.19277108437499998 0.727722771875 0.1967871484375 0.7425742578125 0.2289156625 0.7376237625 0.2449799203125 0.7128712875
3 0.3413654625 0.5841584156249999 0.35742971875 0.5792079203125 0.377510040625 0.574257425 0.393574296875 0.5643564359375 0.40160642500000004 0.5544554453125 0.405622490625 0.5445544546875001 0.405622490625 0.5198019796875 0.405622490625 0.5 0.40160642500000004 0.485148515625 0.40160642500000004 0.4702970296875 0.3975903609375 0.44059405937499996 0.38554216874999997 0.40594059375 0.3734939765625 0.38118811875 0.34939759062500003 0.3613861390625 0.337349396875 0.371287128125 0.31726907656250003 0.4009900984375 0.3052208828125 0.4554455453125 0.293172690625 0.509900990625 0.3052208828125 0.5792079203125 0.31325301250000004 0.5841584156249999 0.3413654625 0.5841584156249999
3 0.879518071875 0.633663365625 0.8995983937500001 0.6237623765625 0.9116465859374999 0.608910890625 0.91566265 0.5148514843750001 0.8995983937500001 0.46534653437499995 0.879518071875 0.4950495046875 0.863453815625 0.61881188125 0.8674698796874999 0.6237623765625 0.879518071875 0.633663365625
3 0.2449799203125 0.6039603953125 0.2690763046875 0.59405940625 0.30120481875 0.5643564359375 0.2971887546875 0.524752475 0.27309236875 0.4702970296875 0.265060240625 0.40594059375 0.2329317265625 0.38118811875 0.22088353437500002 0.3762376234375 0.208835340625 0.371287128125 0.20080321250000002 0.4009900984375 0.20080321250000002 0.43564356406250004 0.2048192765625 0.5 0.21686747031250003 0.5792079203125 0.21686747031250003 0.59405940625 0.2449799203125 0.6039603953125
3 0.5742971890625 0.747524753125 0.5823293171875 0.7574257421875 0.5903614453125 0.7574257421875 0.598393575 0.7574257421875 0.61445783125 0.747524753125 0.622489959375 0.7227722765625 0.6305220890625 0.6980198015625 0.6305220890625 0.6831683171875 0.6305220890625 0.6683168312500001 0.6305220890625 0.653465346875 0.6305220890625 0.633663365625 0.6305220890625 0.5643564359375 0.6305220890625 0.559405940625 0.6265060234375001 0.5544554453125 0.622489959375 0.5544554453125 0.61445783125 0.54950495 0.598393575 0.54950495 0.5702811249999999 0.54950495 0.5461847390625 0.56930693125 0.5461847390625 0.6831683171875 0.5461847390625 0.702970296875 0.55823293125 0.727722771875 0.5742971890625 0.747524753125
3 0.81526104375 0.727722771875 0.8273092375 0.7376237625 0.8353413656249999 0.747524753125 0.8473895578124999 0.752475246875 0.8514056218749999 0.7079207921874999 0.8514056218749999 0.6831683171875 0.8514056218749999 0.6633663359375 0.8514056218749999 0.64356435625 0.8514056218749999 0.628712871875 0.8514056218749999 0.6237623765625 0.8273092375 0.61881188125 0.8032128515625001 0.59405940625 0.8032128515625001 0.5990099015625 0.8032128515625001 0.633663365625 0.7991967875 0.6831683171875 0.8032128515625001 0.7178217828125 0.81526104375 0.727722771875
3 0.7389558234375 0.7425742578125 0.7831325296875 0.752475246875 0.78714859375 0.7227722765625 0.78714859375 0.702970296875 0.7951807234375 0.6831683171875 0.7991967875 0.6732673265625 0.7991967875 0.653465346875 0.8032128515625001 0.633663365625 0.8032128515625001 0.61881188125 0.8032128515625001 0.5990099015625 0.8032128515625001 0.59405940625 0.7991967875 0.5841584156249999 0.7951807234375 0.59405940625 0.78714859375 0.5990099015625 0.7751004015625 0.5990099015625 0.751004015625 0.5990099015625 0.722891565625 0.5792079203125 0.7188755015625 0.5891089109375 0.7028112453124999 0.653465346875 0.7188755015625 0.678217821875 0.7309236953125 0.7128712875 0.734939759375 0.727722771875 0.7389558234375 0.7425742578125
3 0.8955823296875 0.727722771875 0.891566265625 0.678217821875 0.891566265625 0.653465346875 0.8875502015625001 0.633663365625 0.8755020078125 0.628712871875 0.863453815625 0.6237623765625 0.8514056218749999 0.628712871875 0.8514056218749999 0.6881188125000001 0.863453815625 0.7128712875 0.8835341359375001 0.727722771875 0.8955823296875 0.727722771875
3 0.6546184734375 0.7425742578125 0.662650603125 0.7574257421875 0.678714859375 0.747524753125 0.6947791171875 0.727722771875 0.706827309375 0.6485148515625 0.7148594375 0.6039603953125 0.7108433734374999 0.574257425 0.706827309375 0.5643564359375 0.7028112453124999 0.559405940625 0.6987951812500001 0.559405940625 0.6827309234375 0.5544554453125 0.678714859375 0.5544554453125 0.67068273125 0.54950495 0.650602409375 0.54950495 0.6345381531250001 0.5544554453125 0.6305220890625 0.5643564359375 0.6305220890625 0.574257425 0.6345381531250001 0.702970296875 0.6546184734375 0.7425742578125
3 0.15662650625000002 0.7128712875 0.18473895625 0.6831683171875 0.1967871484375 0.64356435625 0.1967871484375 0.633663365625 0.1967871484375 0.6138613859375 0.1967871484375 0.5990099015625 0.1686746984375 0.608910890625 0.148594378125 0.6138613859375 0.1405622484375 0.6138613859375 0.1405622484375 0.6386138609375 0.136546184375 0.653465346875 0.1325301203125 0.6633663359375 0.1325301203125 0.6683168312500001 0.12851405625 0.702970296875 0.1325301203125 0.7128712875 0.148594378125 0.7128712875 0.15662650625000002 0.7128712875
3 0.722891565625 0.5792079203125 0.734939759375 0.5891089109375 0.751004015625 0.5990099015625 0.779116465625 0.5990099015625 0.7951807234375 0.59405940625 0.7991967875 0.5792079203125 0.7991967875 0.5297029703125 0.7991967875 0.5148514843750001 0.7991967875 0.45049504999999995 0.779116465625 0.40594059375 0.7590361453125001 0.4009900984375 0.7429718875 0.40594059375 0.7389558234375 0.415841584375 0.72690763125 0.43069306875 0.722891565625 0.43564356406250004 0.7148594375 0.4554455453125 0.7108433734374999 0.46534653437499995 0.7028112453124999 0.4801980203125 0.7028112453124999 0.485148515625 0.6947791171875 0.5049504953125 0.6987951812500001 0.5396039609375001 0.7028112453124999 0.559405940625 0.7108433734374999 0.56930693125 0.722891565625 0.5792079203125
3 0.365461846875 0.6386138609375 0.365461846875 0.653465346875 0.36947791093750004 0.6683168312500001 0.3734939765625 0.6881188125000001 0.377510040625 0.702970296875 0.3815261046875 0.727722771875 0.393574296875 0.7425742578125 0.4096385546875 0.747524753125 0.429718875 0.7425742578125 0.4377510046875 0.7227722765625 0.44176706875000005 0.702970296875 0.44979919687500003 0.6831683171875 0.44979919687500003 0.6683168312500001 0.44979919687500003 0.6584158421875 0.4538152609375 0.633663365625 0.4538152609375 0.6237623765625 0.4538152609375 0.608910890625 0.4538152609375 0.59405940625 0.4538152609375 0.5792079203125 0.41365461875 0.5643564359375 0.4096385546875 0.559405940625 0.4096385546875 0.5544554453125 0.405622490625 0.5544554453125 0.40160642500000004 0.559405940625 0.3975903609375 0.559405940625 0.3975903609375 0.5643564359375 0.393574296875 0.5643564359375 0.377510040625 0.574257425 0.35742971875 0.5792079203125 0.3614457828125 0.5841584156249999 0.3614457828125 0.59405940625 0.35742971875 0.608910890625 0.3614457828125 0.628712871875 0.365461846875 0.6386138609375
3 0.5020080328125001 0.7376237625 0.5261044171875 0.7128712875 0.534136546875 0.6980198015625 0.5381526109375 0.6732673265625 0.542168675 0.6485148515625 0.542168675 0.628712871875 0.5461847390625 0.6138613859375 0.5461847390625 0.6039603953125 0.5461847390625 0.5891089109375 0.5461847390625 0.574257425 0.5461847390625 0.5643564359375 0.53012048125 0.56930693125 0.4538152609375 0.5841584156249999 0.4618473890625 0.6732673265625 0.465863453125 0.69306930625 0.4899598390625 0.7376237625 0.5020080328125001 0.7376237625
3 0.12851405625 0.5990099015625 0.1325301203125 0.5891089109375 0.1325301203125 0.56930693125 0.1325301203125 0.559405940625 0.1325301203125 0.5198019796875 0.1325301203125 0.5049504953125 0.12851405625 0.490099009375 0.12449799218749999 0.475247525 0.120481928125 0.4702970296875 0.1124497984375 0.46534653437499995 0.108433734375 0.4603960390625 0.10040160625000001 0.4702970296875 0.10040160625000001 0.509900990625 0.1044176703125 0.5990099015625 0.1164658640625 0.6039603953125 0.12851405625 0.5990099015625
3 0.46987951875 0.5841584156249999 0.542168675 0.56930693125 0.5461847390625 0.5643564359375 0.542168675 0.44059405937499996 0.5381526109375 0.40594059375 0.534136546875 0.4009900984375 0.53012048125 0.3861386140625 0.522088353125 0.371287128125 0.514056225 0.346534653125 0.4979919671875 0.3415841578125 0.477911646875 0.3415841578125 0.4457831328125 0.346534653125 0.41767068281249997 0.3861386140625 0.41365461875 0.4603960390625 0.4096385546875 0.5445544546875001 0.41365461875 0.5643564359375 0.46987951875 0.5841584156249999
3 0.8232931734375001 0.61881188125 0.8514056218749999 0.6237623765625 0.863453815625 0.6237623765625 0.87148594375 0.56930693125 0.8755020078125 0.5049504953125 0.8755020078125 0.4554455453125 0.87148594375 0.42079207968750004 0.8674698796874999 0.41089108906250005 0.8554216875 0.415841584375 0.8273092375 0.4603960390625 0.8032128515625001 0.5198019796875 0.7991967875 0.5891089109375 0.8232931734375001 0.61881188125