3 0.8398576515625 0.5888888890625 0.8398576515625 0.5555555562500001 0.8398576515625 0.54444444375 0.8327402140625001 0.5388888890625 0.8291814953125 0.5333333328125 0.8256227765625 0.5111111109375 0.82206405625 0.5 0.82206405625 0.4888888890625 0.7758007124999999 0.522222221875 0.78647686875 0.6 0.8256227765625 0.627777778125 0.8398576515625 0.622222221875 0.8398576515625 0.5888888890625
3 0.02491103125 0.49444444374999996 0.0284697515625 0.5166666671875 0.0355871890625 0.5333333328125 0.053380782812500006 0.5388888890625 0.0640569390625 0.5333333328125 0.0676156578125 0.5333333328125 0.07829181562500001 0.4888888890625 0.08185053437499999 0.47222222187499996 0.0640569390625 0.47222222187499996 0.060498220312499996 0.46666666718750005 0.053380782812500006 0.45 0.0498220640625 0.4388888890625 0.0498220640625 0.42222222187499997 0.0427046265625 0.427777778125 0.0320284703125 0.4388888890625 0.0213523125 0.45 0.0213523125 0.47222222187499996 0.02491103125 0.49444444374999996
3 0.6654804265625 0.5 0.683274021875 0.5111111109375 0.708185053125 0.5111111109375 0.722419928125 0.50555555625 0.7295373671875 0.5 0.7402135234375 0.4888888890625 0.7473309609375 0.46666666718750005 0.7473309609375 0.43333333281249997 0.7437722421874999 0.4 0.7402135234375 0.34444444375 0.7330960859375 0.322222221875 0.718861209375 0.3111111109375 0.7117437718749999 0.3111111109375 0.690391459375 0.322222221875 0.683274021875 0.33888888906250003 0.6619217078124999 0.377777778125 0.6512455515625 0.40555555625000006 0.6476868328125 0.4388888890625 0.6476868328125 0.45555555625000005 0.6512455515625 0.477777778125 0.6654804265625 0.5
3 0.25622775781249996 0.50555555625 0.25622775781249996 0.477777778125 0.25622775781249996 0.45555555625000005 0.24911032031250002 0.43333333281249997 0.2384341640625 0.41111111093749997 0.23487544531250001 0.39444444375 0.22775800781250002 0.377777778125 0.22064056875000002 0.3611111109375 0.21708185000000002 0.35555555625 0.19928825625 0.35555555625 0.1814946625 0.3611111109375 0.17793594375 0.36666666718749996 0.17793594375 0.4 0.1743772234375 0.45 0.17793594375 0.49444444374999996 0.20640569375 0.5333333328125 0.2384341640625 0.527777778125 0.25622775781249996 0.50555555625
3 0.096085409375 0.47222222187499996 0.10676156562500001 0.48333333281249996 0.11743772187499998 0.4888888890625 0.11387900312499999 0.4611111109375 0.11032028437500001 0.43333333281249997 0.11032028437500001 0.40555555625000006 0.10676156562500001 0.38333333281250004 0.103202846875 0.377777778125 0.09252669062499999 0.3611111109375 0.085409253125 0.35555555625 0.085409253125 0.38333333281250004 0.085409253125 0.4166666671875 0.085409253125 0.43333333281249997 0.085409253125 0.45 0.096085409375 0.47222222187499996
3 0.11743772187499998 0.6 0.12099644062499999 0.6166666671875001 0.1387900359375 0.622222221875 0.14946619218749999 0.622222221875 0.1565836296875 0.60555555625 0.1601423484375 0.5888888890625 0.1637010671875 0.5666666671875 0.1637010671875 0.54444444375 0.1637010671875 0.522222221875 0.1637010671875 0.5111111109375 0.1601423484375 0.50555555625 0.15302491093749998 0.5111111109375 0.1387900359375 0.5166666671875 0.1352313171875 0.527777778125 0.12455515937499999 0.5555555562500001 0.12099644062499999 0.5666666671875 0.11743772187499998 0.577777778125 0.11743772187499998 0.6
3 0.900355871875 0.4 0.900355871875 0.372222221875 0.900355871875 0.35 0.900355871875 0.322222221875 0.900355871875 0.3111111109375 0.8825622781250001 0.3333333328125 0.875444840625 0.34444444375 0.875444840625 0.35 0.875444840625 0.3611111109375 0.875444840625 0.377777778125 0.875444840625 0.3888888890625 0.875444840625 0.4 0.8718861203125 0.4166666671875 0.8718861203125 0.427777778125 0.8683274015625001 0.45 0.879003559375 0.45 0.900355871875 0.4388888890625 0.9039145906250001 0.427777778125 0.900355871875 0.4
3 0.7935943062499999 0.50555555625 0.81494661875 0.49444444374999996 0.82206405625 0.48333333281249996 0.8256227765625 0.45555555625000005 0.8256227765625 0.33888888906250003 0.8185053375000001 0.3166666671875 0.81494661875 0.3111111109375 0.80782918125 0.3166666671875 0.7900355875 0.3333333328125 0.78291815 0.35 0.7473309609375 0.41111111093749997 0.7473309609375 0.45555555625000005 0.7580071171875 0.49444444374999996 0.7722419921875 0.5111111109375 0.7935943062499999 0.50555555625
3 0.9395017796875 0.3111111109375 0.9359430609375 0.2888888890625 0.9359430609375 0.2833333328125 0.9323843421875001 0.27777777812500004 0.9181494656250001 0.3111111109375 0.907473309375 0.322222221875 0.9039145906250001 0.33888888906250003 0.9039145906250001 0.40555555625000006 0.907473309375 0.42222222187499997 0.9359430609375 0.38333333281250004 0.9359430609375 0.3611111109375 0.9395017796875 0.3333333328125 0.9395017796875 0.3111111109375
3 0.8434163703124999 0.4888888890625 0.8576512453125 0.4888888890625 0.8647686828125 0.47222222187499996 0.8683274015625001 0.45 0.8718861203125 0.4166666671875 0.875444840625 0.38333333281250004 0.875444840625 0.35555555625 0.8718861203125 0.3166666671875 0.8647686828125 0.30555555624999997 0.8576512453125 0.30555555624999997 0.8469750890625001 0.3166666671875 0.8398576515625 0.34444444375 0.8256227765625 0.38333333281250004 0.8256227765625 0.48333333281249996 0.8327402140625001 0.48333333281249996 0.8434163703124999 0.4888888890625
3 0.0640569390625 0.47222222187499996 0.08185053437499999 0.47222222187499996 0.085409253125 0.4388888890625 0.085409253125 0.40555555625000006 0.085409253125 0.39444444375 0.08185053437499999 0.36666666718749996 0.0747330953125 0.35 0.0676156578125 0.33888888906250003 0.0676156578125 0.3333333328125 0.056939501562499995 0.32777777812500003 0.053380782812500006 0.322222221875 0.0427046265625 0.34444444375 0.0427046265625 0.3888888890625 0.046263345312499995 0.4166666671875 0.053380782812500006 0.44444444375 0.0640569390625 0.47222222187499996
3 0.5266903921874999 0.6777777781250001 0.5373665484375 0.7 0.5551601421875 0.7111111109375 0.5622775796874999 0.70555555625 0.5729537359375 0.6777777781250001 0.5800711749999999 0.6555555562500001 0.58362989375 0.627777778125 0.58362989375 0.6 0.5871886125 0.5666666671875 0.5871886125 0.54444444375 0.5587188609375 0.54444444375 0.5302491109374999 0.5333333328125 0.523131671875 0.522222221875 0.5124555156249999 0.5333333328125 0.508896796875 0.5833333328125 0.5160142343749999 0.65 0.5266903921874999 0.6777777781250001
3 0.313167259375 0.5333333328125 0.3416370109375 0.527777778125 0.35587188593749997 0.5166666671875 0.3629893234375 0.4888888890625 0.3594306046875 0.46666666718750005 0.3594306046875 0.43333333281249997 0.3594306046875 0.42222222187499997 0.3451957296875 0.4 0.33807829218749996 0.38333333281250004 0.3274021359375 0.36666666718749996 0.316725978125 0.35555555625 0.313167259375 0.35555555625 0.295373665625 0.35555555625 0.28825622812499996 0.35555555625 0.277580071875 0.36666666718749996 0.2633451953125 0.39444444375 0.25622775781249996 0.45 0.2597864765625 0.5 0.2704626328125 0.527777778125 0.313167259375 0.5333333328125
3 0.0711743765625 0.527777778125 0.0676156578125 0.5388888890625 0.0676156578125 0.577777778125 0.099644128125 0.5833333328125 0.12099644062499999 0.577777778125 0.12099644062499999 0.5611111109375 0.1316725984375 0.5388888890625 0.1352313171875 0.522222221875 0.1316725984375 0.5111111109375 0.11743772187499998 0.477777778125 0.11743772187499998 0.4888888890625 0.10676156562500001 0.48333333281249996 0.099644128125 0.477777778125 0.096085409375 0.47222222187499996 0.088967971875 0.477777778125 0.085409253125 0.48333333281249996 0.07829181562500001 0.4888888890625 0.0747330953125 0.5 0.0711743765625 0.527777778125
3 0.17081850468749998 0.672222221875 0.1957295375 0.6555555562500001 0.21352313125000003 0.6388888890625 0.22064056875000002 0.622222221875 0.2241992875 0.6111111109375 0.2241992875 0.6 0.22775800781250002 0.577777778125 0.22775800781250002 0.527777778125 0.20640569375 0.5333333328125 0.1743772234375 0.4888888890625 0.1672597859375 0.5555555562500001 0.1565836296875 0.627777778125 0.1601423484375 0.6555555562500001 0.17081850468749998 0.672222221875
3 0.2384341640625 0.6666666671875 0.2526690390625 0.6944444437499999 0.2704626328125 0.7 0.28113879062499997 0.6888888890625 0.291814946875 0.6611111109375 0.302491103125 0.6388888890625 0.30604982187499996 0.6166666671875001 0.30604982187499996 0.60555555625 0.309608540625 0.5833333328125 0.309608540625 0.55 0.30604982187499996 0.5333333328125 0.2704626328125 0.522222221875 0.2633451953125 0.5166666671875 0.25622775781249996 0.5166666671875 0.24555160156250003 0.5166666671875 0.23487544531250001 0.527777778125 0.22775800781250002 0.527777778125 0.22775800781250002 0.5388888890625 0.22775800781250002 0.5888888890625 0.22775800781250002 0.6111111109375 0.23131672656250002 0.6333333328124999 0.2384341640625 0.6666666671875
3 0.1672597859375 0.5 0.1743772234375 0.4611111109375 0.1743772234375 0.44444444375 0.1565836296875 0.43333333281249997 0.15302491093749998 0.4166666671875 0.1423487546875 0.377777778125 0.1316725984375 0.36666666718749996 0.12455515937499999 0.3611111109375 0.11743772187499998 0.36666666718749996 0.10676156562500001 0.39444444375 0.11743772187499998 0.47222222187499996 0.1387900359375 0.5166666671875 0.15302491093749998 0.5111111109375 0.1672597859375 0.5
3 0.8434163703124999 0.5611111109375 0.8576512453125 0.577777778125 0.875444840625 0.577777778125 0.875444840625 0.5722222218749999 0.879003559375 0.527777778125 0.8718861203125 0.50555555625 0.8647686828125 0.477777778125 0.8612099640625 0.48333333281249996 0.8576512453125 0.48333333281249996 0.8327402140625001 0.48333333281249996 0.8256227765625 0.4888888890625 0.8256227765625 0.5166666671875 0.8327402140625001 0.5388888890625 0.8398576515625 0.55 0.8434163703124999 0.5611111109375
3 0.886120996875 0.5333333328125 0.893238434375 0.5388888890625 0.907473309375 0.5388888890625 0.9181494656250001 0.522222221875 0.9252669046875001 0.50555555625 0.921708184375 0.48333333281249996 0.907473309375 0.45 0.900355871875 0.4388888890625 0.8683274015625001 0.45555555625000005 0.8683274015625001 0.477777778125 0.8718861203125 0.49444444374999996 0.879003559375 0.5166666671875 0.886120996875 0.5333333328125
3 0.4377224203125 0.6777777781250001 0.4448398578125 0.6944444437499999 0.45551601406250003 0.7111111109375 0.46975088906250007 0.7166666671875 0.48042704687500004 0.7111111109375 0.48398576562500006 0.6833333328125 0.48754448437500003 0.6666666671875 0.49110320312500005 0.6555555562500001 0.494661921875 0.6388888890625 0.49822064062500004 0.622222221875 0.49822064062500004 0.6 0.49822064062500004 0.5833333328125 0.49822064062500004 0.5611111109375 0.494661921875 0.54444444375 0.49110320312500005 0.5333333328125 0.48754448437500003 0.522222221875 0.48754448437500003 0.5166666671875 0.46975088906250007 0.5333333328125 0.45195729531250006 0.55 0.41992882500000006 0.55 0.41637010625000004 0.5555555562500001 0.41992882500000006 0.6 0.4270462640625 0.6333333328124999 0.43060498281250004 0.65 0.4377224203125 0.6777777781250001
3 0.3629893234375 0.477777778125 0.3665480421875 0.5 0.3701067609375 0.522222221875 0.38078291875 0.5333333328125 0.3985765125 0.55 0.42348754375000003 0.55 0.45195729531250006 0.55 0.46975088906250007 0.5333333328125 0.48398576562500006 0.522222221875 0.48754448437500003 0.4888888890625 0.49110320312500005 0.45 0.49110320312500005 0.4166666671875 0.48754448437500003 0.39444444375 0.48042704687500004 0.36666666718749996 0.46975088906250007 0.34444444375 0.45907473281250005 0.32777777812500003 0.44839857656250004 0.3166666671875 0.44128113906250005 0.3166666671875 0.43060498281250004 0.3166666671875 0.4128113875 0.3166666671875 0.3985765125 0.322222221875 0.391459075 0.32777777812500003 0.3843416375 0.33888888906250003 0.38078291875 0.34444444375 0.37366547968749997 0.377777778125 0.3701067609375 0.4166666671875 0.3629893234375 0.427777778125 0.3629893234375 0.45555555625000005 0.3629893234375 0.477777778125
3 0.3487544484375 0.6888888890625 0.35587188593749997 0.7 0.3701067609375 0.70555555625 0.38078291875 0.6944444437499999 0.38790035624999997 0.6777777781250001 0.39501779375 0.627777778125 0.39501779375 0.6 0.39501779375 0.577777778125 0.391459075 0.55 0.3701067609375 0.522222221875 0.35587188593749997 0.5166666671875 0.3487544484375 0.522222221875 0.3416370109375 0.527777778125 0.316725978125 0.5333333328125 0.309608540625 0.54444444375 0.313167259375 0.6111111109375 0.32384341562499996 0.6333333328124999 0.3345195734375 0.6555555562500001 0.3487544484375 0.6888888890625
3 0.9537366546875001 0.522222221875 0.9608540921875001 0.527777778125 0.9644128109375 0.527777778125 0.9644128109375 0.4611111109375 0.9644128109375 0.41111111093749997 0.9644128109375 0.3888888890625 0.9572953734375 0.36666666718749996 0.9501779359375 0.3611111109375 0.9395017796875 0.35 0.9359430609375 0.38333333281250004 0.907473309375 0.427777778125 0.9110320281250001 0.45555555625000005 0.921708184375 0.4888888890625 0.9359430609375 0.50555555625 0.9537366546875001 0.522222221875
3 0.7473309609375 0.6666666671875 0.7686832734375 0.6833333328125 0.7722419921875 0.6666666671875 0.7722419921875 0.6611111109375 0.7722419921875 0.64444444375 0.7722419921875 0.6333333328124999 0.7722419921875 0.6111111109375 0.7758007124999999 0.5833333328125 0.7758007124999999 0.5611111109375 0.7758007124999999 0.5166666671875 0.7544483984375 0.4888888890625 0.7473309609375 0.477777778125 0.7402135234375 0.4888888890625 0.722419928125 0.50555555625 0.701067615625 0.522222221875 0.704626334375 0.6 0.718861209375 0.627777778125 0.7330960859375 0.65 0.7473309609375 0.6666666671875
3 0.5871886125 0.54444444375 0.608540925 0.54444444375 0.6334519578125 0.5333333328125 0.6405693953125 0.527777778125 0.6476868328125 0.477777778125 0.6441281140624999 0.42222222187499997 0.6263345203124999 0.3333333328125 0.6156583625 0.322222221875 0.6014234875 0.3166666671875 0.59074733125 0.3166666671875 0.5729537359375 0.3166666671875 0.5587188609375 0.322222221875 0.5516014234375 0.32777777812500003 0.5444839859374999 0.33888888906250003 0.5266903921874999 0.3611111109375 0.519572953125 0.40555555625000006 0.523131671875 0.5111111109375 0.5302491109374999 0.5333333328125 0.5551601421875 0.54444444375 0.5871886125 0.54444444375
3 0.6619217078124999 0.6944444437499999 0.6761565843749999 0.6777777781250001 0.686832740625 0.6388888890625 0.704626334375 0.5888888890625 0.697508896875 0.522222221875 0.697508896875 0.5166666671875 0.6619217078124999 0.49444444374999996 0.6548042703125 0.4888888890625 0.6441281140624999 0.49444444374999996 0.6405693953125 0.527777778125 0.6263345203124999 0.5388888890625 0.6156583625 0.54444444375 0.61921708125 0.6333333328124999 0.6298932390624999 0.6666666671875 0.6476868328125 0.7 0.6619217078124999 0.6944444437499999