3 0.5730337078125001 0.26 0.5767790265625 0.265 0.58801498125 0.265 0.5955056187500001 0.265 0.6029962546875 0.26 0.6104868906250001 0.255 0.6179775281250001 0.24500000000000002 0.6254681640624999 0.23500000000000001 0.6254681640624999 0.22000000000000003 0.6254681640624999 0.19 0.621722846875 0.16999999999999998 0.6179775281250001 0.15 0.614232209375 0.13999999999999999 0.6029962546875 0.145 0.5955056187500001 0.155 0.58801498125 0.16 0.5805243453125 0.16499999999999998 0.5730337078125001 0.175 0.565543071875 0.185 0.561797753125 0.215 0.561797753125 0.23500000000000001 0.5692883890625 0.24500000000000002 0.5730337078125001 0.26
3 0.6329588015625001 0.24500000000000002 0.6367041203125 0.255 0.64419475625 0.27 0.65168539375 0.27 0.6666666671875 0.215 0.670411984375 0.19 0.674157303125 0.16499999999999998 0.674157303125 0.145 0.670411984375 0.125 0.6666666671875 0.12 0.6554307109375 0.13 0.65168539375 0.13999999999999999 0.64419475625 0.15 0.6329588015625001 0.16499999999999998 0.6254681640624999 0.16999999999999998 0.6254681640624999 0.195 0.6254681640624999 0.215 0.6292134828125 0.22999999999999998 0.6329588015625001 0.24500000000000002
3 0.1760299625 0.32999999999999996 0.17977528125 0.385 0.18726591718750002 0.4 0.1947565546875 0.41 0.21722846406250002 0.42000000000000004 0.22846441875 0.42000000000000004 0.23970037500000002 0.40499999999999997 0.23970037500000002 0.395 0.24344569218749998 0.385 0.24344569218749998 0.365 0.2471910109375 0.33999999999999997 0.2471910109375 0.32 0.21722846406250002 0.315 0.205992509375 0.29 0.202247190625 0.27 0.202247190625 0.255 0.1985018734375 0.255 0.18726591718750002 0.255 0.1760299625 0.29500000000000004 0.1760299625 0.31 0.1760299625 0.32999999999999996
3 0.13857677968749998 0.315 0.1573033703125 0.33999999999999997 0.17228464375000002 0.32 0.1760299625 0.3 0.18352059999999998 0.27 0.1910112359375 0.24500000000000002 0.1910112359375 0.22000000000000003 0.1910112359375 0.215 0.16853932656249998 0.2 0.1573033703125 0.185 0.12359550625 0.16 0.11985018750000001 0.21000000000000002 0.11985018750000001 0.24500000000000002 0.12359550625 0.275 0.13857677968749998 0.315
3 0.3146067421875 0.38 0.34831460625 0.385 0.378277153125 0.38 0.3970037453125 0.375 0.40823970000000004 0.36 0.4157303375 0.34500000000000003 0.41198501875 0.325 0.41198501875 0.275 0.40823970000000004 0.24 0.4007490640625 0.21000000000000002 0.3932584265625 0.2 0.382022471875 0.185 0.3670411984375 0.18 0.35580524375 0.175 0.3370786515625 0.16999999999999998 0.329588015625 0.16999999999999998 0.318352059375 0.175 0.3108614234375 0.185 0.3033707859375 0.19 0.29588015 0.22000000000000003 0.29213483125 0.27 0.29588015 0.325 0.29962546875 0.35 0.3146067421875 0.38
3 0.4232209734375 0.38 0.4232209734375 0.39 0.4269662921875 0.4 0.43445692812500003 0.41 0.4494382015625 0.42000000000000004 0.46816479375000003 0.41500000000000004 0.47565543125 0.40499999999999997 0.4794007484375 0.39 0.4794007484375 0.38 0.4794007484375 0.365 0.4794007484375 0.35 0.47565543125 0.35 0.45692883906250004 0.34500000000000003 0.43071161093750004 0.35 0.4269662921875 0.35 0.4232209734375 0.355 0.41947565468750003 0.365 0.41947565468750003 0.37 0.4232209734375 0.38
3 0.45318352031250003 0.31 0.45692883906250004 0.32 0.4606741578125 0.335 0.4719101125 0.33999999999999997 0.4868913859375 0.33999999999999997 0.49063670468750004 0.33999999999999997 0.52434456875 0.335 0.5505617984375 0.32999999999999996 0.561797753125 0.29500000000000004 0.561797753125 0.275 0.561797753125 0.26 0.558052434375 0.24500000000000002 0.554307115625 0.22000000000000003 0.5505617984375 0.2 0.5468164796874999 0.185 0.5393258421875 0.16499999999999998 0.5393258421875 0.155 0.53183520625 0.15 0.52434456875 0.145 0.5131086140625001 0.145 0.505617978125 0.145 0.49063670468750004 0.15 0.4794007484375 0.16 0.4719101125 0.16999999999999998 0.46441947499999997 0.18 0.45318352031250003 0.2 0.445692884375 0.215 0.4494382015625 0.24 0.4494382015625 0.265 0.4494382015625 0.29 0.45318352031250003 0.31
3 0.4794007484375 0.4 0.4831460671875 0.41 0.4868913859375 0.41500000000000004 0.494382021875 0.43 0.505617978125 0.44000000000000006 0.5131086140625001 0.44000000000000006 0.5205992515625 0.445 0.5393258421875 0.44000000000000006 0.5468164796874999 0.43499999999999994 0.5468164796874999 0.41500000000000004 0.5468164796874999 0.395 0.5468164796874999 0.38 0.5468164796874999 0.37 0.5468164796874999 0.36 0.5430711609375 0.335 0.5355805250000001 0.32999999999999996 0.5280898875 0.335 0.5205992515625 0.335 0.5131086140625001 0.335 0.494382021875 0.33999999999999997 0.4868913859375 0.33999999999999997 0.4794007484375 0.34500000000000003 0.4719101125 0.35 0.4794007484375 0.355 0.4794007484375 0.38 0.4794007484375 0.4
3 0.3745318359375 0.43499999999999994 0.389513109375 0.43499999999999994 0.3932584265625 0.43 0.3970037453125 0.42000000000000004 0.4007490640625 0.41 0.40449438125 0.395 0.40449438125 0.385 0.40823970000000004 0.365 0.4007490640625 0.37 0.382022471875 0.375 0.35580524375 0.385 0.352059925 0.39 0.352059925 0.41 0.35580524375 0.425 0.3632958796875 0.43499999999999994 0.3745318359375 0.43499999999999994
3 0.1011235953125 0.24500000000000002 0.11610486874999999 0.205 0.11610486874999999 0.175 0.1086142328125 0.16499999999999998 0.10486891406250001 0.155 0.093632959375 0.135 0.082397003125 0.13 0.07865168593750001 0.13 0.06741572968750001 0.16 0.06741572968750001 0.195 0.082397003125 0.24 0.089887640625 0.25 0.1011235953125 0.24500000000000002
3 0.262172284375 0.39 0.265917603125 0.41 0.269662921875 0.43 0.2771535578125 0.45 0.29213483125 0.45499999999999996 0.3033707859375 0.45499999999999996 0.318352059375 0.44000000000000006 0.325842696875 0.425 0.3333333328125 0.41 0.3370786515625 0.385 0.3146067421875 0.38 0.3033707859375 0.355 0.29588015 0.32 0.29213483125 0.3 0.2883895125 0.29 0.269662921875 0.3 0.265917603125 0.32 0.2509363296875 0.325 0.2509363296875 0.34500000000000003 0.25468164843749996 0.365 0.258426965625 0.375 0.262172284375 0.39
3 0.2471910109375 0.32 0.258426965625 0.32 0.265917603125 0.32 0.269662921875 0.3 0.269662921875 0.27 0.269662921875 0.25 0.2734082390625 0.22999999999999998 0.265917603125 0.22000000000000003 0.25468164843749996 0.21000000000000002 0.23595505625 0.205 0.22097378281250002 0.205 0.21722846406250002 0.205 0.20973782812500003 0.205 0.205992509375 0.205 0.202247190625 0.225 0.202247190625 0.27 0.205992509375 0.29 0.21722846406250002 0.315 0.2471910109375 0.32
3 0.5505617984375 0.34500000000000003 0.561797753125 0.36 0.5805243453125 0.385 0.5917603 0.395 0.6067415734375 0.395 0.6104868906250001 0.39 0.621722846875 0.36 0.6254681640624999 0.32 0.6254681640624999 0.29 0.6292134828125 0.265 0.6254681640624999 0.25 0.6254681640624999 0.23500000000000001 0.614232209375 0.25 0.6029962546875 0.265 0.5917603 0.27 0.5842696625 0.265 0.5730337078125001 0.26 0.565543071875 0.24 0.565543071875 0.26 0.561797753125 0.29500000000000004 0.5505617984375 0.32999999999999996 0.5505617984375 0.34500000000000003