3 0.91923076875 0.489690721875 0.9384615390625 0.489690721875 0.9576923078125 0.489690721875 0.9615384609375001 0.489690721875 0.9769230765625 0.4845360828125 0.9846153843750001 0.4742268046875 0.996153846875 0.469072165625 0.996153846875 0.34020618593749996 0.9846153843750001 0.34020618593749996 0.9692307687499999 0.35567010312499997 0.9653846156249999 0.3608247421875 0.9576923078125 0.36597938124999996 0.95 0.3711340203125 0.93076923125 0.3711340203125 0.9269230765625001 0.376288659375 0.915384615625 0.412371134375 0.9 0.469072165625 0.9076923078125001 0.47938144375 0.91923076875 0.489690721875
3 0.18076923125 0.463917525 0.184615384375 0.469072165625 0.1923076921875 0.47938144375 0.2 0.4948453609375 0.21538461562500003 0.5051546390625 0.2384615390625 0.489690721875 0.2615384609375 0.47938144375 0.27692307656250004 0.463917525 0.27692307656250004 0.45876288593750003 0.27692307656250004 0.44329896875 0.26923076875 0.4226804125 0.26923076875 0.3969072171875 0.26923076875 0.3711340203125 0.26923076875 0.3505154640625 0.26538461562500004 0.3298969078125 0.2615384609375 0.32474226875 0.23461538437499999 0.298969071875 0.2230769234375 0.2835051546875 0.2076923078125 0.278350515625 0.18846153906250002 0.2835051546875 0.1769230765625 0.28865979375 0.165384615625 0.28865979375 0.165384615625 0.3041237109375 0.153846153125 0.335051546875 0.15769230781250002 0.3608247421875 0.1615384609375 0.38144329843749997 0.1615384609375 0.412371134375 0.165384615625 0.4278350515625 0.16923076875 0.4381443296875 0.18076923125 0.463917525
3 0.8846153843750001 0.5618556703124999 0.8884615390624999 0.5773195875 0.8923076921875 0.5927835046875 0.903846153125 0.6185567015625 0.9076923078125001 0.6340206187499999 0.91923076875 0.644329896875 0.9423076921875 0.6701030921875 0.9692307687499999 0.67525773125 0.9730769234375 0.654639175 0.9769230765625 0.6391752578125 0.9769230765625 0.6288659796875 0.9769230765625 0.6082474234374999 0.9653846156249999 0.6082474234374999 0.9423076921875 0.5412371140625 0.9076923078125001 0.52061855625 0.8884615390624999 0.5257731953125 0.8807692312500001 0.536082475 0.8807692312500001 0.546391753125 0.8846153843750001 0.5618556703124999
3 0.7384615390625 0.5257731953125 0.715384615625 0.5257731953125 0.7115384609375 0.5257731953125 0.7115384609375 0.530927834375 0.7115384609375 0.546391753125 0.715384615625 0.5773195875 0.7230769234375 0.59793814375 0.75 0.623711340625 0.7730769234375 0.6701030921875 0.784615384375 0.6855670109374999 0.7923076921875001 0.7061855671874999 0.81923076875 0.7061855671874999 0.8230769234374999 0.701030928125 0.8269230765625 0.6804123718749999 0.834615384375 0.6391752578125 0.834615384375 0.6185567015625 0.834615384375 0.6134020625 0.8269230765625 0.5773195875 0.8230769234374999 0.546391753125 0.8230769234374999 0.536082475 0.8115384609375 0.5257731953125 0.8 0.5154639171875 0.7923076921875001 0.510309278125 0.784615384375 0.5051546390625 0.7769230765625 0.5051546390625 0.76923076875 0.5051546390625 0.7615384609375 0.510309278125 0.7576923078125 0.5154639171875 0.75 0.52061855625 0.7384615390625 0.5257731953125
0 0.7230769234375 0.3298969078125 0.7269230765625 0.32474226875 0.7269230765625 0.3144329890625 0.7192307687499999 0.30927835 0.7115384609375 0.3144329890625 0.7076923078124999 0.32474226875 0.715384615625 0.3298969078125 0.7230769234375 0.3298969078125
0 0.7576923078125 0.2628865984375 0.765384615625 0.2628865984375 0.7730769234375 0.2680412375 0.784615384375 0.2680412375 0.784615384375 0.2628865984375 0.784615384375 0.2474226796875 0.7769230765625 0.2268041234375 0.7615384609375 0.2268041234375 0.753846153125 0.2319587625 0.746153846875 0.2525773203125 0.7576923078125 0.2628865984375
0 0.6730769234375 0.345360825 0.6769230765625001 0.335051546875 0.6653846156250001 0.31958762812499997 0.6615384609375 0.3298969078125 0.6576923078125 0.345360825 0.6653846156250001 0.3505154640625 0.6730769234375 0.345360825
3 0.0769230765625 0.5618556703124999 0.06923076875 0.5824742265625 0.065384615625 0.6030927828125 0.0615384609375 0.6185567015625 0.057692307812499996 0.6340206187499999 0.053846153125 0.6597938140624999 0.05 0.6804123718749999 0.08076923124999999 0.6597938140624999 0.08846153906250001 0.6597938140624999 0.08846153906250001 0.6701030921875 0.0923076921875 0.69072165 0.10384615312500001 0.6958762890625 0.11538461562499999 0.69072165 0.12307692343750001 0.67525773125 0.13076923125 0.664948453125 0.134615384375 0.6597938140624999 0.134615384375 0.654639175 0.134615384375 0.6391752578125 0.1384615390625 0.5773195875 0.1423076921875 0.5515463921875 0.146153846875 0.5412371140625 0.12307692343750001 0.536082475 0.1115384609375 0.536082475 0.096153846875 0.536082475 0.084615384375 0.546391753125 0.0769230765625 0.5618556703124999
3 0.846153846875 0.463917525 0.8653846156249999 0.4226804125 0.8769230765625 0.376288659375 0.8769230765625 0.335051546875 0.8769230765625 0.28865979375 0.8730769234375 0.2835051546875 0.8615384609375001 0.28865979375 0.85 0.298969071875 0.8384615390624999 0.30927835 0.83076923125 0.3144329890625 0.81923076875 0.31958762812499997 0.8115384609375 0.3298969078125 0.8038461531250001 0.335051546875 0.8115384609375 0.376288659375 0.8076923078125 0.3969072171875 0.796153846875 0.4484536078125 0.8038461531250001 0.4742268046875 0.8230769234374999 0.489690721875 0.8384615390624999 0.4845360828125 0.846153846875 0.463917525
0 0.4076923078125 0.3041237109375 0.41923076875 0.29381443281249997 0.4269230765625 0.2835051546875 0.4269230765625 0.2731958765625 0.4269230765625 0.2525773203125 0.4230769234375 0.24226804062500001 0.415384615625 0.2371134015625 0.40384615312500005 0.2268041234375 0.384615384375 0.2371134015625 0.3730769234375 0.2680412375 0.384615384375 0.298969071875 0.4076923078125 0.3041237109375
0 0.5884615390625 0.2680412375 0.5923076921875 0.298969071875 0.603846153125 0.3144329890625 0.6192307687499999 0.31958762812499997 0.6423076921875001 0.31958762812499997 0.6615384609375 0.3144329890625 0.6769230765625001 0.30927835 0.68076923125 0.298969071875 0.6769230765625001 0.2835051546875 0.6653846156250001 0.2474226796875 0.6576923078125 0.2319587625 0.6423076921875001 0.221649484375 0.6230769234375 0.221649484375 0.603846153125 0.221649484375 0.5884615390625 0.2680412375
0 0.2884615390625 0.30927835 0.2884615390625 0.3298969078125 0.29230769218749997 0.3505154640625 0.3076923078125 0.3608247421875 0.31538461562500003 0.36597938124999996 0.3269230765625 0.3608247421875 0.334615384375 0.3505154640625 0.3423076921875 0.345360825 0.3423076921875 0.3298969078125 0.3423076921875 0.3144329890625 0.334615384375 0.30927835 0.3269230765625 0.3144329890625 0.33076923125 0.31958762812499997 0.334615384375 0.32474226875 0.334615384375 0.335051546875 0.3269230765625 0.345360825 0.31923076875 0.35567010312499997 0.3115384609375 0.35567010312499997 0.3115384609375 0.3505154640625 0.3076923078125 0.34020618593749996 0.3076923078125 0.335051546875 0.30384615312499996 0.3298969078125 0.30384615312499996 0.31958762812499997 0.3115384609375 0.3144329890625 0.3076923078125 0.30927835 0.296153846875 0.3041237109375 0.2884615390625 0.30927835
3 0.24615384687500003 0.55670103125 0.24230769218749998 0.5773195875 0.24230769218749998 0.6030927828125 0.24230769218749998 0.6391752578125 0.24615384687500003 0.6597938140624999 0.27692307656250004 0.6185567015625 0.2884615390625 0.6030927828125 0.296153846875 0.5927835046875 0.3115384609375 0.6030927828125 0.31923076875 0.6082474234374999 0.3230769234375 0.6134020625 0.3384615390625 0.6185567015625 0.346153846875 0.623711340625 0.353846153125 0.623711340625 0.36923076875 0.5876288656249999 0.36923076875 0.536082475 0.36923076875 0.510309278125 0.3769230765625 0.489690721875 0.3923076921875 0.489690721875 0.3730769234375 0.45876288593750003 0.3615384609375 0.4742268046875 0.3384615390625 0.4845360828125 0.31538461562500003 0.4845360828125 0.3115384609375 0.4845360828125 0.28076923125 0.463917525 0.27692307656250004 0.463917525 0.2615384609375 0.47938144375 0.2576923078125 0.4845360828125 0.24615384687500003 0.5154639171875 0.24615384687500003 0.55670103125
3 0.03076923125 0.5876288656249999 0.0269230765625 0.6030927828125 0.0269230765625 0.623711340625 0.046153846875 0.623711340625 0.05 0.6185567015625 0.057692307812499996 0.6134020625 0.0615384609375 0.6134020625 0.06923076875 0.5824742265625 0.0769230765625 0.5618556703124999 0.084615384375 0.5515463921875 0.096153846875 0.536082475 0.11538461562499999 0.530927834375 0.1269230765625 0.536082475 0.11923076875000001 0.510309278125 0.11538461562499999 0.5154639171875 0.10769230781250001 0.5154639171875 0.084615384375 0.5051546390625 0.065384615625 0.5154639171875 0.046153846875 0.536082475 0.034615384375 0.567010309375 0.03076923125 0.5876288656249999
3 0.27692307656250004 0.44329896875 0.28076923125 0.463917525 0.2884615390625 0.469072165625 0.3076923078125 0.47938144375 0.31923076875 0.4845360828125 0.33076923125 0.4845360828125 0.35 0.47938144375 0.3730769234375 0.463917525 0.3730769234375 0.453608246875 0.36923076875 0.4278350515625 0.365384615625 0.40206185625 0.365384615625 0.3969072171875 0.3615384609375 0.3917525765625 0.3576923078125 0.3711340203125 0.3615384609375 0.3608247421875 0.3615384609375 0.3505154640625 0.3615384609375 0.34020618593749996 0.3615384609375 0.32474226875 0.3576923078125 0.29381443281249997 0.346153846875 0.29381443281249997 0.33076923125 0.2835051546875 0.31923076875 0.2680412375 0.3076923078125 0.2525773203125 0.296153846875 0.257731959375 0.284615384375 0.2731958765625 0.27692307656250004 0.28865979375 0.2730769234375 0.30927835 0.26923076875 0.335051546875 0.26923076875 0.35567010312499997 0.26538461562500004 0.412371134375 0.2730769234375 0.43298969062500003 0.27692307656250004 0.44329896875
3 0.3923076921875 0.489690721875 0.48076923125000004 0.489690721875 0.515384615625 0.47938144375 0.5269230765625 0.45876288593750003 0.534615384375 0.4175257734375 0.5307692312500001 0.3969072171875 0.5269230765625 0.35567010312499997 0.5269230765625 0.3144329890625 0.5269230765625 0.298969071875 0.49230769218750003 0.2371134015625 0.47307692343749996 0.221649484375 0.43461538437499997 0.2061855671875 0.415384615625 0.21134020625 0.4 0.221649484375 0.3884615390625 0.2319587625 0.38076923125 0.2371134015625 0.3730769234375 0.2525773203125 0.3615384609375 0.3041237109375 0.365384615625 0.3711340203125 0.36923076875 0.4226804125 0.3730769234375 0.45876288593750003 0.3923076921875 0.489690721875
3 0.5769230765625 0.546391753125 0.5923076921875 0.536082475 0.6 0.536082475 0.6115384609375 0.5515463921875 0.6192307687499999 0.5515463921875 0.6423076921875001 0.5515463921875 0.646153846875 0.55670103125 0.6576923078125 0.5773195875 0.66923076875 0.5927835046875 0.6884615390625 0.6082474234374999 0.703846153125 0.6134020625 0.715384615625 0.6082474234374999 0.7230769234375 0.6030927828125 0.7269230765625 0.6030927828125 0.715384615625 0.5824742265625 0.7115384609375 0.546391753125 0.7115384609375 0.52061855625 0.7115384609375 0.4845360828125 0.703846153125 0.45876288593750003 0.6961538468749999 0.4484536078125 0.6923076921875 0.44329896875 0.6884615390625 0.44329896875 0.684615384375 0.44329896875 0.68076923125 0.4484536078125 0.6769230765625001 0.453608246875 0.6423076921875001 0.47938144375 0.5846153843749999 0.47938144375 0.5846153843749999 0.4845360828125 0.58076923125 0.4948453609375 0.5769230765625 0.510309278125 0.5769230765625 0.5257731953125 0.5769230765625 0.546391753125
3 0.1269230765625 0.5 0.134615384375 0.4948453609375 0.1269230765625 0.453608246875 0.10769230781250001 0.43298969062500003 0.10384615312500001 0.412371134375 0.1 0.40206185625 0.096153846875 0.3969072171875 0.084615384375 0.376288659375 0.0769230765625 0.3608247421875 0.06923076875 0.335051546875 0.057692307812499996 0.3041237109375 0.05 0.29381443281249997 0.034615384375 0.298969071875 0.03076923125 0.30927835 0.03076923125 0.32474226875 0.034615384375 0.345360825 0.0384615390625 0.35567010312499997 0.0423076921875 0.36597938124999996 0.057692307812499996 0.38144329843749997 0.084615384375 0.463917525 0.08076923124999999 0.4948453609375 0.096153846875 0.510309278125 0.10769230781250001 0.5154639171875 0.11538461562499999 0.5154639171875 0.1269230765625 0.5
3 0.0230769234375 0.4381443296875 0.03076923125 0.469072165625 0.046153846875 0.4948453609375 0.06923076875 0.4948453609375 0.08076923124999999 0.489690721875 0.08076923124999999 0.45876288593750003 0.06923076875 0.4278350515625 0.0615384609375 0.40206185625 0.053846153125 0.38144329843749997 0.046153846875 0.3711340203125 0.0384615390625 0.3608247421875 0.03076923125 0.35567010312499997 0.015384615625 0.3608247421875 0.0076923078125 0.38144329843749997 0.0076923078125 0.40721649531250004 0.0115384609375 0.4175257734375 0.0230769234375 0.4278350515625 0.0230769234375 0.4381443296875
3 0.1384615390625 0.5824742265625 0.134615384375 0.6030927828125 0.134615384375 0.623711340625 0.134615384375 0.644329896875 0.134615384375 0.654639175 0.134615384375 0.69072165 0.146153846875 0.7164948453125 0.153846153125 0.7268041234375 0.1769230765625 0.7164948453125 0.19615384687499998 0.6804123718749999 0.21538461562500003 0.6288659796875 0.2384615390625 0.6030927828125 0.24230769218749998 0.5876288656249999 0.24230769218749998 0.55670103125 0.24615384687500003 0.536082475 0.23076923124999998 0.5257731953125 0.22692307656250002 0.5257731953125 0.21923076875 0.530927834375 0.2115384609375 0.530927834375 0.2 0.5257731953125 0.18846153906250002 0.52061855625 0.184615384375 0.5154639171875 0.1730769234375 0.5154639171875 0.165384615625 0.5154639171875 0.153846153125 0.5257731953125 0.146153846875 0.5412371140625 0.1423076921875 0.55670103125 0.1384615390625 0.5824742265625
3 0.5307692312500001 0.6391752578125 0.55 0.6494845359375 0.5730769234374999 0.6391752578125 0.58076923125 0.6185567015625 0.58076923125 0.5927835046875 0.58076923125 0.546391753125 0.5769230765625 0.5412371140625 0.5769230765625 0.5051546390625 0.5846153843749999 0.47938144375 0.5576923078125 0.4742268046875 0.5307692312500001 0.453608246875 0.5269230765625 0.45876288593750003 0.515384615625 0.47938144375 0.48076923125000004 0.489690721875 0.48076923125000004 0.4948453609375 0.48076923125000004 0.5876288656249999 0.48461538437499996 0.59793814375 0.5076923078125 0.623711340625 0.5307692312500001 0.6391752578125
3 0.5538461531250001 0.4742268046875 0.5923076921875 0.47938144375 0.6423076921875001 0.47938144375 0.6769230765625001 0.453608246875 0.6884615390625 0.412371134375 0.6884615390625 0.3505154640625 0.684615384375 0.3041237109375 0.68076923125 0.2731958765625 0.6730769234375 0.24226804062500001 0.6653846156250001 0.21649484531250002 0.6576923078125 0.2061855671875 0.6307692312500001 0.2061855671875 0.6115384609375 0.2061855671875 0.596153846875 0.21649484531250002 0.5884615390625 0.2268041234375 0.565384615625 0.2474226796875 0.546153846875 0.2731958765625 0.5269230765625 0.3041237109375 0.5269230765625 0.36597938124999996 0.534615384375 0.4175257734375 0.5307692312500001 0.4484536078125 0.5538461531250001 0.4742268046875
3 0.36923076875 0.536082475 0.3730769234375 0.55670103125 0.3730769234375 0.5721649484375 0.3730769234375 0.5824742265625 0.3730769234375 0.6082474234374999 0.3730769234375 0.6340206187499999 0.3769230765625 0.644329896875 0.38076923125 0.6597938140624999 0.3884615390625 0.67525773125 0.4 0.6855670109374999 0.4230769234375 0.69072165 0.44230769218750005 0.67525773125 0.4615384609375 0.644329896875 0.465384615625 0.623711340625 0.47307692343749996 0.6082474234374999 0.4769230765625 0.59793814375 0.48076923125000004 0.5876288656249999 0.48076923125000004 0.489690721875 0.3923076921875 0.489690721875 0.3769230765625 0.4845360828125 0.3730769234375 0.5 0.36923076875 0.5154639171875 0.36923076875 0.536082475
3 0.684615384375 0.43298969062500003 0.7115384609375 0.45876288593750003 0.7576923078125 0.489690721875 0.796153846875 0.44329896875 0.8 0.4226804125 0.8038461531250001 0.412371134375 0.8076923078125 0.38659793750000004 0.8076923078125 0.35567010312499997 0.8076923078125 0.335051546875 0.8038461531250001 0.3144329890625 0.8038461531250001 0.298969071875 0.8038461531250001 0.278350515625 0.8 0.257731959375 0.7923076921875001 0.2268041234375 0.784615384375 0.21649484531250002 0.765384615625 0.2061855671875 0.75 0.201030928125 0.73076923125 0.21134020625 0.7269230765625 0.21649484531250002 0.7115384609375 0.2371134015625 0.7 0.2525773203125 0.6884615390625 0.2731958765625 0.684615384375 0.2835051546875 0.6923076921875 0.35567010312499997 0.6884615390625 0.3917525765625 0.684615384375 0.43298969062500003
3 0.1269230765625 0.45876288593750003 0.134615384375 0.489690721875 0.153846153125 0.489690721875 0.18076923125 0.469072165625 0.1769230765625 0.453608246875 0.16923076875 0.43298969062500003 0.165384615625 0.4278350515625 0.15769230781250002 0.40721649531250004 0.15 0.38659793750000004 0.146153846875 0.3711340203125 0.146153846875 0.36597938124999996 0.1423076921875 0.3505154640625 0.1423076921875 0.3298969078125 0.1269230765625 0.31958762812499997 0.11923076875000001 0.3041237109375 0.10384615312500001 0.278350515625 0.096153846875 0.2731958765625 0.096153846875 0.298969071875 0.1 0.3298969078125 0.1 0.3505154640625 0.1 0.3917525765625 0.10384615312500001 0.40206185625 0.1115384609375 0.43298969062500003 0.1269230765625 0.45876288593750003
3 0.896153846875 0.463917525 0.903846153125 0.44329896875 0.9115384609375001 0.4278350515625 0.9230769234375 0.3969072171875 0.93076923125 0.376288659375 0.9423076921875 0.3298969078125 0.903846153125 0.3505154640625 0.8807692312500001 0.36597938124999996 0.8653846156249999 0.4278350515625 0.8423076921874999 0.47938144375 0.8615384609375001 0.489690721875 0.8769230765625 0.489690721875 0.8884615390624999 0.4845360828125 0.896153846875 0.463917525
3 0.8769230765625 0.6855670109374999 0.903846153125 0.701030928125 0.9076923078125001 0.69072165 0.9076923078125001 0.6340206187499999 0.903846153125 0.6185567015625 0.8769230765625 0.546391753125 0.8653846156249999 0.530927834375 0.853846153125 0.5257731953125 0.8423076921874999 0.530927834375 0.834615384375 0.536082475 0.8269230765625 0.5412371140625 0.8230769234374999 0.546391753125 0.83076923125 0.5824742265625 0.8384615390624999 0.6134020625 0.853846153125 0.6494845359375 0.8769230765625 0.6855670109374999
3 0.9653846156249999 0.6082474234374999 0.996153846875 0.6134020625 0.996153846875 0.510309278125 0.98076923125 0.489690721875 0.9615384609375001 0.489690721875 0.95 0.4948453609375 0.93076923125 0.4948453609375 0.9230769234375 0.5 0.9115384609375001 0.5051546390625 0.903846153125 0.510309278125 0.9076923078125001 0.52061855625 0.9423076921875 0.546391753125 0.9653846156249999 0.6082474234374999