3 0.5912408765625 0.690217390625 0.5985401453125 0.690217390625 0.605839415625 0.690217390625 0.6094890515625 0.684782609375 0.6094890515625 0.6793478265624999 0.6131386859375 0.6576086953125 0.6131386859375 0.635869565625 0.6131386859375 0.614130434375 0.6094890515625 0.5978260875 0.605839415625 0.5923913046875 0.5912408765625 0.5978260875 0.58394160625 0.5978260875 0.58394160625 0.684782609375 0.587591240625 0.684782609375 0.5912408765625 0.690217390625
3 0.6605839421875 0.40760869531250005 0.6642335765625 0.41847826093749996 0.671532846875 0.41847826093749996 0.6788321171875 0.41847826093749996 0.6824817515625 0.41847826093749996 0.6861313874999999 0.40760869531250005 0.6861313874999999 0.385869565625 0.6861313874999999 0.3586956515625 0.6861313874999999 0.3478260875 0.6861313874999999 0.32608695625 0.6824817515625 0.309782609375 0.6788321171875 0.309782609375 0.6678832109374999 0.315217390625 0.6605839421875 0.32608695625 0.6459854015625 0.336956521875 0.6459854015625 0.35326087031250003 0.6532846718750001 0.3804347828125 0.6605839421875 0.40760869531250005
3 0.244525546875 0.5217391296875 0.244525546875 0.5326086953125 0.255474453125 0.5326086953125 0.26642335781250004 0.5326086953125 0.27007299218749997 0.5326086953125 0.28102189843750003 0.5326086953125 0.291970803125 0.5217391296875 0.2992700734375 0.5054347828125 0.2992700734375 0.489130434375 0.2883211671875 0.461956521875 0.28102189843750003 0.45652173906250004 0.26642335781250004 0.45108695625 0.2591240875 0.45108695625 0.255474453125 0.4456521734375 0.244525546875 0.4456521734375 0.2408759125 0.461956521875 0.2481751828125 0.4782608703125 0.2481751828125 0.489130434375 0.2481751828125 0.5054347828125 0.244525546875 0.5217391296875
3 0.605839415625 0.45652173906250004 0.6277372265625 0.45652173906250004 0.635036496875 0.45108695625 0.6496350359374999 0.440217390625 0.6569343062499999 0.4293478265625 0.6605839421875 0.413043478125 0.6569343062499999 0.3913043484375 0.6496350359374999 0.3695652171875 0.6459854015625 0.3586956515625 0.6423357671875001 0.32065217343749997 0.6423357671875001 0.309782609375 0.6131386859375 0.309782609375 0.5912408765625 0.35326087031250003 0.58394160625 0.3586956515625 0.587591240625 0.461956521875 0.5912408765625 0.461956521875 0.605839415625 0.45652173906250004
3 0.6861313874999999 0.3913043484375 0.6861313874999999 0.40760869531250005 0.689781021875 0.41847826093749996 0.7007299265625 0.385869565625 0.7043795625 0.3586956515625 0.708029196875 0.3478260875 0.708029196875 0.32065217343749997 0.708029196875 0.309782609375 0.6861313874999999 0.336956521875 0.6861313874999999 0.35326087031250003 0.6861313874999999 0.364130434375 0.6861313874999999 0.3804347828125 0.6861313874999999 0.3913043484375
3 0.2189781015625 0.5271739125 0.237226278125 0.5271739125 0.244525546875 0.510869565625 0.2481751828125 0.4945652171875 0.2481751828125 0.4782608703125 0.244525546875 0.46739130468749995 0.2408759125 0.461956521875 0.21167883281250002 0.45652173906250004 0.2007299265625 0.4782608703125 0.20802919687500002 0.5163043484375 0.20802919687500002 0.5271739125 0.2189781015625 0.5271739125
3 0.616788321875 0.663043478125 0.62043795625 0.6684782609375 0.6240875906250001 0.6793478265624999 0.6277372265625 0.684782609375 0.635036496875 0.690217390625 0.6423357671875001 0.684782609375 0.6459854015625 0.6793478265624999 0.6532846718750001 0.663043478125 0.6532846718750001 0.6413043484375 0.6532846718750001 0.6195652171875 0.6532846718750001 0.6032608703125 0.6496350359374999 0.586956521875 0.6423357671875001 0.5815217390625 0.6313868609375 0.5815217390625 0.6240875906250001 0.5815217390625 0.6094890515625 0.586956521875 0.6094890515625 0.5978260875 0.6131386859375 0.6195652171875 0.6131386859375 0.6413043484375 0.616788321875 0.663043478125
3 0.6532846718750001 0.5978260875 0.6532846718750001 0.635869565625 0.6532846718750001 0.6521739125 0.6605839421875 0.6576086953125 0.671532846875 0.6576086953125 0.6788321171875 0.6576086953125 0.6861313874999999 0.6521739125 0.689781021875 0.6521739125 0.689781021875 0.6304347828125 0.6824817515625 0.614130434375 0.6788321171875 0.6032608703125 0.67518248125 0.5815217390625 0.67518248125 0.5706521734375001 0.6642335765625 0.565217390625 0.6496350359374999 0.565217390625 0.63868613125 0.5706521734375001 0.6277372265625 0.57608695625 0.6423357671875001 0.5815217390625 0.6496350359374999 0.586956521875 0.6532846718750001 0.5978260875
3 0.45985401406250004 0.48369565156250005 0.503649634375 0.4782608703125 0.5109489046875 0.46739130468749995 0.5109489046875 0.45108695625 0.5072992703125 0.4293478265625 0.5072992703125 0.41847826093749996 0.503649634375 0.4021739125 0.496350365625 0.3804347828125 0.4890510953125 0.3695652171875 0.48540145937499996 0.364130434375 0.4781021890625 0.364130434375 0.45985401406250004 0.364130434375 0.44160583906250006 0.385869565625 0.43795620468749996 0.3913043484375 0.43795620468749996 0.4293478265625 0.43795620468749996 0.4456521734375 0.45255474375000004 0.4782608703125 0.45985401406250004 0.48369565156250005
3 0.4927007296875 0.7282608703125 0.54744525625 0.7228260875 0.54744525625 0.711956521875 0.5510948906250001 0.70108695625 0.5510948906250001 0.690217390625 0.54744525625 0.6684782609375 0.5437956203125001 0.6521739125 0.53649635 0.635869565625 0.5328467156250001 0.6304347828125 0.518248175 0.625 0.5109489046875 0.625 0.5 0.625 0.4890510953125 0.6304347828125 0.4781021890625 0.6413043484375 0.47445255468749997 0.6521739125 0.481751825 0.70108695625 0.48540145937499996 0.7228260875 0.4927007296875 0.7282608703125
3 0.5218978109375 0.48369565156250005 0.5401459859375 0.48369565156250005 0.5729927 0.4728260875 0.58394160625 0.45652173906250004 0.587591240625 0.4293478265625 0.58394160625 0.3913043484375 0.58394160625 0.364130434375 0.5802919703125 0.3478260875 0.5766423359374999 0.336956521875 0.569343065625 0.3315217390625 0.5620437953125 0.32608695625 0.554744525 0.32065217343749997 0.5510948906250001 0.32065217343749997 0.5401459859375 0.32608695625 0.53649635 0.3315217390625 0.5218978109375 0.3423913046875 0.5109489046875 0.385869565625 0.5072992703125 0.41847826093749996 0.514598540625 0.46739130468749995 0.5218978109375 0.48369565156250005
3 0.569343065625 0.6956521734375001 0.58394160625 0.684782609375 0.58394160625 0.6576086953125 0.58394160625 0.6195652171875 0.5802919703125 0.5978260875 0.569343065625 0.5978260875 0.5583941609374999 0.6032608703125 0.5510948906250001 0.6086956515625 0.518248175 0.625 0.5328467156250001 0.6304347828125 0.5437956203125001 0.6467391296875 0.5510948906250001 0.690217390625 0.569343065625 0.6956521734375001
3 0.47445255468749997 0.7065217390625 0.4781021890625 0.690217390625 0.4781021890625 0.663043478125 0.47445255468749997 0.6521739125 0.467153284375 0.6413043484375 0.45985401406250004 0.635869565625 0.445255475 0.635869565625 0.44160583906250006 0.6413043484375 0.4270073 0.6413043484375 0.4233576640625 0.6413043484375 0.4197080296875 0.6521739125 0.412408759375 0.6684782609375 0.412408759375 0.684782609375 0.412408759375 0.711956521875 0.47080292031250004 0.7282608703125 0.47445255468749997 0.7228260875 0.47445255468749997 0.7065217390625
3 0.37956204375 0.489130434375 0.3905109484375 0.5054347828125 0.40510948906250005 0.5 0.4233576640625 0.5 0.43430656875 0.4782608703125 0.43795620468749996 0.45652173906250004 0.43795620468749996 0.440217390625 0.43430656875 0.434782609375 0.43065693437499997 0.42391304375 0.4233576640625 0.413043478125 0.41605839375000003 0.4021739125 0.40510948906250005 0.39673912968749997 0.39781021875 0.39673912968749997 0.3905109484375 0.4021739125 0.3868613140625 0.40760869531250005 0.3722627734375 0.42391304375 0.364963503125 0.440217390625 0.3686131390625 0.4728260875 0.3686131390625 0.4782608703125 0.37956204375 0.489130434375
3 0.310218978125 0.5163043484375 0.3211678828125 0.5217391296875 0.34306569374999996 0.5217391296875 0.3540145984375 0.5 0.35766423281250004 0.4782608703125 0.364963503125 0.46739130468749995 0.364963503125 0.45652173906250004 0.364963503125 0.440217390625 0.364963503125 0.434782609375 0.35766423281250004 0.434782609375 0.3357664234375 0.434782609375 0.3138686125 0.434782609375 0.3029197078125 0.434782609375 0.2956204375 0.440217390625 0.2956204375 0.4728260875 0.3029197078125 0.4945652171875 0.3029197078125 0.5054347828125 0.310218978125 0.5163043484375