3 0.5113636359375 0.465 0.51893939375 0.475 0.5340909093749999 0.485 0.5416666671875 0.485 0.5643939390625 0.485 0.5871212124999999 0.48 0.5946969703125 0.465 0.5946969703125 0.45499999999999996 0.5909090906250001 0.43 0.5871212124999999 0.41 0.5833333328125 0.385 0.5833333328125 0.365 0.5795454546875 0.35 0.571969696875 0.335 0.549242425 0.32999999999999996 0.5340909093749999 0.335 0.5227272734375 0.36 0.5151515156250001 0.385 0.5113636359375 0.40499999999999997 0.5113636359375 0.44000000000000006 0.5075757578125 0.45499999999999996 0.5113636359375 0.465
3 0.575757575 0.585 0.5871212124999999 0.585 0.5946969703125 0.585 0.5946969703125 0.58 0.60606060625 0.5599999999999999 0.6136363640625 0.54 0.6136363640625 0.51 0.6136363640625 0.49000000000000005 0.6136363640625 0.48 0.6136363640625 0.475 0.5909090906250001 0.475 0.5871212124999999 0.48 0.553030303125 0.485 0.5568181812499999 0.55 0.5606060609375 0.5599999999999999 0.571969696875 0.575 0.575757575 0.585
3 0.2272727265625 0.55 0.24242424218749997 0.55 0.24621212187500002 0.55 0.24621212187500002 0.5349999999999999 0.25 0.515 0.25 0.485 0.24242424218749997 0.49000000000000005 0.2272727265625 0.465 0.2234848484375 0.47000000000000003 0.20833333281250002 0.505 0.20833333281250002 0.525 0.2121212125 0.5349999999999999 0.2272727265625 0.55
3 0.6136363640625 0.55 0.621212121875 0.5650000000000001 0.6325757578125 0.58 0.64393939375 0.5900000000000001 0.6590909093749999 0.6 0.6704545453125 0.6 0.6704545453125 0.5650000000000001 0.6704545453125 0.55 0.6704545453125 0.53 0.6704545453125 0.515 0.6704545453125 0.5 0.6666666671875 0.485 0.6666666671875 0.475 0.6553030296875 0.465 0.6477272734375 0.45999999999999996 0.64393939375 0.465 0.64393939375 0.475 0.6363636359375 0.48 0.625 0.48 0.6136363640625 0.48 0.6136363640625 0.5 0.6136363640625 0.525 0.6136363640625 0.5349999999999999 0.6136363640625 0.55
3 0.6022727265625 0.47000000000000003 0.6098484843749999 0.475 0.621212121875 0.48 0.6363636359375 0.48 0.6401515156250001 0.475 0.64393939375 0.465 0.64393939375 0.45499999999999996 0.64393939375 0.43 0.64393939375 0.41 0.6401515156250001 0.4 0.6401515156250001 0.385 0.6363636359375 0.365 0.621212121875 0.355 0.6098484843749999 0.355 0.6022727265625 0.365 0.5984848484375 0.375 0.5946969703125 0.39 0.5871212124999999 0.40499999999999997 0.5946969703125 0.45499999999999996 0.5946969703125 0.45999999999999996 0.6022727265625 0.47000000000000003
3 0.73106060625 0.45499999999999996 0.7272727265625 0.47000000000000003 0.7348484843749999 0.475 0.746212121875 0.475 0.7575757578125 0.45999999999999996 0.7575757578125 0.44000000000000006 0.7575757578125 0.41500000000000004 0.753787878125 0.4 0.746212121875 0.39 0.746212121875 0.375 0.73106060625 0.4 0.73106060625 0.41500000000000004 0.7348484843749999 0.425 0.73106060625 0.445 0.73106060625 0.45499999999999996
3 0.39772727343750003 0.585 0.4053030296875 0.595 0.42045454531250004 0.605 0.43181818125 0.585 0.4393939390625 0.5599999999999999 0.44318181875 0.545 0.44318181875 0.52 0.44318181875 0.495 0.44318181875 0.485 0.44318181875 0.48 0.428030303125 0.475 0.424242425 0.465 0.41287878750000007 0.47000000000000003 0.39772727343750003 0.475 0.38257575781250003 0.48 0.38257575781250003 0.495 0.390151515625 0.55 0.390151515625 0.5650000000000001 0.39772727343750003 0.585
3 0.25757575781250003 0.5599999999999999 0.27272727343750003 0.5650000000000001 0.2765151515625 0.55 0.2803030296875 0.5349999999999999 0.28409090937500003 0.51 0.28409090937500003 0.48 0.2613636359375 0.48 0.25 0.485 0.25 0.525 0.25 0.5349999999999999 0.25 0.55 0.25757575781250003 0.5599999999999999
3 0.2613636359375 0.48 0.2878787875 0.48 0.299242425 0.45999999999999996 0.299242425 0.43499999999999994 0.29545454531250004 0.41500000000000004 0.2916666671875 0.4 0.28409090937500003 0.385 0.2803030296875 0.38 0.265151515625 0.385 0.2613636359375 0.40499999999999997 0.2613636359375 0.425 0.2613636359375 0.45999999999999996 0.2613636359375 0.48
3 0.36742424218749997 0.47000000000000003 0.375 0.475 0.39393939375000003 0.475 0.39772727343750003 0.475 0.41287878750000007 0.47000000000000003 0.4166666671875 0.45499999999999996 0.42045454531250004 0.41500000000000004 0.42045454531250004 0.395 0.4166666671875 0.37 0.4053030296875 0.355 0.390151515625 0.355 0.3863636359375 0.36 0.371212121875 0.37 0.3636363640625 0.40499999999999997 0.3636363640625 0.41500000000000004 0.3636363640625 0.445 0.3636363640625 0.465 0.36742424218749997 0.47000000000000003
3 0.24242424218749997 0.49000000000000005 0.2613636359375 0.475 0.2613636359375 0.445 0.2613636359375 0.42000000000000004 0.253787878125 0.40499999999999997 0.24242424218749997 0.4 0.234848484375 0.395 0.2234848484375 0.40499999999999997 0.2234848484375 0.425 0.2234848484375 0.45499999999999996 0.23106060624999997 0.47000000000000003 0.24242424218749997 0.49000000000000005
3 0.299242425 0.585 0.3143939390625 0.5700000000000001 0.321969696875 0.5549999999999999 0.325757575 0.545 0.32954545468749996 0.525 0.32954545468749996 0.51 0.32954545468749996 0.495 0.32954545468749996 0.49000000000000005 0.31818181874999996 0.485 0.303030303125 0.48 0.28409090937500003 0.485 0.2803030296875 0.545 0.28409090937500003 0.5599999999999999 0.2878787875 0.575 0.299242425 0.585
3 0.7121212124999999 0.52 0.7121212124999999 0.5349999999999999 0.7121212124999999 0.54 0.7121212124999999 0.55 0.7196969703125 0.5549999999999999 0.73106060625 0.5599999999999999 0.7348484843749999 0.55 0.7348484843749999 0.53 0.7386363640625 0.505 0.7386363640625 0.49000000000000005 0.7386363640625 0.48 0.7348484843749999 0.48 0.7272727265625 0.48 0.7045454546875 0.48 0.7045454546875 0.49000000000000005 0.7083333328125 0.5 0.7083333328125 0.51 0.7121212124999999 0.52
3 0.35606060624999997 0.595 0.36742424218749997 0.585 0.378787878125 0.5650000000000001 0.390151515625 0.55 0.38257575781250003 0.495 0.378787878125 0.485 0.359848484375 0.47000000000000003 0.3371212125 0.48 0.3333333328125 0.485 0.32954545468749996 0.51 0.325757575 0.5599999999999999 0.3333333328125 0.575 0.35606060624999997 0.595
3 0.696969696875 0.45499999999999996 0.700757575 0.475 0.7083333328125 0.48 0.7234848484375 0.48 0.7234848484375 0.475 0.73106060625 0.45499999999999996 0.73106060625 0.44000000000000006 0.7348484843749999 0.43 0.73106060625 0.41500000000000004 0.7272727265625 0.4 0.7234848484375 0.38 0.7234848484375 0.375 0.7196969703125 0.375 0.7159090906250001 0.38 0.7083333328125 0.385 0.700757575 0.4 0.700757575 0.41500000000000004 0.700757575 0.43 0.696969696875 0.44000000000000006 0.696969696875 0.45499999999999996
3 0.4583333328125 0.5650000000000001 0.4696969703125 0.575 0.4734848484375 0.575 0.48484848437499994 0.5650000000000001 0.4924242421875 0.55 0.496212121875 0.54 0.496212121875 0.515 0.496212121875 0.495 0.496212121875 0.48 0.48106060624999997 0.48 0.45454545468749996 0.485 0.446969696875 0.485 0.44318181875 0.52 0.44318181875 0.545 0.450757575 0.55 0.4583333328125 0.5650000000000001
3 0.42045454531250004 0.45499999999999996 0.42045454531250004 0.465 0.428030303125 0.475 0.446969696875 0.485 0.4734848484375 0.48 0.4924242421875 0.48 0.496212121875 0.48 0.503787878125 0.465 0.5113636359375 0.445 0.5113636359375 0.425 0.5075757578125 0.4 0.503787878125 0.385 0.496212121875 0.365 0.48863636406250005 0.35 0.48106060624999997 0.33999999999999997 0.4696969703125 0.33999999999999997 0.45454545468749996 0.33999999999999997 0.446969696875 0.34500000000000003 0.4356060609375 0.35 0.43181818125 0.355 0.424242425 0.365 0.42045454531250004 0.385 0.42045454531250004 0.395 0.42045454531250004 0.45499999999999996
3 0.5227272734375 0.5700000000000001 0.5303030296875 0.5700000000000001 0.5378787875000001 0.5700000000000001 0.5416666671875 0.5650000000000001 0.549242425 0.5599999999999999 0.553030303125 0.55 0.553030303125 0.5349999999999999 0.5568181812499999 0.52 0.553030303125 0.505 0.553030303125 0.485 0.5340909093749999 0.485 0.5151515156250001 0.475 0.5113636359375 0.465 0.5075757578125 0.45999999999999996 0.5 0.47000000000000003 0.496212121875 0.48 0.496212121875 0.54 0.503787878125 0.5549999999999999 0.5113636359375 0.5650000000000001 0.5227272734375 0.5700000000000001
3 0.6590909093749999 0.47000000000000003 0.674242425 0.475 0.6818181812499999 0.48 0.696969696875 0.48 0.696969696875 0.465 0.700757575 0.45 0.700757575 0.42000000000000004 0.700757575 0.4 0.700757575 0.38 0.696969696875 0.355 0.6893939390625 0.33999999999999997 0.6856060609375 0.32999999999999996 0.6704545453125 0.32999999999999996 0.6590909093749999 0.33999999999999997 0.6515151515625 0.365 0.6477272734375 0.38 0.64393939375 0.40499999999999997 0.64393939375 0.44000000000000006 0.64393939375 0.45 0.6477272734375 0.45999999999999996 0.6590909093749999 0.47000000000000003
3 0.674242425 0.5349999999999999 0.674242425 0.55 0.6818181812499999 0.575 0.6893939390625 0.575 0.6931818187500001 0.575 0.700757575 0.575 0.7045454546875 0.5650000000000001 0.7121212124999999 0.5349999999999999 0.7121212124999999 0.515 0.7083333328125 0.505 0.7045454546875 0.485 0.700757575 0.48 0.696969696875 0.48 0.6818181812499999 0.48 0.674242425 0.475 0.6666666671875 0.475 0.6704545453125 0.485 0.6704545453125 0.49000000000000005 0.6704545453125 0.495 0.674242425 0.5349999999999999
3 0.30681818125000004 0.48 0.32954545468749996 0.48 0.3371212125 0.48 0.35606060624999997 0.47000000000000003 0.359848484375 0.465 0.3636363640625 0.445 0.3636363640625 0.41 0.359848484375 0.39 0.35227272656249997 0.37 0.34090909062499997 0.33999999999999997 0.325757575 0.33999999999999997 0.3143939390625 0.35 0.30681818125000004 0.37 0.299242425 0.395 0.29545454531250004 0.43 0.299242425 0.45999999999999996 0.30681818125000004 0.48