3 0.795 0.675 0.8 0.705 0.805 0.725 0.8099999999999999 0.74 0.85 0.765 0.885 0.775 0.885 0.755 0.89 0.73 0.9099999999999999 0.6900000000000001 0.93 0.575 0.915 0.515 0.8949999999999999 0.5 0.89 0.5 0.8800000000000001 0.51 0.86 0.53 0.835 0.55 0.8 0.58 0.795 0.65 0.795 0.6599999999999999 0.795 0.675
3 0.9099999999999999 0.495 0.915 0.51 0.9199999999999999 0.5349999999999999 0.93 0.5650000000000001 0.945 0.595 0.985 0.615 0.9949999999999999 0.58 0.9949999999999999 0.475 0.9949999999999999 0.445 0.975 0.36 0.96 0.36 0.9550000000000001 0.37 0.945 0.39 0.925 0.40499999999999997 0.905 0.42000000000000004 0.8949999999999999 0.43499999999999994 0.905 0.48 0.9099999999999999 0.495
3 0.675 0.745 0.6950000000000001 0.76 0.745 0.765 0.76 0.71 0.77 0.6799999999999999 0.78 0.655 0.795 0.625 0.795 0.595 0.795 0.5650000000000001 0.79 0.545 0.76 0.5349999999999999 0.73 0.53 0.71 0.5599999999999999 0.645 0.585 0.64 0.6599999999999999 0.65 0.705 0.665 0.73 0.675 0.745
3 0.33999999999999997 0.72 0.35 0.74 0.37 0.765 0.425 0.775 0.44000000000000006 0.765 0.45999999999999996 0.74 0.465 0.6900000000000001 0.475 0.655 0.47000000000000003 0.5700000000000001 0.47000000000000003 0.58 0.385 0.5900000000000001 0.32999999999999996 0.5900000000000001 0.32999999999999996 0.625 0.32999999999999996 0.655 0.32999999999999996 0.6849999999999999 0.33999999999999997 0.72
3 0.135 0.74 0.16499999999999998 0.705 0.185 0.675 0.19 0.665 0.16999999999999998 0.595 0.16999999999999998 0.585 0.145 0.5599999999999999 0.13 0.55 0.11499999999999999 0.525 0.08499999999999999 0.485 0.075 0.505 0.065 0.515 0.05500000000000001 0.55 0.03 0.6 0.045 0.6900000000000001 0.09 0.7849999999999999 0.11499999999999999 0.775 0.135 0.74
3 0.265 0.515 0.27 0.5549999999999999 0.305 0.585 0.36 0.5900000000000001 0.42000000000000004 0.585 0.47000000000000003 0.575 0.475 0.55 0.485 0.485 0.48 0.43499999999999994 0.475 0.4 0.45499999999999996 0.35 0.44000000000000006 0.32999999999999996 0.425 0.32 0.4 0.31 0.39 0.305 0.38 0.305 0.365 0.305 0.35 0.305 0.32 0.315 0.31 0.335 0.27999999999999997 0.39 0.27 0.45499999999999996 0.265 0.515
3 0.49000000000000005 0.6 0.49000000000000005 0.62 0.495 0.645 0.495 0.675 0.505 0.7 0.515 0.73 0.5349999999999999 0.765 0.5700000000000001 0.7849999999999999 0.5900000000000001 0.775 0.6 0.765 0.605 0.74 0.61 0.71 0.615 0.6849999999999999 0.62 0.665 0.625 0.645 0.63 0.625 0.63 0.595 0.63 0.585 0.585 0.5900000000000001 0.545 0.58 0.53 0.5650000000000001 0.515 0.545 0.5 0.545 0.495 0.5599999999999999 0.49000000000000005 0.58 0.49000000000000005 0.6
3 0.18 0.64 0.185 0.65 0.195 0.6849999999999999 0.2 0.705 0.21000000000000002 0.75 0.225 0.765 0.24500000000000002 0.77 0.26 0.775 0.275 0.765 0.28500000000000003 0.76 0.31 0.725 0.325 0.6849999999999999 0.325 0.675 0.325 0.5900000000000001 0.305 0.58 0.27 0.5549999999999999 0.27 0.545 0.24500000000000002 0.53 0.22999999999999998 0.53 0.19 0.55 0.18 0.5650000000000001 0.16999999999999998 0.585 0.16999999999999998 0.61 0.18 0.64
3 0.7849999999999999 0.53 0.805 0.54 0.8099999999999999 0.54 0.8400000000000001 0.5349999999999999 0.845 0.5349999999999999 0.8699999999999999 0.515 0.89 0.49000000000000005 0.905 0.48 0.8949999999999999 0.44000000000000006 0.8949999999999999 0.42000000000000004 0.885 0.39 0.86 0.35 0.8400000000000001 0.325 0.8400000000000001 0.315 0.8099999999999999 0.315 0.805 0.32 0.78 0.335 0.77 0.33999999999999997 0.745 0.38 0.755 0.44000000000000006 0.76 0.465 0.77 0.515 0.7849999999999999 0.53
3 0.515 0.445 0.51 0.465 0.51 0.5 0.515 0.53 0.53 0.5650000000000001 0.545 0.58 0.5549999999999999 0.585 0.58 0.5900000000000001 0.6 0.5900000000000001 0.625 0.585 0.64 0.58 0.6599999999999999 0.58 0.6849999999999999 0.5700000000000001 0.71 0.5599999999999999 0.73 0.5349999999999999 0.735 0.515 0.735 0.48 0.735 0.45999999999999996 0.725 0.43 0.7150000000000001 0.40499999999999997 0.705 0.37 0.6849999999999999 0.335 0.665 0.305 0.645 0.29 0.64 0.28500000000000003 0.61 0.29 0.575 0.305 0.55 0.35 0.545 0.365 0.53 0.385 0.52 0.43 0.515 0.445
3 0.095 0.495 0.12 0.52 0.135 0.53 0.145 0.5349999999999999 0.16999999999999998 0.545 0.185 0.55 0.205 0.545 0.22000000000000003 0.53 0.22999999999999998 0.525 0.24500000000000002 0.5 0.25 0.485 0.25 0.45 0.25 0.42000000000000004 0.23500000000000001 0.375 0.2 0.35 0.145 0.315 0.13 0.315 0.12 0.355 0.10500000000000001 0.4 0.09 0.425 0.09 0.45499999999999996 0.08499999999999999 0.48 0.095 0.495