3 0.488 0.1294117640625 0.496 0.1647058828125 0.508 0.194117646875 0.536 0.21176470625000002 0.568 0.20588235312499997 0.588 0.18235294062500002 0.612 0.1529411765625 0.624 0.11176470624999998 0.62 0.08823529375 0.616 0.0705882359375 0.604 0.052941176562500004 0.588 0.041176470312500005 0.584 0.0352941171875 0.572 0.0352941171875 0.544 0.0294117640625 0.524 0.0294117640625 0.516 0.0294117640625 0.512 0.0294117640625 0.504 0.0294117640625 0.496 0.0352941171875 0.488 0.0470588234375 0.484 0.0470588234375 0.484 0.0647058828125 0.488 0.0705882359375 0.488 0.08823529375 0.488 0.10588235312500001 0.488 0.1294117640625
3 0.188 0.7470588234375 0.2 0.7352941171875 0.21600000000000003 0.7235294125 0.22400000000000003 0.705882353125 0.22400000000000003 0.68823529375 0.22400000000000003 0.6647058828125 0.22400000000000003 0.6352941171875 0.21200000000000002 0.6235294125 0.20800000000000002 0.6176470593750001 0.20400000000000001 0.6058823531249999 0.2 0.594117646875 0.176 0.5764705875 0.16 0.5705882359375 0.13999999999999999 0.5705882359375 0.128 0.582352940625 0.12 0.594117646875 0.10400000000000001 0.6235294125 0.096 0.6588235296875 0.1 0.7 0.10400000000000001 0.7294117640625 0.132 0.7470588234375 0.16 0.7529411765625 0.188 0.7470588234375
3 0.372 0.2 0.376 0.21176470625000002 0.384 0.217647059375 0.396 0.22941176406250002 0.42000000000000004 0.23529411718749998 0.45999999999999996 0.22352941249999997 0.476 0.20588235312499997 0.48 0.194117646875 0.48 0.1647058828125 0.484 0.1352941171875 0.484 0.11176470624999998 0.484 0.08235294062500001 0.484 0.0705882359375 0.472 0.052941176562500004 0.45599999999999996 0.0470588234375 0.44000000000000006 0.0470588234375 0.41200000000000003 0.0470588234375 0.396 0.0470588234375 0.376 0.0588235296875 0.36 0.0705882359375 0.348 0.094117646875 0.344 0.117647059375 0.352 0.1470588234375 0.364 0.18235294062500002 0.368 0.18823529375 0.372 0.2
3 0.8640000000000001 0.7 0.8320000000000001 0.705882353125 0.8160000000000001 0.7235294125 0.808 0.7529411765625 0.8039999999999999 0.81176470625 0.8119999999999999 0.8588235296875 0.82 0.894117646875 0.86 0.9235294125 0.892 0.91176470625 0.9039999999999999 0.894117646875 0.932 0.8823529406249999 0.944 0.8705882359375 0.952 0.8470588234375 0.9560000000000001 0.817647059375 0.9560000000000001 0.7823529406249999 0.9560000000000001 0.7705882359375 0.9480000000000001 0.7352941171875 0.9480000000000001 0.7176470593750001 0.9400000000000001 0.694117646875 0.9359999999999999 0.682352940625 0.924 0.6764705875 0.916 0.6705882359374999 0.9039999999999999 0.6647058828125 0.8960000000000001 0.6705882359374999 0.884 0.6764705875 0.8720000000000001 0.694117646875 0.8640000000000001 0.7
3 0.772 0.9941176468749999 0.788 0.9941176468749999 0.792 0.982352940625 0.808 0.9705882359375 0.8240000000000001 0.9647058828124999 0.8320000000000001 0.9588235296875001 0.836 0.9529411765625 0.82 0.9411764703125 0.8160000000000001 0.9352941171875001 0.808 0.9352941171875001 0.8 0.9352941171875001 0.772 0.9411764703125 0.776 0.9470588234375 0.776 0.9705882359375 0.772 0.9941176468749999
3 0.624 0.1235294125 0.62 0.1411764703125 0.612 0.1705882359375 0.612 0.18823529375 0.616 0.22352941249999997 0.632 0.23529411718749998 0.6599999999999999 0.2529411765625 0.6799999999999999 0.2529411765625 0.7 0.24117647031249997 0.728 0.2 0.732 0.18823529375 0.736 0.1764705875 0.732 0.1588235296875 0.72 0.1470588234375 0.708 0.1352941171875 0.696 0.1235294125 0.6759999999999999 0.1 0.6639999999999999 0.08823529375 0.648 0.094117646875 0.636 0.1 0.632 0.11176470624999998 0.624 0.1235294125
3 0.756 0.3764705875 0.748 0.3764705875 0.744 0.382352940625 0.74 0.394117646875 0.736 0.41176470624999995 0.736 0.42352941250000004 0.74 0.42941176406250003 0.74 0.44117647031249996 0.744 0.45294117656250005 0.744 0.4705882359375 0.752 0.48823529375 0.776 0.505882353125 0.8039999999999999 0.505882353125 0.8320000000000001 0.5 0.8720000000000001 0.49411764687500004 0.884 0.4764705875 0.892 0.41176470624999995 0.8880000000000001 0.382352940625 0.876 0.3647058828125 0.852 0.3411764703125 0.8400000000000001 0.3294117640625 0.8320000000000001 0.3294117640625 0.8119999999999999 0.3294117640625 0.792 0.3294117640625 0.78 0.3352941171875 0.772 0.3470588234375 0.768 0.35882352968750003 0.768 0.3705882359375 0.756 0.3764705875
3 0.23199999999999998 0.38823529375 0.248 0.3705882359375 0.256 0.3529411765625 0.256 0.317647059375 0.256 0.294117646875 0.252 0.27647058750000003 0.24 0.2588235296875 0.22000000000000003 0.24705882343750002 0.21200000000000002 0.24705882343750002 0.196 0.2588235296875 0.176 0.282352940625 0.16799999999999998 0.305882353125 0.16399999999999998 0.3294117640625 0.16 0.3647058828125 0.16399999999999998 0.41176470624999995 0.20800000000000002 0.417647059375 0.21600000000000003 0.405882353125 0.23199999999999998 0.38823529375
3 0.716 0.3529411765625 0.736 0.3647058828125 0.748 0.3705882359375 0.756 0.3705882359375 0.764 0.3647058828125 0.776 0.3411764703125 0.78 0.317647059375 0.784 0.28823529375 0.784 0.2705882359375 0.78 0.24705882343750002 0.772 0.23529411718749998 0.756 0.22352941249999997 0.752 0.217647059375 0.74 0.217647059375 0.72 0.217647059375 0.708 0.22941176406250002 0.708 0.24117647031249997 0.7 0.27647058750000003 0.7 0.31176470625 0.708 0.3352941171875 0.716 0.3529411765625
3 0.776 0.5705882359375 0.768 0.6 0.768 0.6294117640625 0.772 0.6529411765625001 0.788 0.6705882359374999 0.796 0.682352940625 0.8119999999999999 0.68823529375 0.8160000000000001 0.694117646875 0.868 0.68823529375 0.892 0.6705882359374999 0.9039999999999999 0.6647058828125 0.9119999999999999 0.6411764703125 0.9119999999999999 0.6 0.9 0.5411764703124999 0.8960000000000001 0.5235294125000001 0.884 0.505882353125 0.8800000000000001 0.5 0.8720000000000001 0.5 0.868 0.5 0.82 0.5117647062499999 0.808 0.517647059375 0.796 0.5294117640625 0.784 0.5470588234375 0.776 0.5705882359375
3 0.172 0.5705882359375 0.2 0.594117646875 0.21200000000000002 0.594117646875 0.22000000000000003 0.594117646875 0.22799999999999998 0.58823529375 0.24 0.582352940625 0.248 0.5705882359375 0.256 0.5529411765625001 0.256 0.5294117640625 0.256 0.505882353125 0.252 0.4764705875 0.244 0.4647058828125 0.24 0.4588235296875 0.22400000000000003 0.44117647031249996 0.22400000000000003 0.4352941171875 0.20400000000000001 0.42941176406250003 0.196 0.42941176406250003 0.188 0.4352941171875 0.172 0.42941176406250003 0.16 0.42941176406250003 0.156 0.42941176406250003 0.144 0.4470588234375 0.132 0.4764705875 0.124 0.5 0.124 0.5294117640625 0.124 0.5470588234375 0.132 0.5764705875 0.13999999999999999 0.5705882359375 0.16399999999999998 0.5705882359375 0.172 0.5705882359375
3 0.296 0.305882353125 0.32 0.3 0.344 0.28823529375 0.356 0.2588235296875 0.36 0.22941176406250002 0.364 0.2 0.36 0.1764705875 0.356 0.1647058828125 0.344 0.1470588234375 0.33999999999999997 0.1411764703125 0.32 0.1235294125 0.316 0.117647059375 0.3 0.1294117640625 0.27599999999999997 0.1470588234375 0.268 0.1647058828125 0.256 0.18823529375 0.244 0.21176470625000002 0.24 0.23529411718749998 0.24 0.2588235296875 0.26 0.28823529375 0.27999999999999997 0.3 0.296 0.305882353125
3 0.11200000000000002 0.9352941171875001 0.124 0.917647059375 0.132 0.917647059375 0.148 0.9235294125 0.16399999999999998 0.9294117640625 0.16799999999999998 0.9294117640625 0.184 0.917647059375 0.192 0.9058823531250001 0.20400000000000001 0.8823529406249999 0.21200000000000002 0.8352941171875001 0.21200000000000002 0.8 0.196 0.7764705875 0.192 0.7647058828125 0.18 0.7588235296875 0.16799999999999998 0.7529411765625 0.156 0.7529411765625 0.144 0.7470588234375 0.136 0.7470588234375 0.11599999999999999 0.7529411765625 0.1 0.7588235296875 0.08399999999999999 0.7647058828125 0.076 0.7705882359375 0.064 0.8 0.06 0.8470588234375 0.064 0.8764705875000001 0.10400000000000001 0.9294117640625 0.11200000000000002 0.9352941171875001