3 0.7111111109375 0.65 0.7142857140625 0.625 0.7047619046875 0.60625 0.6984126984375 0.59375 0.6920634921875 0.58125 0.6857142859375001 0.56875 0.6761904765625 0.58125 0.6666666671875 0.5875 0.6571428578125 0.60625 0.64444444375 0.64375 0.6571428578125 0.65 0.6984126984375 0.65 0.7111111109375 0.65
3 0.28571428593750003 0.45625 0.3015873015625 0.4625 0.32063492031249996 0.46875 0.33015872968750004 0.4625 0.3396825390625 0.4375 0.3365079359375 0.375 0.3174603171875 0.33125 0.3015873015625 0.3 0.2920634921875 0.3 0.2825396828125 0.3125 0.2730158734375 0.35 0.2793650796875 0.3875 0.2793650796875 0.40625 0.2825396828125 0.44375 0.28571428593750003 0.45625
3 0.2666666671875 0.525 0.2730158734375 0.51875 0.2825396828125 0.4875 0.2825396828125 0.475 0.2825396828125 0.45625 0.2793650796875 0.41875 0.2793650796875 0.38125 0.2761904765625 0.34375 0.26031746093749997 0.34375 0.24444444375000002 0.35 0.23174603125 0.3875 0.241269840625 0.43125 0.2507936515625 0.4625 0.26031746093749997 0.49375 0.2666666671875 0.525
3 0.415873015625 0.58125 0.415873015625 0.575 0.409523809375 0.56875 0.403174603125 0.56875 0.390476190625 0.56875 0.377777778125 0.575 0.371428571875 0.575 0.365079365625 0.58125 0.35555555625 0.5875 0.3492063484375 0.61875 0.3460317453125 0.6625 0.4126984125 0.65625 0.415873015625 0.59375 0.415873015625 0.58125
3 0.4571428578125 0.45625 0.46666666718750005 0.48125 0.4761904765625 0.48125 0.4857142859375 0.48125 0.4888888890625 0.48125 0.5047619046875 0.475 0.5206349203125 0.475 0.5333333328125 0.475 0.5460317453125 0.46875 0.552380953125 0.4625 0.558730159375 0.44375 0.56825396875 0.41875 0.5714285718750001 0.36875 0.56825396875 0.3375 0.5619047625 0.31875 0.552380953125 0.29375 0.5238095234375 0.28125 0.5206349203125 0.28125 0.4984126984375 0.28125 0.48253968281250004 0.3 0.46666666718750005 0.325 0.46031746093750003 0.35625 0.4571428578125 0.375 0.4571428578125 0.40625 0.4571428578125 0.425 0.4571428578125 0.45625
3 0.7047619046875 0.48125 0.7301587296875 0.50625 0.7365079359375 0.5125 0.7460317453124999 0.5 0.7619047625 0.4625 0.765079365625 0.4375 0.758730159375 0.40625 0.6793650796875 0.35625 0.6793650796875 0.375 0.6825396828125 0.39375 0.7047619046875 0.4625 0.7047619046875 0.48125
3 0.4761904765625 0.58125 0.46031746093750003 0.575 0.42222222187499997 0.575 0.415873015625 0.6 0.4126984125 0.65625 0.48253968281250004 0.65 0.47936507968750003 0.6 0.4761904765625 0.58125
3 0.352380953125 0.48125 0.38095238125 0.48125 0.4 0.475 0.428571428125 0.475 0.44126984062499996 0.45625 0.447619046875 0.41875 0.44444444375 0.3625 0.43809523749999996 0.325 0.43174603125 0.3 0.41904761874999996 0.2875 0.403174603125 0.28125 0.3873015875 0.28125 0.36825396875 0.275 0.35555555625 0.28125 0.3396825390625 0.29375 0.3333333328125 0.30625 0.3365079359375 0.36875 0.3396825390625 0.43125 0.3428571421875 0.4625 0.352380953125 0.48125
3 0.5460317453125 0.58125 0.5396825390625 0.56875 0.4952380953125 0.575 0.4888888890625 0.575 0.4888888890625 0.58125 0.4857142859375 0.60625 0.48253968281250004 0.65 0.5555555562500001 0.65 0.552380953125 0.59375 0.5460317453125 0.58125
3 0.574603175 0.4 0.574603175 0.43125 0.584126984375 0.45 0.59365079375 0.45625 0.61904761875 0.46875 0.6412698406249999 0.46875 0.6476190468749999 0.45625 0.6539682546875001 0.4375 0.6603174609375 0.41875 0.6666666671875 0.3875 0.6634920640625 0.3625 0.6603174609375 0.3375 0.6603174609375 0.33125 0.615873015625 0.30625 0.596825396875 0.33125 0.590476190625 0.35 0.577777778125 0.375 0.574603175 0.4
3 0.3460317453125 0.6625 0.3460317453125 0.65625 0.3460317453125 0.6375 0.3460317453125 0.61875 0.3428571421875 0.6 0.3396825390625 0.5875 0.33015872968750004 0.575 0.32698412656250003 0.575 0.32063492031249996 0.575 0.3174603171875 0.58125 0.3015873015625 0.61875 0.3015873015625 0.625 0.2952380953125 0.65 0.3015873015625 0.6625 0.3142857140625 0.66875 0.3460317453125 0.6625
3 0.63174603125 0.625 0.63174603125 0.61875 0.628571428125 0.6 0.6253968249999999 0.59375 0.61904761875 0.5875 0.6126984125 0.58125 0.59365079375 0.575 0.56825396875 0.56875 0.558730159375 0.58125 0.552380953125 0.59375 0.5555555562500001 0.65625 0.634920634375 0.65 0.634920634375 0.64375 0.63174603125 0.625