3 0.053677932812499995 0.74 0.0516898609375 0.78 0.059642146875 0.8 0.0914512921875 0.77 0.0954274359375 0.665 0.09741550624999999 0.6 0.10139165000000001 0.5549999999999999 0.0656063625 0.5650000000000001 0.059642146875 0.625 0.055666004687500006 0.6799999999999999 0.053677932812499995 0.7 0.053677932812499995 0.74
3 0.5626242546875 0.805 0.566600396875 0.8099999999999999 0.5785288265624999 0.825 0.5944334 0.8400000000000001 0.6143141156249999 0.845 0.63419483125 0.85 0.64811133125 0.8400000000000001 0.6640159046874999 0.82 0.6819085484375 0.77 0.6838966203125 0.745 0.6739562625 0.725 0.6660039765625 0.7150000000000001 0.65606361875 0.705 0.6401590453125 0.705 0.592445328125 0.6799999999999999 0.550695825 0.72 0.548707753125 0.755 0.548707753125 0.7849999999999999 0.550695825 0.805 0.5626242546875 0.805
3 0.2186878734375 0.6 0.22067594375000002 0.62 0.22067594375000002 0.645 0.22067594375000002 0.6599999999999999 0.222664015625 0.6799999999999999 0.2246520875 0.705 0.2246520875 0.725 0.2246520875 0.76 0.22862823125 0.795 0.23260437343749998 0.8550000000000001 0.24254473124999998 0.875 0.2783300203125 0.865 0.30815109375 0.745 0.31212723593749997 0.595 0.30417495 0.5599999999999999 0.2942345921875 0.55 0.28230616249999996 0.55 0.23260437343749998 0.55 0.2246520875 0.5650000000000001 0.22067594375000002 0.5700000000000001 0.2186878734375 0.585 0.2186878734375 0.6
3 0.8429423453125 0.43 0.8508946328125001 0.44000000000000006 0.85884691875 0.445 0.8667992046874999 0.45499999999999996 0.8827037765625001 0.465 0.8846918484374999 0.465 0.8966202781250001 0.47000000000000003 0.9045725640625 0.45999999999999996 0.9244532796874999 0.445 0.9343936375 0.43499999999999994 0.942345925 0.43499999999999994 0.9443339953125 0.43499999999999994 0.9483101390625001 0.445 0.9622266406250001 0.445 0.9681908546875 0.43 0.9741550703125 0.39 0.980119284375 0.35 0.98210735625 0.29500000000000004 0.9781312124999999 0.255 0.956262425 0.24500000000000002 0.9483101390625001 0.23500000000000001 0.9324055671875 0.255 0.8508946328125001 0.355 0.8429423453125 0.42000000000000004 0.840954275 0.425 0.8429423453125 0.425 0.8429423453125 0.43
3 0.8827037765625001 0.645 0.89860835 0.65 0.9204771375 0.64 0.9383697812499999 0.61 0.96023856875 0.58 0.9701789265625 0.55 0.98210735625 0.51 0.980119284375 0.48 0.9741550703125 0.45999999999999996 0.9681908546875 0.44000000000000006 0.9662027828124999 0.44000000000000006 0.9662027828124999 0.445 0.9502982109375001 0.445 0.942345925 0.43 0.9343936375 0.43 0.9204771375 0.45 0.90258449375 0.465 0.8846918484374999 0.465 0.87276341875 0.45999999999999996 0.856858846875 0.47000000000000003 0.8449304171875 0.48 0.8310139171875001 0.485 0.8270377734375 0.505 0.817097415625 0.515 0.7892644140625 0.53 0.777335984375 0.5349999999999999 0.7833001984375 0.5650000000000001 0.79324055625 0.5900000000000001 0.8051689859375 0.605 0.840954275 0.64 0.8827037765625001 0.645
3 0.650099403125 0.45499999999999996 0.6679920484374999 0.465 0.7077534796875 0.47000000000000003 0.715705765625 0.445 0.7236580515625 0.425 0.7256461234375 0.40499999999999997 0.7196819078125001 0.37 0.715705765625 0.3 0.6998011921875 0.29 0.6799204765625 0.29500000000000004 0.6679920484374999 0.31 0.6640159046874999 0.335 0.6600397609375 0.34500000000000003 0.6540755468749999 0.355 0.6461232609375 0.37 0.6401590453125 0.37 0.63419483125 0.38 0.6182902578125 0.395 0.6182902578125 0.43 0.636182903125 0.43 0.6421471171875 0.44000000000000006 0.650099403125 0.45499999999999996
3 0.3200795234375 0.51 0.345924453125 0.48 0.367793240625 0.41 0.36580516875 0.355 0.349900596875 0.265 0.345924453125 0.25 0.3339960234375 0.24 0.31411530781249997 0.215 0.2584493046875 0.22999999999999998 0.2246520875 0.29500000000000004 0.2186878734375 0.335 0.21272365781250002 0.51 0.2186878734375 0.54 0.23260437343749998 0.55 0.2783300203125 0.55 0.3200795234375 0.51
3 0.1491053671875 0.6950000000000001 0.1550695828125 0.73 0.1530815109375 0.745 0.1530815109375 0.755 0.1530815109375 0.77 0.147117296875 0.78 0.145129225 0.78 0.145129225 0.805 0.1510934390625 0.8400000000000001 0.159045725 0.865 0.16500994062500002 0.89 0.1729622265625 0.8949999999999999 0.17693837031249998 0.89 0.19085487031249998 0.845 0.21073558593750003 0.795 0.2166998015625 0.78 0.222664015625 0.765 0.2246520875 0.725 0.22067594375000002 0.6799999999999999 0.22067594375000002 0.635 0.22067594375000002 0.585 0.2166998015625 0.5700000000000001 0.21073558593750003 0.5599999999999999 0.204771371875 0.55 0.1988071578125 0.545 0.1928429421875 0.545 0.17892644062500002 0.545 0.159045725 0.55 0.1550695828125 0.5549999999999999 0.1491053671875 0.585 0.145129225 0.64 0.147117296875 0.6799999999999999 0.1491053671875 0.6950000000000001
3 0.09741550624999999 0.465 0.099403578125 0.35 0.08349900625 0.3 0.0695825046875 0.385 0.06361829062499999 0.45499999999999996 0.06759443281250001 0.5650000000000001 0.099403578125 0.5549999999999999 0.10139165000000001 0.54 0.09741550624999999 0.465
3 0.44532803125 0.665 0.44532803125 0.6950000000000001 0.4433399609375 0.725 0.4413518890625 0.745 0.4433399609375 0.775 0.449304175 0.805 0.4592445328125 0.825 0.473161034375 0.835 0.4950298203125 0.8400000000000001 0.508946321875 0.8400000000000001 0.51093439375 0.8400000000000001 0.5228628234375 0.8300000000000001 0.53280318125 0.82 0.54671968125 0.805 0.54671968125 0.79 0.548707753125 0.77 0.550695825 0.72 0.550695825 0.6950000000000001 0.550695825 0.6799999999999999 0.548707753125 0.655 0.5407554671875 0.63 0.5228628234375 0.5650000000000001 0.5149105375 0.545 0.50695825 0.545 0.491053678125 0.54 0.4791252484375 0.55 0.46520874687499997 0.575 0.45328031874999997 0.61 0.449304175 0.65 0.44532803125 0.665
3 0.385685884375 0.5549999999999999 0.3996023859375 0.5650000000000001 0.4015904578125 0.575 0.41153081562500005 0.575 0.42544731562500004 0.58 0.43936381718749995 0.58 0.4572564609375 0.5599999999999999 0.46719681875 0.545 0.47514910468749993 0.53 0.48111332031250004 0.515 0.49304175 0.475 0.5009940359375 0.43499999999999994 0.5009940359375 0.41 0.48906560624999995 0.36 0.4831013921875 0.32999999999999996 0.46719681875 0.28500000000000003 0.44731610312500003 0.27 0.43936381718749995 0.27 0.42544731562500004 0.27 0.41948310156249996 0.275 0.41351888593749997 0.28500000000000003 0.403578528125 0.3 0.3956262421875 0.315 0.3836978125 0.35 0.37176938437499996 0.39 0.3697813125 0.48 0.3737574546875 0.52 0.3777335984375 0.54 0.385685884375 0.5549999999999999
3 0.31212723593749997 0.65 0.310139165625 0.755 0.33001988125000004 0.8150000000000001 0.3339960234375 0.835 0.3399602390625 0.8550000000000001 0.3538767390625 0.8949999999999999 0.3697813125 0.89 0.3777335984375 0.85 0.3936381703125 0.82 0.407554671875 0.795 0.41153081562500005 0.76 0.4174950296875 0.74 0.41948310156249996 0.7 0.41948310156249996 0.665 0.4155069578125 0.62 0.407554671875 0.575 0.4015904578125 0.575 0.389662028125 0.5549999999999999 0.37972167031250004 0.545 0.3737574546875 0.5349999999999999 0.3598409546875 0.515 0.3399602390625 0.525 0.3260437375 0.5349999999999999 0.31411530781249997 0.5549999999999999 0.31212723593749997 0.58 0.31212723593749997 0.61 0.31212723593749997 0.63 0.31212723593749997 0.65
3 0.159045725 0.55 0.1928429421875 0.54 0.2147117296875 0.51 0.2186878734375 0.375 0.21073558593750003 0.31 0.1928429421875 0.255 0.1669980125 0.185 0.159045725 0.185 0.147117296875 0.185 0.12922465156250001 0.2 0.125248509375 0.22000000000000003 0.11729622343749999 0.25 0.10139165000000001 0.355 0.099403578125 0.43499999999999994 0.09741550624999999 0.465 0.103379721875 0.545 0.159045725 0.55
3 0.5427435390625 0.5700000000000001 0.56858846875 0.5700000000000001 0.5844930421875 0.5650000000000001 0.592445328125 0.54 0.6043737578124999 0.51 0.61232604375 0.475 0.6182902578125 0.43 0.6182902578125 0.395 0.6023856859375 0.35 0.596421471875 0.32999999999999996 0.5864811140625 0.32 0.5785288265624999 0.315 0.5725646125 0.315 0.5586481109375 0.32 0.5447316109375 0.325 0.5347912531250001 0.34500000000000003 0.5188866796875 0.36 0.5029821078125 0.41500000000000004 0.4990059640625 0.45 0.51093439375 0.51 0.530815109375 0.5599999999999999 0.5427435390625 0.5700000000000001
3 0.715705765625 0.76 0.733598409375 0.77 0.7534791249999999 0.78 0.7753479125 0.78 0.799204771875 0.77 0.8190854875 0.75 0.840954275 0.71 0.8389662031249999 0.6849999999999999 0.8389662031249999 0.64 0.8071570578125 0.6 0.79324055625 0.5900000000000001 0.7693836984375 0.605 0.7634194828124999 0.625 0.737574553125 0.63 0.7236580515625 0.64 0.7137176937499999 0.65 0.6878727640625 0.6599999999999999 0.67793240625 0.665 0.671968190625 0.665 0.6600397609375 0.705 0.671968190625 0.72 0.6799204765625 0.745 0.69184890625 0.76 0.715705765625 0.76
3 0.1093439359375 0.8550000000000001 0.11729622343749999 0.845 0.12723658124999998 0.8099999999999999 0.145129225 0.78 0.1530815109375 0.76 0.1530815109375 0.725 0.147117296875 0.675 0.147117296875 0.63 0.1530815109375 0.5700000000000001 0.147117296875 0.5549999999999999 0.143141153125 0.55 0.14115308124999998 0.545 0.10139165000000001 0.545 0.0934393640625 0.765 0.09741550624999999 0.805 0.099403578125 0.835 0.1093439359375 0.8550000000000001
3 0.7693836984375 0.515 0.7872763421875 0.515 0.8091451296875001 0.51 0.8250497015624999 0.505 0.8290258453125 0.495 0.834990059375 0.48 0.8389662031249999 0.43 0.8469184890625 0.39 0.8489065609375 0.34500000000000003 0.8449304171875 0.335 0.8389662031249999 0.325 0.8330019875 0.325 0.7892644140625 0.36 0.77932405625 0.375 0.7693836984375 0.395 0.7455268390625001 0.40499999999999997 0.739562625 0.40499999999999997 0.7276341953125 0.40499999999999997 0.7276341953125 0.41500000000000004 0.7057654078125 0.47000000000000003 0.70974155 0.49000000000000005 0.7236580515625 0.5 0.7415506953125 0.51 0.7693836984375 0.515