3 0.3717472125 0.5106382984375 0.37918215625 0.5106382984375 0.3866171 0.5106382984375 0.390334571875 0.5 0.3940520453125 0.4893617015625 0.3940520453125 0.47872340468749996 0.39776951718750003 0.4734042546875 0.39776951718750003 0.46808510625000005 0.39776951718750003 0.452127659375 0.39776951718750003 0.4468085109375 0.390334571875 0.4361702125 0.3866171 0.425531915625 0.382899628125 0.420212765625 0.37546468437499997 0.41489361718750006 0.3717472125 0.41489361718750006 0.36802973906249997 0.420212765625 0.3605947953125 0.425531915625 0.3568773234375 0.4893617015625 0.3568773234375 0.5053191484374999 0.3605947953125 0.5106382984375 0.3717472125 0.5106382984375
3 0.4163568765625 0.5212765953125 0.43122676562500006 0.5265957453125 0.4423791828125 0.5265957453125 0.44609665468750004 0.515957446875 0.4423791828125 0.4946808515625 0.4423791828125 0.4414893609375 0.4349442375 0.4361702125 0.43122676562500006 0.4308510640625 0.423791821875 0.425531915625 0.4163568765625 0.4308510640625 0.4089219328125 0.4308510640625 0.40520446093749996 0.4361702125 0.4014869890625 0.4414893609375 0.39776951718750003 0.4468085109375 0.39776951718750003 0.4734042546875 0.4014869890625 0.5 0.4089219328125 0.5106382984375 0.4163568765625 0.5212765953125
3 0.3940520453125 0.41489361718750006 0.39776951718750003 0.361702128125 0.39776951718750003 0.34042553125 0.382899628125 0.329787234375 0.3717472125 0.329787234375 0.3605947953125 0.3351063828125 0.3605947953125 0.34042553125 0.3568773234375 0.3510638296875 0.3605947953125 0.40425531875000004 0.37546468437499997 0.41489361718750006 0.3940520453125 0.41489361718750006
3 0.327137546875 0.4414893609375 0.327137546875 0.4468085109375 0.33085501875 0.46808510625000005 0.334572490625 0.47872340468749996 0.3382899625 0.484042553125 0.34200743437500003 0.4893617015625 0.35315985156249996 0.4893617015625 0.3568773234375 0.4946808515625 0.3605947953125 0.425531915625 0.36802973906249997 0.420212765625 0.3568773234375 0.40425531875000004 0.3494423796875 0.3989361703125 0.33085501875 0.39361702187500003 0.327137546875 0.40425531875000004 0.323420075 0.41489361718750006 0.323420075 0.425531915625 0.327137546875 0.4414893609375
3 0.617100371875 0.4946808515625 0.624535315625 0.4946808515625 0.6319702609375 0.4893617015625 0.6356877328125 0.47872340468749996 0.6431226765625 0.47872340468749996 0.6468401484374999 0.46808510625000005 0.6468401484374999 0.452127659375 0.6468401484374999 0.4414893609375 0.6468401484374999 0.4308510640625 0.6431226765625 0.4308510640625 0.6394052046875001 0.4308510640625 0.6356877328125 0.4308510640625 0.6319702609375 0.4308510640625 0.624535315625 0.4308510640625 0.617100371875 0.4308510640625 0.6133829000000001 0.4308510640625 0.6133829000000001 0.4361702125 0.6133829000000001 0.452127659375 0.609665428125 0.4734042546875 0.6133829000000001 0.4893617015625 0.617100371875 0.4946808515625
3 0.5985130109375 0.39361702187500003 0.5985130109375 0.420212765625 0.6022304828125 0.425531915625 0.6059479546875 0.425531915625 0.6059479546875 0.4308510640625 0.6133829000000001 0.4308510640625 0.624535315625 0.4308510640625 0.6319702609375 0.425531915625 0.6356877328125 0.420212765625 0.6356877328125 0.39361702187500003 0.6394052046875001 0.37765957499999997 0.6394052046875001 0.361702128125 0.6356877328125 0.35638297812499997 0.6319702609375 0.3510638296875 0.617100371875 0.3510638296875 0.617100371875 0.361702128125 0.609665428125 0.37765957499999997 0.5985130109375 0.388297871875 0.5985130109375 0.39361702187500003
3 0.5539033453125 0.515957446875 0.5650557625 0.5106382984375 0.5687732343749999 0.5106382984375 0.57249070625 0.5106382984375 0.576208178125 0.5053191484374999 0.576208178125 0.4946808515625 0.576208178125 0.47872340468749996 0.57249070625 0.4734042546875 0.57249070625 0.46808510625000005 0.5650557625 0.46276595781249996 0.561338290625 0.4574468078125 0.5576208171875 0.452127659375 0.5501858734375 0.452127659375 0.5427509296874999 0.452127659375 0.5390334578125 0.4574468078125 0.535315984375 0.46276595781249996 0.535315984375 0.5053191484374999 0.5390334578125 0.5106382984375 0.5427509296874999 0.515957446875 0.5539033453125 0.515957446875
3 0.4163568765625 0.420212765625 0.43122676562500006 0.420212765625 0.4349442375 0.40425531875000004 0.438661709375 0.388297871875 0.438661709375 0.3829787234375 0.4349442375 0.3670212765625 0.43122676562500006 0.35638297812499997 0.42750929375 0.3510638296875 0.39776951718750003 0.34042553125 0.39776951718750003 0.361702128125 0.3940520453125 0.40957446875 0.3940520453125 0.41489361718750006 0.4163568765625 0.420212765625
3 0.576208178125 0.484042553125 0.576208178125 0.4946808515625 0.5799256500000001 0.5053191484374999 0.5799256500000001 0.5106382984375 0.5985130109375 0.5053191484374999 0.6059479546875 0.5053191484374999 0.6059479546875 0.5 0.6133829000000001 0.47872340468749996 0.6133829000000001 0.46276595781249996 0.6133829000000001 0.452127659375 0.6133829000000001 0.4468085109375 0.6133829000000001 0.4414893609375 0.609665428125 0.4361702125 0.5799256500000001 0.4361702125 0.57249070625 0.452127659375 0.57249070625 0.46808510625000005 0.576208178125 0.47872340468749996 0.576208178125 0.484042553125
3 0.44609665468750004 0.5053191484374999 0.44609665468750004 0.515957446875 0.4535315984375 0.5212765953125 0.47211895937500004 0.5265957453125 0.483271375 0.5265957453125 0.49070632031250006 0.5212765953125 0.4944237921875 0.5212765953125 0.4944237921875 0.515957446875 0.49070632031250006 0.5 0.49070632031250006 0.4361702125 0.483271375 0.4308510640625 0.47955390312499996 0.425531915625 0.47211895937500004 0.425531915625 0.46468401562499995 0.425531915625 0.44981412656249997 0.425531915625 0.44609665468750004 0.4361702125 0.4423791828125 0.4414893609375 0.4423791828125 0.4734042546875 0.4423791828125 0.4946808515625 0.44609665468750004 0.5053191484374999
3 0.6468401484374999 0.41489361718750006 0.6542750921875 0.40957446875 0.6579925656250001 0.40425531875000004 0.6579925656250001 0.39361702187500003 0.6617100375 0.388297871875 0.6617100375 0.37234042500000003 0.6617100375 0.3670212765625 0.6579925656250001 0.3670212765625 0.6542750921875 0.3670212765625 0.6505576203125 0.37234042500000003 0.6505576203125 0.37765957499999997 0.6468401484374999 0.3829787234375 0.6394052046875001 0.3829787234375 0.6356877328125 0.3829787234375 0.6356877328125 0.39361702187500003 0.6356877328125 0.40425531875000004 0.6356877328125 0.40957446875 0.6468401484374999 0.41489361718750006
3 0.3568773234375 0.3989361703125 0.3568773234375 0.3829787234375 0.3605947953125 0.37234042500000003 0.3605947953125 0.361702128125 0.3605947953125 0.3510638296875 0.3605947953125 0.34042553125 0.334572490625 0.34574468125 0.33085501875 0.37765957499999997 0.3382899625 0.388297871875 0.3457249078125 0.3989361703125 0.3568773234375 0.3989361703125
3 0.665427509375 0.4468085109375 0.665427509375 0.4308510640625 0.665427509375 0.425531915625 0.6617100375 0.425531915625 0.6579925656250001 0.420212765625 0.6505576203125 0.420212765625 0.6431226765625 0.420212765625 0.6394052046875001 0.425531915625 0.6356877328125 0.4308510640625 0.6468401484374999 0.4308510640625 0.6468401484374999 0.4734042546875 0.6542750921875 0.46808510625000005 0.6617100375 0.4574468078125 0.665427509375 0.4468085109375
3 0.4944237921875 0.5212765953125 0.5055762078125 0.5212765953125 0.5241635687499999 0.515957446875 0.5315985125 0.5053191484374999 0.535315984375 0.4574468078125 0.535315984375 0.4361702125 0.5315985125 0.4308510640625 0.520446096875 0.425531915625 0.516728625 0.425531915625 0.5055762078125 0.420212765625 0.5018587359375 0.420212765625 0.49070632031250006 0.4308510640625 0.49070632031250006 0.452127659375 0.49070632031250006 0.47872340468749996 0.49070632031250006 0.5 0.4944237921875 0.5212765953125
3 0.5576208171875 0.420212765625 0.5650557625 0.425531915625 0.5799256500000001 0.4308510640625 0.5910780671875 0.4308510640625 0.5985130109375 0.425531915625 0.5985130109375 0.40957446875 0.5985130109375 0.39361702187500003 0.6022304828125 0.3829787234375 0.6022304828125 0.37234042500000003 0.5985130109375 0.35638297812499997 0.5985130109375 0.3510638296875 0.5985130109375 0.34574468125 0.5836431234375 0.3510638296875 0.5687732343749999 0.3670212765625 0.561338290625 0.3829787234375 0.5576208171875 0.39361702187500003 0.5576208171875 0.420212765625