3 0 0.525 0.0033112578125 0.5349999999999999 0.01986755 0.5650000000000001 0.043046357812500005 0.5650000000000001 0.08278145625 0.5650000000000001 0.1291390734375 0.55 0.12582781406250002 0.51 0.12582781406250002 0.465 0.1291390734375 0.41 0.1291390734375 0.38 0.13245033125 0.34500000000000003 0.12251655624999999 0.32999999999999996 0.11258278125000001 0.29500000000000004 0.096026490625 0.24 0.08278145625 0.195 0.05629139062500001 0.16999999999999998 0.026490065624999996 0.16999999999999998 0 0.205 0 0.22999999999999998 0 0.525
3 0.556291390625 0.64 0.5629139078125001 0.7 0.5728476828125 0.73 0.596026490625 0.805 0.63245033125 0.82 0.6556291390625 0.795 0.6754966890625 0.77 0.6887417218749999 0.6950000000000001 0.6920529796875 0.655 0.698675496875 0.61 0.7019867546875 0.585 0.7019867546875 0.5700000000000001 0.65231788125 0.5650000000000001 0.6158940390625001 0.55 0.576158940625 0.55 0.5728476828125 0.515 0.5596026484375 0.52 0.5596026484375 0.5599999999999999 0.5596026484375 0.6 0.556291390625 0.64
3 0.9867549671875 0.49000000000000005 0.990066225 0.48 0.9867549671875 0.38 0.9834437093749999 0.315 0.9834437093749999 0.27 0.9668874171875 0.215 0.953642384375 0.15 0.9337748343750001 0.125 0.9205298015625001 0.13 0.90728476875 0.125 0.8907284765625001 0.16 0.8708609265625 0.2 0.8543046359375 0.265 0.8377483437500001 0.29500000000000004 0.8245033109375 0.305 0.811258278125 0.32 0.8079470203125 0.335 0.821192053125 0.39 0.8278145703125 0.43 0.8344370859374999 0.43 0.8675496687500001 0.51 0.9271523171875 0.52 0.9635761593750001 0.5 0.9867549671875 0.49000000000000005
3 0.4569536421875 0.8099999999999999 0.473509934375 0.825 0.5132450328125 0.835 0.5430463578125 0.765 0.5529801328125 0.7150000000000001 0.556291390625 0.675 0.556291390625 0.6599999999999999 0.556291390625 0.635 0.5596026484375 0.5700000000000001 0.5596026484375 0.55 0.556291390625 0.525 0.5463576156250001 0.515 0.5430463578125 0.52 0.529801325 0.525 0.509933775 0.525 0.5033112578125001 0.5349999999999999 0.48013245 0.545 0.47019867499999995 0.545 0.44039735156250004 0.55 0.4304635765625 0.5549999999999999 0.41721854374999995 0.5549999999999999 0.40728476875 0.55 0.40728476875 0.5700000000000001 0.4105960265625 0.635 0.413907284375 0.6849999999999999 0.4370860921875 0.78 0.4569536421875 0.8099999999999999
3 0.1291390734375 0.78 0.1291390734375 0.8150000000000001 0.1291390734375 0.85 0.14238410625 0.8949999999999999 0.158940396875 0.905 0.1920529796875 0.9 0.21192052968750003 0.865 0.22516556250000003 0.835 0.24172185468750002 0.8 0.2582781453125 0.76 0.2682119203125 0.725 0.271523178125 0.705 0.2682119203125 0.5650000000000001 0.23509933749999998 0.595 0.168874171875 0.5900000000000001 0.1357615890625 0.575 0.13245033125 0.64 0.13245033125 0.6900000000000001 0.1291390734375 0.745 0.1291390734375 0.78
3 0.85761589375 0.755 0.8774834437499999 0.8 0.894039734375 0.82 0.9105960265625 0.8300000000000001 0.9602649 0.86 0.9834437093749999 0.8300000000000001 0.9834437093749999 0.795 0.9834437093749999 0.76 0.990066225 0.705 0.9867549671875 0.665 0.9801324499999999 0.605 0.9768211921875001 0.545 0.9768211921875001 0.5349999999999999 0.9768211921875001 0.505 0.9668874171875 0.5 0.9370860921874999 0.515 0.8708609265625 0.515 0.8443708609374999 0.465 0.8377483437500001 0.49000000000000005 0.8410596031249999 0.54 0.831125828125 0.665 0.8344370859374999 0.6849999999999999 0.85761589375 0.755
1 0.394039734375 0.40499999999999997 0.39735099375 0.43499999999999994 0.40728476875 0.45999999999999996 0.42052980156249997 0.465 0.4370860921875 0.45499999999999996 0.4470198671875 0.43499999999999994 0.4503311265625 0.41500000000000004 0.4503311265625 0.375 0.4470198671875 0.35 0.43377483437500003 0.32 0.42384105937500005 0.29500000000000004 0.41721854374999995 0.28500000000000003 0.4105960265625 0.28500000000000003 0.40066225156249996 0.28500000000000003 0.3841059609375 0.29500000000000004 0.36754966875 0.31 0.36754966875 0.335 0.3807947015625 0.355 0.38741721875 0.375 0.394039734375 0.40499999999999997
3 0.7417218546875 0.775 0.771523178125 0.79 0.7880794703125 0.7849999999999999 0.811258278125 0.735 0.8245033109375 0.6900000000000001 0.8278145703125 0.65 0.8377483437500001 0.58 0.8410596031249999 0.545 0.8377483437500001 0.48 0.8245033109375 0.475 0.8245033109375 0.55 0.708609271875 0.5650000000000001 0.7052980125 0.575 0.6953642390625 0.665 0.7052980125 0.7 0.728476821875 0.755 0.7417218546875 0.775
3 0.3145695359375 0.865 0.34437086093749997 0.865 0.37748344375 0.825 0.40728476875 0.76 0.413907284375 0.725 0.4105960265625 0.675 0.40728476875 0.64 0.40728476875 0.595 0.403973509375 0.5700000000000001 0.403973509375 0.5549999999999999 0.4105960265625 0.55 0.42052980156249997 0.545 0.42384105937500005 0.53 0.39735099375 0.52 0.2980132453125 0.515 0.291390728125 0.525 0.2781456953125 0.545 0.2682119203125 0.575 0.271523178125 0.6799999999999999 0.2847682125 0.795 0.2947019875 0.835 0.3145695359375 0.865
3 0.37086092656249997 0.425 0.38741721875 0.425 0.39735099375 0.45499999999999996 0.40728476875 0.47000000000000003 0.42052980156249997 0.47000000000000003 0.4370860921875 0.48 0.46026490000000003 0.475 0.509933775 0.45 0.516556290625 0.43 0.5198675500000001 0.4 0.5132450328125 0.385 0.509933775 0.32999999999999996 0.473509934375 0.24500000000000002 0.4503311265625 0.215 0.3907284765625 0.195 0.350993378125 0.195 0.33774834375 0.22000000000000003 0.3278145703125 0.255 0.3245033109375 0.32 0.3344370859375 0.34500000000000003 0.341059603125 0.38 0.34437086093749997 0.40499999999999997 0.34437086093749997 0.41500000000000004 0.37086092656249997 0.425
3 0.1390728484375 0.5700000000000001 0.15231788125 0.58 0.1754966890625 0.5900000000000001 0.1953642390625 0.5900000000000001 0.23509933749999998 0.5900000000000001 0.2649006625 0.5650000000000001 0.291390728125 0.53 0.2980132453125 0.49000000000000005 0.3046357609375 0.43499999999999994 0.3046357609375 0.385 0.301324503125 0.375 0.2947019875 0.35 0.26158940468749997 0.24 0.2516556296875 0.2 0.22516556250000003 0.16499999999999998 0.21192052968750003 0.16499999999999998 0.1854304640625 0.16999999999999998 0.1721854296875 0.21000000000000002 0.16225165625 0.255 0.149006621875 0.3 0.1357615890625 0.35 0.12582781406250002 0.47000000000000003 0.1291390734375 0.55 0.1390728484375 0.5700000000000001
3 0.029801325 0.745 0.0397351 0.775 0.052980132812500004 0.8099999999999999 0.076158940625 0.795 0.10596026562500001 0.745 0.1158940390625 0.72 0.1291390734375 0.6950000000000001 0.13245033125 0.67 0.13245033125 0.58 0.1291390734375 0.5599999999999999 0.1291390734375 0.5549999999999999 0.10596026562500001 0.5599999999999999 0.076158940625 0.5650000000000001 0.043046357812500005 0.5700000000000001 0.0397351 0.595 0.026490065624999996 0.6599999999999999 0.026490065624999996 0.6950000000000001 0.029801325 0.745
3 0.5728476828125 0.49000000000000005 0.576158940625 0.53 0.5794701984375 0.55 0.6158940390625001 0.55 0.649006621875 0.5650000000000001 0.698675496875 0.5650000000000001 0.7615894046875 0.5599999999999999 0.8245033109375 0.545 0.8245033109375 0.5 0.8245033109375 0.45999999999999996 0.8278145703125 0.445 0.8245033109375 0.4 0.8145695359375 0.36 0.8013245031249999 0.32 0.791390728125 0.27 0.7748344375 0.22999999999999998 0.7649006625 0.195 0.7350993375 0.155 0.668874171875 0.16499999999999998 0.6092715234375 0.23500000000000001 0.5927152312499999 0.27999999999999997 0.576158940625 0.365 0.5662251656249999 0.42000000000000004 0.5728476828125 0.49000000000000005