3 0.36569579218750004 0.585 0.3689320390625 0.605 0.38511326874999996 0.63 0.398058253125 0.65 0.40453074375 0.615 0.40453074375 0.5900000000000001 0.407766990625 0.58 0.41100323593750004 0.5549999999999999 0.398058253125 0.55 0.39482200624999997 0.545 0.3915857609375 0.53 0.3786407765625 0.51 0.3689320390625 0.525 0.36569579218750004 0.5349999999999999 0.362459546875 0.5650000000000001 0.36569579218750004 0.585
3 0.517799353125 0.51 0.5404530750000001 0.52 0.5533980578125 0.52 0.572815534375 0.515 0.582524271875 0.5 0.5889967640625 0.475 0.59546925625 0.43 0.592233009375 0.4 0.582524271875 0.38 0.572815534375 0.37 0.563106796875 0.37 0.5598705500000001 0.37 0.5307443359375 0.37 0.508090615625 0.425 0.5016181234375 0.475 0.50485436875 0.5 0.517799353125 0.51
3 0.5501618125000001 0.705 0.563106796875 0.6799999999999999 0.5663430421875 0.6599999999999999 0.572815534375 0.64 0.5663430421875 0.615 0.5566343046875 0.61 0.5436893203125 0.605 0.5242718453124999 0.605 0.517799353125 0.605 0.50485436875 0.61 0.5016181234375 0.615 0.4983818765625 0.6900000000000001 0.51456310625 0.71 0.5372168281249999 0.725 0.5501618125000001 0.705
3 0.40129449843750004 0.645 0.407766990625 0.6599999999999999 0.4142394828125 0.675 0.427184465625 0.6799999999999999 0.436893203125 0.67 0.436893203125 0.655 0.436893203125 0.635 0.44012945 0.605 0.44012945 0.6 0.4563106796875 0.6 0.459546925 0.595 0.44336569531250003 0.5900000000000001 0.4336569578125 0.5900000000000001 0.41100323593750004 0.575 0.40453074375 0.5900000000000001 0.40129449843750004 0.625 0.40129449843750004 0.645
3 0.692556634375 0.475 0.692556634375 0.495 0.71521035625 0.51 0.72491909375 0.52 0.7443365703125 0.505 0.747572815625 0.49000000000000005 0.757281553125 0.45499999999999996 0.7637540453125 0.43 0.766990290625 0.40499999999999997 0.766990290625 0.4 0.7540453078125 0.395 0.6957928796874999 0.41 0.702265371875 0.43 0.6957928796874999 0.445 0.6893203890625 0.47000000000000003 0.692556634375 0.475
3 0.343042071875 0.49000000000000005 0.40453074375 0.495 0.40129449843750004 0.475 0.398058253125 0.45 0.398058253125 0.42000000000000004 0.39482200624999997 0.38 0.3883495140625 0.36 0.3786407765625 0.355 0.3689320390625 0.34500000000000003 0.3365695796875 0.35 0.339805825 0.425 0.3365695796875 0.45 0.339805825 0.47000000000000003 0.343042071875 0.49000000000000005
3 0.7799352749999999 0.49000000000000005 0.7864077671875 0.5 0.7928802593750001 0.5 0.8090614890625 0.49000000000000005 0.8187702265624999 0.47000000000000003 0.82524271875 0.445 0.8220064718750001 0.41 0.8187702265624999 0.40499999999999997 0.81553398125 0.4 0.8025889968750001 0.40499999999999997 0.7702265374999999 0.41500000000000004 0.7540453078125 0.475 0.7605178 0.48 0.7702265374999999 0.48 0.7799352749999999 0.49000000000000005
3 0.4983818765625 0.6900000000000001 0.4983818765625 0.665 0.5016181234375 0.63 0.5016181234375 0.61 0.491909384375 0.6 0.48220064687499997 0.6 0.46278317187500007 0.6 0.45307443437500006 0.6 0.44012945 0.6 0.4336569578125 0.675 0.4466019421875 0.7 0.47249190937499996 0.7150000000000001 0.4886731390625 0.7 0.4983818765625 0.6900000000000001
3 0.31715210312500003 0.445 0.3300970875 0.45499999999999996 0.3333333328125 0.45499999999999996 0.3365695796875 0.425 0.3365695796875 0.40499999999999997 0.3365695796875 0.38 0.3365695796875 0.355 0.3300970875 0.32999999999999996 0.3009708734375 0.315 0.30420712031249997 0.365 0.307443365625 0.39 0.3139158578125 0.42000000000000004 0.31715210312500003 0.445
3 0.60517799375 0.475 0.61488673125 0.495 0.6407766984375 0.53 0.6699029125 0.515 0.6763754046875 0.5 0.6860841421874999 0.475 0.6957928796874999 0.45 0.6990291265625 0.425 0.692556634375 0.40499999999999997 0.6860841421874999 0.39 0.6860841421874999 0.385 0.6699029125 0.37 0.6634304203125 0.365 0.627831715625 0.37 0.592233009375 0.43499999999999994 0.59546925625 0.45499999999999996 0.601941746875 0.47000000000000003 0.60517799375 0.475
3 0.40129449843750004 0.485 0.40453074375 0.5 0.43042071249999997 0.51 0.4789644015625 0.52 0.49514563125000005 0.51 0.5016181234375 0.475 0.5016181234375 0.445 0.5016181234375 0.41 0.4983818765625 0.39 0.4886731390625 0.375 0.48543689375000004 0.375 0.4757281546875 0.37 0.42071197343750005 0.37 0.398058253125 0.41 0.398058253125 0.43499999999999994 0.398058253125 0.45499999999999996 0.40129449843750004 0.485
3 0.5663430421875 0.7 0.572815534375 0.7150000000000001 0.592233009375 0.725 0.6181229781249999 0.705 0.6310679609375 0.6950000000000001 0.6504854375 0.6849999999999999 0.656957928125 0.675 0.660194175 0.6599999999999999 0.656957928125 0.635 0.6440129453125001 0.61 0.6343042078125001 0.6 0.6310679609375 0.595 0.60517799375 0.595 0.582524271875 0.605 0.572815534375 0.62 0.572815534375 0.645 0.5695792875000001 0.6599999999999999 0.5663430421875 0.6799999999999999 0.5663430421875 0.7