3 0.690909090625 0.7595628421875 0.7163636359375001 0.7923497265624999 0.7236363640625 0.7868852453125 0.76 0.7868852453125 0.77818181875 0.765027321875 0.7927272734375 0.765027321875 0.8145454546875 0.7431693984375001 0.81818181875 0.721311475 0.81818181875 0.677595628125 0.81818181875 0.6557377046874999 0.81818181875 0.6284153 0.8036363640624999 0.6229508203125 0.789090909375 0.6229508203125 0.7854545453124999 0.6393442625 0.7636363640625 0.6557377046874999 0.6872727265624999 0.6666666671875 0.6727272734375 0.677595628125 0.6727272734375 0.7049180328125 0.6763636359375 0.72677595625 0.690909090625 0.7486338796875 0.690909090625 0.7595628421875
3 0.6727272734375 0.6229508203125 0.6763636359375 0.6502732234375 0.6872727265624999 0.6666666671875 0.7527272734375 0.6557377046874999 0.7636363640625 0.6557377046874999 0.78181818125 0.6393442625 0.7963636359375 0.601092896875 0.7963636359375 0.584699453125 0.789090909375 0.535519125 0.7854545453124999 0.5245901640625 0.7636363640625 0.5245901640625 0.73818181875 0.5245901640625 0.730909090625 0.54098360625 0.72 0.5464480875 0.6727272734375 0.54098360625 0.6654545453125 0.5519125687499999 0.6581818187499999 0.5573770484375 0.6618181812499999 0.584699453125 0.669090909375 0.595628415625 0.6727272734375 0.6229508203125
3 0.24363636406250003 0.64480874375 0.26181818125 0.64480874375 0.269090909375 0.6174863390625001 0.27272727343750003 0.601092896875 0.28363636406250003 0.5683060109375 0.290909090625 0.54098360625 0.2872727265625 0.5136612015625001 0.269090909375 0.5136612015625001 0.26181818125 0.508196721875 0.22909090937499998 0.497267759375 0.22181818125000002 0.502732240625 0.21090909062500002 0.48633879843749994 0.2 0.4699453546875 0.17818181875 0.4699453546875 0.1563636359375 0.47540983593749997 0.1563636359375 0.535519125 0.1563636359375 0.584699453125 0.17090909062499998 0.6229508203125 0.2254545453125 0.6284153 0.24363636406250003 0.64480874375
3 0.7127272734375001 0.868852459375 0.72 0.868852459375 0.72 0.8360655734375 0.7127272734375001 0.7978142078125 0.70181818125 0.770491803125 0.6945454546875001 0.765027321875 0.6872727265624999 0.765027321875 0.6763636359375 0.781420765625 0.650909090625 0.8196721312499999 0.6545454546875 0.8251366125 0.6799999999999999 0.857923496875 0.6945454546875001 0.8743169406250001 0.709090909375 0.8743169406250001 0.7127272734375001 0.868852459375
3 0.4 0.2841530046875 0.42181818125000003 0.26229508125 0.4436363640625 0.25683060156250004 0.46181818124999996 0.2513661203125 0.46181818124999996 0.229508196875 0.46181818124999996 0.20218579218750002 0.45818181874999997 0.16393442656249999 0.429090909375 0.16393442656249999 0.42181818125000003 0.16393442656249999 0.40727272656249996 0.1748633875 0.389090909375 0.18579235 0.3672727265625 0.2076502734375 0.3527272734375 0.21857923437500001 0.3527272734375 0.26229508125 0.36 0.2896174859375 0.389090909375 0.3060109296875 0.4 0.2841530046875
3 0.3454545453125 0.9125683062500001 0.3563636359375 0.9344262296875 0.3854545453125 0.9398907109374999 0.4 0.9398907109374999 0.41818181875000004 0.9398907109374999 0.429090909375 0.9398907109374999 0.4472727265625 0.9125683062500001 0.45454545468749996 0.8797814203125001 0.45454545468749996 0.863387978125 0.450909090625 0.8469945359375 0.450909090625 0.8306010921875 0.4436363640625 0.8196721312499999 0.43272727343749995 0.8087431687500001 0.4254545453125 0.8087431687500001 0.41818181875000004 0.81420765 0.410909090625 0.8087431687500001 0.4036363640625 0.8032786890624999 0.389090909375 0.8032786890624999 0.38181818125 0.8032786890624999 0.3672727265625 0.8032786890624999 0.36 0.8087431687500001 0.349090909375 0.81420765 0.33818181875 0.8469945359375 0.3345454546875 0.8907103828125 0.3454545453125 0.9125683062500001
3 0.7527272734375 0.8852459015624999 0.76 0.8852459015624999 0.76 0.863387978125 0.7563636359375 0.857923496875 0.749090909375 0.8306010921875 0.7454545453125 0.8251366125 0.74181818125 0.81420765 0.73818181875 0.8032786890624999 0.730909090625 0.7868852453125 0.72 0.7868852453125 0.7127272734375001 0.8032786890624999 0.72 0.8306010921875 0.7272727265625 0.8469945359375 0.73818181875 0.863387978125 0.7527272734375 0.8852459015624999
3 0.77818181875 0.8852459015624999 0.78181818125 0.8961748640625 0.789090909375 0.90163934375 0.789090909375 0.8907103828125 0.789090909375 0.8797814203125001 0.7854545453124999 0.863387978125 0.78181818125 0.8469945359375 0.770909090625 0.8306010921875 0.76 0.8251366125 0.749090909375 0.8306010921875 0.76 0.868852459375 0.770909090625 0.8743169406250001 0.77818181875 0.8852459015624999
3 0.5527272734374999 0.26229508125 0.5672727265625 0.24043715781250002 0.5854545453125 0.2131147546875 0.5927272734375 0.1967213109375 0.5890909093750001 0.16393442656249999 0.57818181875 0.15300546406249999 0.5672727265625 0.14754098437500002 0.53818181875 0.14754098437500002 0.530909090625 0.1748633875 0.52 0.19125683124999998 0.5163636359375 0.27322404375 0.530909090625 0.3060109296875 0.53818181875 0.31147540937499996 0.5454545453125 0.2896174859375 0.5527272734374999 0.26229508125
3 0.130909090625 0.6666666671875 0.130909090625 0.6830601093750001 0.130909090625 0.7049180328125 0.13818181875 0.7158469953125 0.1454545453125 0.721311475 0.16 0.7322404375 0.1854545453125 0.7540983609375 0.1963636359375 0.765027321875 0.2254545453125 0.781420765625 0.23272727343750002 0.7595628421875 0.24363636406250003 0.7595628421875 0.26181818125 0.7595628421875 0.2763636359375 0.7322404375 0.2872727265625 0.7049180328125 0.290909090625 0.672131146875 0.290909090625 0.6502732234375 0.28363636406250003 0.6393442625 0.269090909375 0.64480874375 0.24363636406250003 0.64480874375 0.23272727343750002 0.63387978125 0.22181818125000002 0.6284153 0.2 0.6229508203125 0.1745454546875 0.6229508203125 0.1563636359375 0.590163934375 0.14181818125 0.601092896875 0.14181818125 0.6120218578125 0.13818181875 0.6284153 0.1345454546875 0.64480874375 0.130909090625 0.6666666671875
3 0.2654545453125 0.5136612015625001 0.27999999999999997 0.5191256828124999 0.28363636406250003 0.5136612015625001 0.2872727265625 0.491803278125 0.29454545468750004 0.4699453546875 0.3163636359375 0.44808743125 0.309090909375 0.42622950781249996 0.2763636359375 0.415300546875 0.2654545453125 0.40983606562499997 0.250909090625 0.40437158437500004 0.24363636406250003 0.3934426234375 0.21818181874999998 0.36612021875 0.2 0.35519125625000003 0.2 0.3606557375 0.1963636359375 0.40983606562499997 0.2072727265625 0.4699453546875 0.22181818125000002 0.502732240625 0.24 0.502732240625 0.2654545453125 0.5136612015625001
3 0.24363636406250003 0.3934426234375 0.26181818125 0.40437158437500004 0.2763636359375 0.415300546875 0.290909090625 0.3825136609375 0.309090909375 0.3606557375 0.3163636359375 0.31147540937499996 0.30181818125 0.3005464484375 0.29454545468750004 0.2950819671875 0.2872727265625 0.2841530046875 0.269090909375 0.278688525 0.25818181875 0.278688525 0.23272727343750002 0.316939890625 0.23272727343750002 0.34426229531249997 0.23272727343750002 0.36612021875 0.24 0.38797814218750004 0.24363636406250003 0.3934426234375
3 0.6545454546875 0.38797814218750004 0.669090909375 0.398907103125 0.6836363640625 0.4426229515625 0.6945454546875001 0.4426229515625 0.7054545453125 0.4426229515625 0.7054545453125 0.42076502656250003 0.7163636359375001 0.38797814218750004 0.7236363640625 0.36612021875 0.7236363640625 0.3497267765625 0.7163636359375001 0.3333333328125 0.7054545453125 0.322404371875 0.6872727265624999 0.31147540937499996 0.669090909375 0.322404371875 0.6472727265625 0.34426229531249997 0.6436363640625 0.36612021875 0.6545454546875 0.38797814218750004
3 0.52 0.8961748640625 0.5236363640625 0.9180327875 0.5236363640625 0.9289617484375 0.530909090625 0.9562841531249999 0.53818181875 0.961748634375 0.5672727265625 0.961748634375 0.58181818125 0.9453551906250001 0.58181818125 0.9180327875 0.58181818125 0.8907103828125 0.57818181875 0.8797814203125001 0.57818181875 0.863387978125 0.5636363640625001 0.8524590156249999 0.5563636359374999 0.8360655734375 0.53818181875 0.81420765 0.5345454546874999 0.8087431687500001 0.5236363640625 0.8032786890624999 0.52 0.8032786890624999 0.509090909375 0.8251366125 0.5054545453125 0.8415300546875001 0.49818181875 0.868852459375 0.49090909062500004 0.8743169406250001 0.509090909375 0.8797814203125001 0.5127272734375 0.8852459015624999 0.52 0.8961748640625
3 0.2036363640625 0.7868852453125 0.2 0.7978142078125 0.1963636359375 0.8087431687500001 0.1927272734375 0.8196721312499999 0.1927272734375 0.8251366125 0.189090909375 0.8196721312499999 0.18181818125 0.81420765 0.17818181875 0.8087431687500001 0.16363636406249998 0.8196721312499999 0.1527272734375 0.8306010921875 0.14181818125 0.863387978125 0.13818181875 0.8743169406250001 0.13818181875 0.8907103828125 0.1454545453125 0.9125683062500001 0.1527272734375 0.90163934375 0.17090909062499998 0.8797814203125001 0.17090909062499998 0.8907103828125 0.1963636359375 0.863387978125 0.2072727265625 0.8469945359375 0.21818181874999998 0.8251366125 0.2145454546875 0.863387978125 0.2145454546875 0.8797814203125001 0.23272727343750002 0.8743169406250001 0.24727272656250002 0.8743169406250001 0.28363636406250003 0.863387978125 0.28363636406250003 0.857923496875 0.29454545468750004 0.8524590156249999 0.290909090625 0.81420765 0.27272727343750003 0.7923497265624999 0.2545454546875 0.7595628421875 0.250909090625 0.7595628421875 0.23272727343750002 0.7595628421875 0.22909090937499998 0.770491803125 0.22181818125000002 0.7868852453125 0.21818181874999998 0.7868852453125 0.2036363640625 0.7868852453125
3 0.6545454546875 0.502732240625 0.6654545453125 0.535519125 0.72 0.5464480875 0.7272727265625 0.54098360625 0.74181818125 0.5136612015625001 0.749090909375 0.497267759375 0.7563636359375 0.464480875 0.7636363640625 0.4316939890625 0.7563636359375 0.40437158437500004 0.749090909375 0.40437158437500004 0.7454545453125 0.40437158437500004 0.74181818125 0.40983606562499997 0.7054545453125 0.4426229515625 0.6836363640625 0.4426229515625 0.6618181812499999 0.44808743125 0.6472727265625 0.44808743125 0.6436363640625 0.44808743125 0.6545454546875 0.502732240625