3 0.492957746875 0.4550561796875 0.492957746875 0.4719101125 0.556338028125 0.4887640453125 0.6021126765625 0.5 0.6197183093749999 0.477528090625 0.6197183093749999 0.4550561796875 0.6197183093749999 0.42134831406249995 0.6161971828125 0.37640449375 0.6091549296875 0.35393258437499997 0.595070421875 0.3370786515625 0.5352112671875 0.325842696875 0.5140845078125 0.34831460625 0.5070422531250001 0.3651685390625 0.5 0.382022471875 0.492957746875 0.438202246875 0.492957746875 0.4550561796875
3 0.08802816875 0.5955056187500001 0.1021126765625 0.589887640625 0.11971830937500001 0.5842696625 0.130281690625 0.5674157296875 0.13732394375 0.5449438203125 0.1584507046875 0.505617978125 0.1760563375 0.494382021875 0.16197183125 0.4831460671875 0.1478873234375 0.4719101125 0.1338028171875 0.4719101125 0.11267605624999999 0.5 0.0845070421875 0.5505617984375 0.0774647890625 0.5842696625 0.08802816875 0.5955056187500001
3 0.23943662031250001 0.4494382015625 0.257042253125 0.44382022499999996 0.267605634375 0.44382022499999996 0.281690140625 0.4494382015625 0.299295775 0.44382022499999996 0.30985915468749997 0.43258427031249996 0.31338028125 0.4269662921875 0.32042253593750003 0.40449438125 0.32042253593750003 0.382022471875 0.30985915468749997 0.3595505625 0.2957746484375 0.325842696875 0.2852112671875 0.29775280937500004 0.2746478875 0.269662921875 0.25352112656250003 0.2528089890625 0.232394365625 0.27528089843750003 0.2218309859375 0.3426966296875 0.2218309859375 0.42134831406249995 0.232394365625 0.44382022499999996 0.23943662031250001 0.4494382015625
3 0.9049295781250001 0.6011235953125 0.9084507046875 0.6292134828125 0.9154929578125 0.6573033703125 0.9295774640625 0.6629213484375 0.9330985921874999 0.6629213484375 0.9366197187499999 0.6629213484375 0.957746478125 0.674157303125 0.9647887328125 0.65168539375 0.9683098593749999 0.6292134828125 0.9788732390625 0.6011235953125 0.9859154921875 0.5786516859375 0.9753521125000001 0.5449438203125 0.9683098593749999 0.5168539328125 0.950704225 0.5112359546875 0.9260563375 0.5112359546875 0.9260563375 0.522471909375 0.91197183125 0.5280898875 0.8978873234375 0.522471909375 0.8767605640625 0.5393258421875 0.9014084499999999 0.561797753125 0.9049295781250001 0.5842696625 0.9049295781250001 0.6011235953125
3 0.6267605640625 0.6853932578124999 0.6478873234375 0.6853932578124999 0.654929578125 0.674157303125 0.6654929578125001 0.6573033703125 0.6760563375 0.6292134828125 0.6795774640625 0.5730337078125001 0.6760563375 0.5449438203125 0.6760563375 0.533707865625 0.6302816906250001 0.533707865625 0.6197183093749999 0.5280898875 0.595070421875 0.5280898875 0.5915492953125 0.533707865625 0.595070421875 0.6123595500000001 0.59859155 0.65168539375 0.6232394359375 0.6853932578124999 0.6267605640625 0.6853932578124999
3 0.8274647890625 0.6685393265624999 0.8450704218749999 0.6853932578124999 0.8591549296875 0.6853932578124999 0.869718309375 0.67977528125 0.8767605640625 0.6685393265624999 0.88732394375 0.6460674156249999 0.8908450703125 0.6404494374999999 0.894366196875 0.6292134828125 0.8978873234375 0.6179775281250001 0.9049295781250001 0.6123595500000001 0.9014084499999999 0.561797753125 0.8767605640625 0.5393258421875 0.855633803125 0.5449438203125 0.8450704218749999 0.533707865625 0.83802816875 0.533707865625 0.8169014078125001 0.533707865625 0.8028169015625 0.533707865625 0.7852112671875 0.5449438203125 0.7852112671875 0.556179775 0.792253521875 0.6067415734375 0.799295775 0.6292134828125 0.8133802812500001 0.65168539375 0.8274647890625 0.6685393265624999
3 0.542253521875 0.67977528125 0.556338028125 0.6629213484375 0.5669014078125 0.6292134828125 0.5704225359375 0.6067415734375 0.5704225359375 0.5449438203125 0.5457746484375 0.5449438203125 0.4894366203125 0.5449438203125 0.492957746875 0.6067415734375 0.5035211265624999 0.6460674156249999 0.5246478875 0.6853932578124999 0.542253521875 0.67977528125
3 0.6901408453125 0.4831460671875 0.7147887328125 0.4831460671875 0.732394365625 0.4719101125 0.7464788734375001 0.44382022499999996 0.7464788734375001 0.4157303375 0.7464788734375001 0.3932584265625 0.7394366203125 0.35393258437499997 0.7288732390625 0.30898876406250003 0.7147887328125 0.29775280937500004 0.707746478125 0.29775280937500004 0.68661971875 0.32022471874999997 0.6760563375 0.325842696875 0.6584507046875 0.3426966296875 0.65140845 0.3595505625 0.6408450703125 0.3932584265625 0.6408450703125 0.4550561796875 0.654929578125 0.4719101125 0.6654929578125001 0.477528090625 0.6901408453125 0.4831460671875
3 0.059859154687500006 0.438202246875 0.0845070421875 0.438202246875 0.095070421875 0.4269662921875 0.105633803125 0.4269662921875 0.1091549296875 0.4269662921875 0.1232394359375 0.42134831406249995 0.1267605640625 0.4157303375 0.1338028171875 0.3988764046875 0.130281690625 0.37640449375 0.1232394359375 0.3595505625 0.1161971828125 0.34831460625 0.11267605624999999 0.33146067343749996 0.105633803125 0.3146067421875 0.1021126765625 0.3033707859375 0.0915492953125 0.2808988765625 0.059859154687500006 0.2865168546875 0.059859154687500006 0.35393258437499997 0.059859154687500006 0.41011235937499996 0.056338028124999995 0.4269662921875 0.059859154687500006 0.438202246875
3 0.7183098593749999 0.65168539375 0.7429577468749999 0.6853932578124999 0.7570422531250001 0.702247190625 0.7816901406250001 0.702247190625 0.792253521875 0.65168539375 0.792253521875 0.6123595500000001 0.7852112671875 0.5786516859375 0.7816901406250001 0.5505617984375 0.7816901406250001 0.5449438203125 0.767605634375 0.5393258421875 0.75 0.5112359546875 0.7429577468749999 0.505617978125 0.7288732390625 0.5 0.700704225 0.5280898875 0.6901408453125 0.5449438203125 0.6830985921875 0.5955056187500001 0.6830985921875 0.6179775281250001 0.693661971875 0.6348314609375 0.7183098593749999 0.65168539375
3 0.22887323906249998 0.6629213484375 0.23943662031250001 0.6685393265624999 0.25352112656250003 0.6629213484375 0.2781690140625 0.6292134828125 0.2957746484375 0.5955056187500001 0.29225352187500003 0.5449438203125 0.281690140625 0.5112359546875 0.2711267609375 0.4831460671875 0.2640845078125 0.4831460671875 0.2605633796875 0.477528090625 0.2464788734375 0.477528090625 0.232394365625 0.505617978125 0.2218309859375 0.5280898875 0.2147887328125 0.5955056187500001 0.2147887328125 0.6292134828125 0.22887323906249998 0.6629213484375
3 0.91197183125 0.4719101125 0.9190140843749999 0.4719101125 0.9260563375 0.4719101125 0.9366197187499999 0.4831460671875 0.9471830984375 0.4831460671875 0.9542253515624999 0.4831460671875 0.9718309859375 0.4494382015625 0.9718309859375 0.41011235937499996 0.9683098593749999 0.38764045 0.9683098593749999 0.3595505625 0.957746478125 0.33146067343749996 0.943661971875 0.33146067343749996 0.9225352109375 0.3595505625 0.9014084499999999 0.38764045 0.880281690625 0.41011235937499996 0.8767605640625 0.4157303375 0.8661971828125001 0.44382022499999996 0.869718309375 0.4494382015625 0.8908450703125 0.4606741578125 0.9014084499999999 0.4719101125 0.91197183125 0.4719101125
3 0.43661971875 0.67977528125 0.4471830984375 0.6685393265624999 0.4647887328125 0.6348314609375 0.46830985937499997 0.62359550625 0.46830985937499997 0.5449438203125 0.46830985937499997 0.5393258421875 0.39084507031250004 0.533707865625 0.39436619687499996 0.6011235953125 0.39436619687499996 0.6348314609375 0.41197183125 0.6629213484375 0.43661971875 0.67977528125
3 0.7746478875 0.4550561796875 0.7852112671875 0.4719101125 0.8204225359375 0.505617978125 0.8345070421875 0.5 0.8415492953125 0.5 0.8591549296875 0.4606741578125 0.8661971828125001 0.44382022499999996 0.8732394359375 0.4157303375 0.8767605640625 0.382022471875 0.8732394359375 0.34831460625 0.8732394359375 0.32022471874999997 0.8661971828125001 0.29213483125 0.855633803125 0.27528089843750003 0.83802816875 0.2808988765625 0.8204225359375 0.29213483125 0.799295775 0.30898876406250003 0.7816901406250001 0.325842696875 0.767605634375 0.34831460625 0.75 0.3932584265625 0.7535211265624999 0.4157303375 0.7640845078125 0.438202246875 0.7746478875 0.4550561796875
3 0.1830985921875 0.4606741578125 0.200704225 0.438202246875 0.2147887328125 0.42134831406249995 0.2218309859375 0.3988764046875 0.22535211249999998 0.3370786515625 0.1901408453125 0.26404494375 0.169014084375 0.258426965625 0.154929578125 0.258426965625 0.1478873234375 0.269662921875 0.13732394375 0.3146067421875 0.13732394375 0.38764045 0.13732394375 0.42134831406249995 0.15140845 0.4606741578125 0.1830985921875 0.4606741578125
3 0.1408450703125 0.6179775281250001 0.154929578125 0.6292134828125 0.1584507046875 0.6292134828125 0.18661971875 0.6292134828125 0.19718309843749998 0.6179775281250001 0.200704225 0.6067415734375 0.218309859375 0.5842696625 0.218309859375 0.5280898875 0.22535211249999998 0.5168539328125 0.20422535156250002 0.505617978125 0.193661971875 0.4887640453125 0.1654929578125 0.5 0.13732394375 0.5393258421875 0.1338028171875 0.5730337078125001 0.1338028171875 0.6067415734375 0.1408450703125 0.6179775281250001
3 0.3274647890625 0.4719101125 0.3415492953125 0.4719101125 0.35915492968749996 0.477528090625 0.38732394375 0.477528090625 0.40492957812499997 0.477528090625 0.42253521093749996 0.477528090625 0.443661971875 0.477528090625 0.45070422499999996 0.4719101125 0.45070422499999996 0.37640449375 0.443661971875 0.3595505625 0.42253521093749996 0.33146067343749996 0.41549295781250006 0.325842696875 0.37676056406249997 0.3146067421875 0.33802816875 0.3370786515625 0.3274647890625 0.37640449375 0.32042253593750003 0.4157303375 0.3239436625 0.44382022499999996 0.3274647890625 0.4719101125
3 0.0774647890625 0.5674157296875 0.08802816875 0.5505617984375 0.105633803125 0.505617978125 0.1267605640625 0.4831460671875 0.14436619687500002 0.4719101125 0.1478873234375 0.466292134375 0.14436619687500002 0.4606741578125 0.1338028171875 0.4606741578125 0.11971830937500001 0.4606741578125 0.11267605624999999 0.4550561796875 0.0774647890625 0.5168539328125 0.06338028125 0.556179775 0.06338028125 0.5730337078125001 0.0774647890625 0.5674157296875
3 0.3028169015625 0.6179775281250001 0.30985915468749997 0.6460674156249999 0.32042253593750003 0.6685393265624999 0.33802816875 0.6966292140625 0.345070421875 0.6910112359375 0.35563380312500004 0.67977528125 0.369718309375 0.6460674156249999 0.37323943593750003 0.6292134828125 0.37676056406249997 0.6067415734375 0.380281690625 0.5449438203125 0.37323943593750003 0.522471909375 0.36267605625 0.5168539328125 0.3028169015625 0.5168539328125 0.2957746484375 0.533707865625 0.2957746484375 0.5674157296875 0.2957746484375 0.5842696625 0.3028169015625 0.6179775281250001