3 0.48 0.6284153 0.48 0.601092896875 0.48 0.584699453125 0.48 0.5737704921875 0.4727272734375 0.584699453125 0.43272727343749995 0.590163934375 0.410909090625 0.590163934375 0.40727272656249996 0.595628415625 0.42181818125000003 0.6393442625 0.4436363640625 0.6393442625 0.4763636359375 0.6393442625 0.48 0.6284153
3 0.389090909375 0.5573770484375 0.4 0.590163934375 0.4472727265625 0.590163934375 0.4727272734375 0.584699453125 0.49090909062500004 0.5628415296875 0.49090909062500004 0.5191256828124999 0.4945454546875 0.491803278125 0.4945454546875 0.45901639375 0.49090909062500004 0.4426229515625 0.4872727265625 0.42622950781249996 0.48 0.42076502656250003 0.42181818125000003 0.40437158437500004 0.3963636359375 0.45901639375 0.389090909375 0.491803278125 0.389090909375 0.54098360625 0.389090909375 0.5573770484375
3 0.6072727265625 0.63387978125 0.629090909375 0.6284153 0.6327272734375 0.6229508203125 0.6327272734375 0.601092896875 0.6363636359375 0.584699453125 0.64 0.5683060109375 0.64 0.5628415296875 0.6327272734375 0.5628415296875 0.6 0.5628415296875 0.610909090625 0.5737704921875 0.6 0.6229508203125 0.6036363640625 0.63387978125 0.6072727265625 0.63387978125
3 0.370909090625 0.6229508203125 0.41818181875000004 0.6393442625 0.41454545468750004 0.6229508203125 0.410909090625 0.6065573765625001 0.40727272656249996 0.595628415625 0.4 0.590163934375 0.39272727343749997 0.5683060109375 0.3854545453125 0.535519125 0.37818181875 0.54098360625 0.3527272734375 0.5464480875 0.349090909375 0.5683060109375 0.3454545453125 0.590163934375 0.34181818124999996 0.6065573765625001 0.370909090625 0.6229508203125
3 0.6945454546875001 0.54098360625 0.70181818125 0.535519125 0.7127272734375001 0.5300546453125 0.7163636359375001 0.502732240625 0.7163636359375001 0.47540983593749997 0.7127272734375001 0.43715847031250005 0.7127272734375001 0.42622950781249996 0.7127272734375001 0.38797814218750004 0.709090909375 0.3770491796875 0.70181818125 0.36612021875 0.6872727265624999 0.3770491796875 0.6799999999999999 0.3770491796875 0.6727272734375 0.38797814218750004 0.669090909375 0.415300546875 0.6654545453125 0.43715847031250005 0.6654545453125 0.5191256828124999 0.6763636359375 0.535519125 0.6945454546875001 0.54098360625
3 0.3454545453125 0.590163934375 0.349090909375 0.5737704921875 0.349090909375 0.5628415296875 0.349090909375 0.5464480875 0.3454545453125 0.535519125 0.3454545453125 0.5300546453125 0.3345454546875 0.5300546453125 0.3272727265625 0.535519125 0.32 0.54098360625 0.3127272734375 0.5519125687499999 0.309090909375 0.5683060109375 0.3054545453125 0.590163934375 0.3454545453125 0.6174863390625001 0.3454545453125 0.601092896875 0.3454545453125 0.590163934375
3 0.6363636359375 0.5628415296875 0.6581818187499999 0.54098360625 0.6654545453125 0.5245901640625 0.6654545453125 0.44808743125 0.6618181812499999 0.4316939890625 0.6545454546875 0.42076502656250003 0.6436363640625 0.398907103125 0.6254545453125 0.3934426234375 0.6072727265625 0.40437158437500004 0.6 0.42622950781249996 0.5963636359375 0.4699453546875 0.5963636359375 0.5245901640625 0.5963636359375 0.5628415296875 0.6145454546875 0.5628415296875 0.6363636359375 0.5628415296875
3 0.27999999999999997 0.5136612015625001 0.2872727265625 0.5519125687499999 0.3054545453125 0.5464480875 0.33090909062499996 0.5245901640625 0.3454545453125 0.497267759375 0.349090909375 0.47540983593749997 0.3454545453125 0.44808743125 0.34181818124999996 0.38797814218750004 0.28363636406250003 0.38797814218750004 0.2763636359375 0.40437158437500004 0.2763636359375 0.44808743125 0.2763636359375 0.4699453546875 0.27272727343750003 0.491803278125 0.27999999999999997 0.5136612015625001
3 0.5745454546875 0.64480874375 0.5963636359375 0.6393442625 0.6 0.6284153 0.610909090625 0.5792349734375 0.610909090625 0.5683060109375 0.5963636359375 0.5683060109375 0.5890909093750001 0.584699453125 0.57818181875 0.601092896875 0.5345454546874999 0.6120218578125 0.5345454546874999 0.6284153 0.53818181875 0.6393442625 0.5599999999999999 0.6393442625 0.5745454546875 0.64480874375
3 0.6654545453125 0.601092896875 0.69818181875 0.5792349734375 0.69818181875 0.5628415296875 0.69818181875 0.5464480875 0.6945454546875001 0.54098360625 0.6763636359375 0.535519125 0.669090909375 0.5245901640625 0.6618181812499999 0.54098360625 0.64 0.5628415296875 0.6363636359375 0.601092896875 0.6363636359375 0.6065573765625001 0.6472727265625 0.6174863390625001 0.6654545453125 0.601092896875
3 0.50181818125 0.601092896875 0.5127272734375 0.6120218578125 0.54181818125 0.6120218578125 0.5709090906250001 0.6065573765625001 0.58181818125 0.595628415625 0.5927272734375 0.5737704921875 0.5963636359375 0.54098360625 0.5927272734375 0.4808743171875 0.5927272734375 0.45901639375 0.5854545453125 0.43715847031250005 0.58181818125 0.415300546875 0.5127272734375 0.4316939890625 0.49818181875 0.4699453546875 0.4945454546875 0.491803278125 0.49090909062500004 0.5683060109375 0.50181818125 0.601092896875
3 0.73818181875 0.497267759375 0.7454545453125 0.502732240625 0.7563636359375 0.47540983593749997 0.7636363640625 0.44808743125 0.7636363640625 0.40983606562499997 0.7563636359375 0.3825136609375 0.74181818125 0.3770491796875 0.7272727265625 0.3825136609375 0.72 0.3934426234375 0.7163636359375001 0.40437158437500004 0.7163636359375001 0.48633879843749994 0.7272727265625 0.48633879843749994 0.73818181875 0.497267759375
3 0.7236363640625 0.5573770484375 0.73818181875 0.54098360625 0.7454545453125 0.5300546453125 0.749090909375 0.5191256828124999 0.74181818125 0.502732240625 0.730909090625 0.48633879843749994 0.72 0.491803278125 0.72 0.497267759375 0.7163636359375001 0.5245901640625 0.6945454546875001 0.54098360625 0.69818181875 0.5464480875 0.69818181875 0.5792349734375 0.709090909375 0.5683060109375 0.7236363640625 0.5573770484375
3 0.2763636359375 0.4699453546875 0.2763636359375 0.44808743125 0.27999999999999997 0.38797814218750004 0.2545454546875 0.38797814218750004 0.24 0.38797814218750004 0.22909090937499998 0.398907103125 0.22909090937499998 0.45901639375 0.24 0.5191256828124999 0.2654545453125 0.497267759375 0.2763636359375 0.4699453546875
3 0.5345454546874999 0.6393442625 0.5345454546874999 0.6174863390625001 0.530909090625 0.6120218578125 0.52 0.6120218578125 0.50181818125 0.601092896875 0.49090909062500004 0.5683060109375 0.4872727265625 0.5737704921875 0.48 0.6393442625 0.49090909062500004 0.64480874375 0.5163636359375 0.6393442625 0.5345454546874999 0.6393442625
3 0.36 0.5464480875 0.38181818125 0.535519125 0.389090909375 0.464480875 0.37818181875 0.4426229515625 0.370909090625 0.4316939890625 0.3454545453125 0.42622950781249996 0.349090909375 0.4808743171875 0.349090909375 0.5136612015625001 0.3527272734375 0.5464480875 0.36 0.5464480875