3 0.6275167781250001 0.5147929 0.64765100625 0.5384615390625 0.681208053125 0.5443786984375001 0.7147650999999999 0.532544378125 0.721476509375 0.520710059375 0.7248322140625 0.49704142031250004 0.7248322140625 0.467455621875 0.721476509375 0.437869821875 0.7181208046875 0.3964497046875 0.708053690625 0.34911242656249997 0.6912751671875 0.3076923078125 0.661073825 0.3076923078125 0.6375838921875 0.33727810625 0.6308724828125001 0.3668639046875 0.6208053687499999 0.467455621875 0.6208053687499999 0.4911242609375 0.6275167781250001 0.5147929
3 0.6342281875 0.7218934906250001 0.6510067109375 0.7218934906250001 0.67449664375 0.6923076921875 0.6879194625 0.60946745625 0.6879194625 0.6035502953125 0.681208053125 0.5384615390625 0.6510067109375 0.5443786984375001 0.6275167781250001 0.5147929 0.6208053687499999 0.5029585796875 0.6174496640625 0.5443786984375001 0.614093959375 0.562130178125 0.587248321875 0.5680473375 0.5906040265625 0.6390532546875 0.6040268453125 0.6686390531249999 0.6241610734374999 0.7041420125 0.6342281875 0.7218934906250001
3 0.7416107375000001 0.7041420125 0.7550335578125 0.621301775 0.7550335578125 0.5739644968750001 0.7550335578125 0.5443786984375001 0.751677853125 0.520710059375 0.7248322140625 0.4911242609375 0.7248322140625 0.5088757390625 0.7181208046875 0.532544378125 0.6879194625 0.5443786984375001 0.6845637578125 0.5502958578125 0.6845637578125 0.5976331359375 0.70134228125 0.6449704140625 0.7248322140625 0.6982248515625 0.7416107375000001 0.7041420125
3 0.8892617453125 0.45562130156249997 0.899328859375 0.42011834375 0.9026845640625 0.39053254375 0.90604026875 0.3668639046875 0.90604026875 0.343195265625 0.90604026875 0.33727810625 0.8791946312500001 0.343195265625 0.8590604031250001 0.384615384375 0.8557046984375001 0.437869821875 0.8758389265625001 0.45562130156249997 0.8892617453125 0.45562130156249997
3 0.3288590609375 0.7337278109375001 0.34563758437500003 0.7455621296875 0.35234899375 0.7455621296875 0.3657718125 0.710059171875 0.372483221875 0.6804733734374999 0.37919463124999997 0.6449704140625 0.3825503359375 0.615384615625 0.37919463124999997 0.60946745625 0.3624161078125 0.60946745625 0.3355704703125 0.5917159765625 0.318791946875 0.5680473375 0.305369128125 0.520710059375 0.305369128125 0.49704142031250004 0.291946309375 0.5384615390625 0.29865771875 0.615384615625 0.3020134234375 0.6508875734374999 0.3154362421875 0.7041420125 0.3288590609375 0.7337278109375001
3 0.318791946875 0.5680473375 0.33221476562499996 0.5917159765625 0.359060403125 0.60946745625 0.43288590625 0.5976331359375 0.4429530203125 0.5502958578125 0.446308725 0.5147929 0.4496644296875 0.467455621875 0.4429530203125 0.44378698281249995 0.41275167812499997 0.378698225 0.3892617453125 0.331360946875 0.35570469843749997 0.32544378749999997 0.3422818796875 0.33727810625 0.318791946875 0.36094674531250004 0.3154362421875 0.4319526625 0.3020134234375 0.48520709999999995 0.3020134234375 0.5147929 0.318791946875 0.5680473375
3 0.181208053125 0.5443786984375001 0.19127516718749998 0.5384615390625 0.19798657656250002 0.5029585796875 0.2046979859375 0.479289940625 0.20805369062499998 0.4615384609375 0.21140939531249997 0.44378698281249995 0.21476510000000001 0.39053254375 0.19798657656250002 0.36094674531250004 0.19127516718749998 0.33727810625 0.1879194625 0.31952662656249997 0.140939596875 0.31952662656249997 0.140939596875 0.4023668640625 0.14429530156249998 0.467455621875 0.15771812031250002 0.5029585796875 0.181208053125 0.5443786984375001
3 0.7416107375000001 0.5088757390625 0.7583892624999999 0.532544378125 0.7818791953125 0.5266272187500001 0.791946309375 0.5088757390625 0.79865771875 0.4911242609375 0.8020134234375 0.467455621875 0.805369128125 0.4319526625 0.805369128125 0.42011834375 0.805369128125 0.34911242656249997 0.7953020140625 0.3076923078125 0.7751677859375 0.3076923078125 0.7583892624999999 0.331360946875 0.7416107375000001 0.36094674531250004 0.721476509375 0.4319526625 0.7248322140625 0.4497041421875 0.7248322140625 0.467455621875 0.72818791875 0.4911242609375 0.7416107375000001 0.5088757390625
3 0.8087248328125 0.47337278125 0.8288590609375 0.49704142031250004 0.8523489937500001 0.4911242609375 0.8557046984375001 0.467455621875 0.8590604031250001 0.384615384375 0.8590604031250001 0.331360946875 0.8422818796874999 0.343195265625 0.8221476515624999 0.378698225 0.805369128125 0.40828402343750003 0.8020134234375 0.44378698281249995 0.8087248328125 0.47337278125
3 0.51342281875 0.7218934906250001 0.5302013421875 0.7455621296875 0.5369127515625001 0.7514792906250001 0.546979865625 0.7396449703125 0.56711409375 0.710059171875 0.56711409375 0.6745562125 0.5704697984375 0.621301775 0.5704697984375 0.6035502953125 0.5704697984375 0.5739644968750001 0.479865771875 0.5917159765625 0.48322147656250003 0.627218934375 0.5033557046875 0.66272189375 0.5100671140624999 0.6863905328125 0.51342281875 0.7218934906250001
3 0.1375838921875 0.479289940625 0.140939596875 0.4615384609375 0.140939596875 0.384615384375 0.100671140625 0.33727810625 0.11073825468750001 0.41420118281249996 0.10738255000000001 0.467455621875 0.1241610734375 0.5029585796875 0.1375838921875 0.479289940625
3 0.2248322140625 0.6982248515625 0.2382550328125 0.6923076921875 0.2550335578125 0.6745562125 0.2818791953125 0.621301775 0.291946309375 0.6035502953125 0.291946309375 0.5857988171875 0.28859060468750003 0.5384615390625 0.27181208125 0.562130178125 0.2583892625 0.562130178125 0.21476510000000001 0.532544378125 0.20805369062499998 0.60946745625 0.20805369062499998 0.6508875734374999 0.20805369062499998 0.6745562125 0.2248322140625 0.6982248515625
3 0.1879194625 0.615384615625 0.194630871875 0.5857988171875 0.19798657656250002 0.5562130171875 0.20134228125 0.5029585796875 0.20134228125 0.4911242609375 0.19127516718749998 0.532544378125 0.181208053125 0.5443786984375001 0.15771812031250002 0.5088757390625 0.15771812031250002 0.5739644968750001 0.15771812031250002 0.621301775 0.16778523437499998 0.6331360953125 0.1879194625 0.615384615625
3 0.3959731546875 0.6035502953125 0.39261745000000003 0.656804734375 0.3959731546875 0.6982248515625 0.42281879218749996 0.7514792906250001 0.4362416109375 0.763313609375 0.45973154374999997 0.7337278109375001 0.4630872484375 0.710059171875 0.46644295312499995 0.6923076921875 0.46644295312499995 0.6390532546875 0.479865771875 0.615384615625 0.479865771875 0.6035502953125 0.47651006718750005 0.57988165625 0.46979865781249996 0.5266272187500001 0.4496644296875 0.520710059375 0.446308725 0.5502958578125 0.42953020156250005 0.5976331359375 0.3959731546875 0.6035502953125
3 0.8087248328125 0.5680473375 0.8087248328125 0.5502958578125 0.8087248328125 0.532544378125 0.805369128125 0.5029585796875 0.8020134234375 0.4911242609375 0.791946309375 0.5088757390625 0.7818791953125 0.5266272187500001 0.7550335578125 0.532544378125 0.7583892624999999 0.5680473375 0.77181208125 0.60946745625 0.8087248328125 0.627218934375 0.8087248328125 0.5680473375
3 0.5100671140624999 0.5857988171875 0.553691275 0.5739644968750001 0.614093959375 0.562130178125 0.6208053687499999 0.520710059375 0.6174496640625 0.49704142031250004 0.6174496640625 0.47337278125 0.6107382546875 0.42603550312499994 0.600671140625 0.39053254375 0.587248321875 0.34911242656249997 0.5738255031249999 0.331360946875 0.54026845625 0.331360946875 0.5033557046875 0.384615384375 0.4899328859375 0.41420118281249996 0.46644295312499995 0.467455621875 0.47651006718750005 0.5857988171875 0.48322147656250003 0.5917159765625 0.5100671140624999 0.5857988171875
3 0.8590604031250001 0.5739644968750001 0.8557046984375001 0.5443786984375001 0.8557046984375001 0.520710059375 0.8523489937500001 0.4911242609375 0.8288590609375 0.49704142031250004 0.805369128125 0.47337278125 0.8087248328125 0.5029585796875 0.818791946875 0.5562130171875 0.832214765625 0.57988165625 0.8590604031250001 0.5739644968750001
3 0.20805369062499998 0.5088757390625 0.2181208046875 0.5384615390625 0.2550335578125 0.562130178125 0.27181208125 0.562130178125 0.28523489999999996 0.5443786984375001 0.2953020140625 0.5266272187500001 0.3020134234375 0.4911242609375 0.3020134234375 0.467455621875 0.29865771875 0.4497041421875 0.2953020140625 0.44378698281249995 0.2818791953125 0.41420118281249996 0.2751677859375 0.384615384375 0.27181208125 0.343195265625 0.265100671875 0.32544378749999997 0.24496644218750002 0.331360946875 0.22147650937500002 0.343195265625 0.21476510000000001 0.384615384375 0.21140939531249997 0.45562130156249997 0.20134228125 0.48520709999999995 0.20805369062499998 0.5088757390625