3 0.644366196875 0.6327683609375 0.644366196875 0.6384180796875001 0.700704225 0.644067796875 0.707746478125 0.59887005625 0.707746478125 0.5762711859375 0.7042253515625 0.531073446875 0.7042253515625 0.5197740109375 0.6971830984375 0.502824859375 0.6901408453125 0.48587570625 0.6760563375 0.48022598906249997 0.654929578125 0.49152542343750005 0.6338028171875 0.5197740109375 0.6408450703125 0.5367231640625 0.6408450703125 0.5932203390625 0.644366196875 0.6327683609375
3 0.4542253515625 0.6779661015625 0.4788732390625 0.68361581875 0.492957746875 0.6666666671875 0.5035211265624999 0.6214689265625 0.5 0.5480225984375 0.5 0.5197740109375 0.4894366203125 0.51412429375 0.42605633750000005 0.51412429375 0.42253521093749996 0.54237288125 0.42605633750000005 0.6384180796875001 0.43661971875 0.6666666671875 0.4542253515625 0.6779661015625
3 0.3415492953125 0.48022598906249997 0.369718309375 0.48587570625 0.380281690625 0.48022598906249997 0.38732394375 0.474576271875 0.39436619687499996 0.4632768359375 0.39436619687499996 0.35593220312499996 0.31338028125 0.34463276875000004 0.30985915468749997 0.40677966093749995 0.3169014078125 0.44067796562500006 0.3239436625 0.4632768359375 0.3415492953125 0.48022598906249997
3 0.28873239375000004 0.5875706218750001 0.28873239375000004 0.615819209375 0.2957746484375 0.6384180796875001 0.299295775 0.65536723125 0.32042253593750003 0.6666666671875 0.3415492953125 0.6497175140625 0.34859155 0.6384180796875001 0.35915492968749996 0.615819209375 0.35563380312500004 0.5932203390625 0.35915492968749996 0.54237288125 0.36267605625 0.5197740109375 0.32042253593750003 0.4632768359375 0.306338028125 0.48022598906249997 0.2957746484375 0.5197740109375 0.29225352187500003 0.5593220343749999 0.28873239375000004 0.5875706218750001
3 0.8661971828125001 0.3898305078125 0.855633803125 0.3672316390625 0.8485915500000001 0.3502824859375 0.8274647890625 0.3898305078125 0.8485915500000001 0.4350282484375 0.8661971828125001 0.45762711874999995 0.8732394359375 0.41242937812499997 0.8661971828125001 0.3898305078125
3 0.7253521125 0.4632768359375 0.7429577468749999 0.45762711874999995 0.75 0.44632768437500003 0.7535211265624999 0.42937853125 0.7605633796875 0.40677966093749995 0.7605633796875 0.384180790625 0.7640845078125 0.35593220312499996 0.7640845078125 0.327683615625 0.7640845078125 0.3220338984375 0.7218309859375001 0.3220338984375 0.700704225 0.3502824859375 0.7042253515625 0.384180790625 0.700704225 0.4237288140625 0.7147887328125 0.44632768437500003 0.7253521125 0.4632768359375
3 0.8028169015625 0.40677966093749995 0.8169014078125001 0.39548022656250004 0.8169014078125001 0.384180790625 0.8169014078125001 0.3615819203125 0.8169014078125001 0.31638418125 0.8133802812500001 0.299435028125 0.7852112671875 0.31073446250000003 0.7640845078125 0.3333333328125 0.7640845078125 0.39548022656250004 0.7781690140624999 0.4237288140625 0.7957746484375 0.41242937812499997 0.8028169015625 0.40677966093749995
3 0.7218309859375001 0.5932203390625 0.732394365625 0.6214689265625 0.75 0.62711864375 0.767605634375 0.6214689265625 0.7816901406250001 0.6101694921874999 0.792253521875 0.5932203390625 0.7746478875 0.553672315625 0.7711267609375 0.531073446875 0.767605634375 0.51412429375 0.7605633796875 0.49152542343750005 0.7535211265624999 0.48587570625 0.7253521125 0.46892655312500003 0.7112676062500001 0.51412429375 0.7042253515625 0.531073446875 0.7112676062500001 0.5762711859375 0.7218309859375001 0.5932203390625
3 0.5105633796875 0.65536723125 0.5211267609375 0.6666666671875 0.56338028125 0.6666666671875 0.5704225359375 0.6045197734375 0.5669014078125 0.51412429375 0.5 0.5084745765625 0.5 0.54237288125 0.5035211265624999 0.59887005625 0.5035211265624999 0.62711864375 0.5105633796875 0.65536723125
3 0.5704225359375 0.51412429375 0.5915492953125 0.5084745765625 0.6091549296875 0.502824859375 0.6232394359375 0.502824859375 0.6267605640625 0.4632768359375 0.6267605640625 0.4237288140625 0.6267605640625 0.39548022656250004 0.6197183093749999 0.3672316390625 0.6197183093749999 0.35593220312499996 0.5035211265624999 0.3615819203125 0.5070422531250001 0.474576271875 0.5105633796875 0.49152542343750005 0.5211267609375 0.5084745765625 0.5704225359375 0.51412429375
3 0.7429577468749999 0.45762711874999995 0.7288732390625 0.4632768359375 0.7570422531250001 0.48587570625 0.767605634375 0.5084745765625 0.7781690140624999 0.553672315625 0.799295775 0.5875706218750001 0.8169014078125001 0.5875706218750001 0.8169014078125001 0.5593220343749999 0.8169014078125001 0.5367231640625 0.8098591546874999 0.5197740109375 0.8028169015625 0.48022598906249997 0.799295775 0.4632768359375 0.7816901406250001 0.4237288140625 0.7781690140624999 0.4237288140625 0.7640845078125 0.40677966093749995 0.7570422531250001 0.41242937812499997 0.75 0.44632768437500003 0.7429577468749999 0.45762711874999995
3 0.193661971875 0.5480225984375 0.19718309843749998 0.497175140625 0.22887323906249998 0.4237288140625 0.23943662031250001 0.41807909531250004 0.23591549218750002 0.40677966093749995 0.22535211249999998 0.41242937812499997 0.20422535156250002 0.41242937812499997 0.200704225 0.39548022656250004 0.1795774640625 0.44067796562500006 0.1795774640625 0.48022598906249997 0.18661971875 0.531073446875 0.193661971875 0.5480225984375
3 0.8345070421875 0.5480225984375 0.8521126765625 0.5197740109375 0.86267605625 0.49152542343750005 0.86267605625 0.4632768359375 0.8521126765625 0.44067796562500006 0.8274647890625 0.3898305078125 0.8204225359375 0.3898305078125 0.8133802812500001 0.39548022656250004 0.7816901406250001 0.4237288140625 0.799295775 0.46892655312500003 0.8133802812500001 0.525423728125 0.8239436625 0.553672315625 0.8345070421875 0.5480225984375
3 0.20422535156250002 0.5762711859375 0.21126760625 0.57062146875 0.2218309859375 0.553672315625 0.2605633796875 0.4519774015625 0.257042253125 0.4350282484375 0.2464788734375 0.41242937812499997 0.23591549218750002 0.41807909531250004 0.193661971875 0.497175140625 0.193661971875 0.531073446875 0.193661971875 0.57062146875 0.20422535156250002 0.5762711859375
3 0.36267605625 0.62711864375 0.36267605625 0.644067796875 0.369718309375 0.6610169484374999 0.39084507031250004 0.672316384375 0.419014084375 0.6497175140625 0.42605633750000005 0.6384180796875001 0.42253521093749996 0.57062146875 0.42253521093749996 0.5367231640625 0.42605633750000005 0.51412429375 0.39084507031250004 0.5084745765625 0.3661971828125 0.5084745765625 0.35915492968749996 0.54237288125 0.35915492968749996 0.5875706218750001 0.36267605625 0.62711864375
3 0.2640845078125 0.6497175140625 0.281690140625 0.615819209375 0.2852112671875 0.5932203390625 0.2852112671875 0.57062146875 0.299295775 0.502824859375 0.2711267609375 0.4632768359375 0.25352112656250003 0.4632768359375 0.22535211249999998 0.553672315625 0.22535211249999998 0.62711864375 0.2464788734375 0.6384180796875001 0.2640845078125 0.6497175140625
3 0.242957746875 0.40677966093749995 0.25352112656250003 0.3615819203125 0.25 0.3220338984375 0.1901408453125 0.3220338984375 0.19718309843749998 0.3785310734375 0.20422535156250002 0.40677966093749995 0.22535211249999998 0.41807909531250004 0.242957746875 0.40677966093749995
3 0.6408450703125 0.48587570625 0.66197183125 0.49152542343750005 0.6795774640625 0.474576271875 0.6901408453125 0.4632768359375 0.6971830984375 0.4519774015625 0.700704225 0.39548022656250004 0.700704225 0.37288135625 0.700704225 0.3615819203125 0.6971830984375 0.3333333328125 0.6971830984375 0.327683615625 0.654929578125 0.327683615625 0.6408450703125 0.34463276875000004 0.6302816906250001 0.3672316390625 0.6267605640625 0.40112994375 0.6267605640625 0.4632768359375 0.6338028171875 0.474576271875 0.6408450703125 0.48587570625
3 0.6232394359375 0.6610169484374999 0.6338028171875 0.6497175140625 0.63732394375 0.62711864375 0.6408450703125 0.6045197734375 0.6408450703125 0.54237288125 0.6338028171875 0.5197740109375 0.6302816906250001 0.5084745765625 0.6161971828125 0.5084745765625 0.5669014078125 0.51412429375 0.5739436625 0.615819209375 0.58802816875 0.644067796875 0.605633803125 0.6666666671875 0.6232394359375 0.6610169484374999
3 0.8485915500000001 0.3502824859375 0.8485915500000001 0.3333333328125 0.8485915500000001 0.31638418125 0.8133802812500001 0.31073446250000003 0.8204225359375 0.3615819203125 0.8204225359375 0.3898305078125 0.8274647890625 0.3898305078125 0.8485915500000001 0.3502824859375
3 0.48591549218749996 0.51412429375 0.5 0.502824859375 0.5070422531250001 0.49152542343750005 0.5070422531250001 0.4632768359375 0.5070422531250001 0.3672316390625 0.39436619687499996 0.35593220312499996 0.39436619687499996 0.474576271875 0.40492957812499997 0.5084745765625 0.42957746406249997 0.51412429375 0.48591549218749996 0.51412429375
3 0.2957746484375 0.44632768437500003 0.30985915468749997 0.40677966093749995 0.31338028125 0.33898305156249997 0.25 0.34463276875000004 0.25352112656250003 0.35593220312499996 0.2464788734375 0.384180790625 0.2781690140625 0.44067796562500006 0.2957746484375 0.44632768437500003
3 0.19718309843749998 0.384180790625 0.193661971875 0.3672316390625 0.1901408453125 0.3220338984375 0.15140845 0.31638418125 0.16197183125 0.3615819203125 0.1725352109375 0.3785310734375 0.1830985921875 0.39548022656250004 0.19718309843749998 0.384180790625