3 0.356 0.23378582187500002 0.372 0.2247360484375 0.38 0.21116138750000002 0.368 0.20512820468749998 0.362 0.1945701359375 0.36 0.180995475 0.356 0.17043740624999998 0.348 0.15987933593749998 0.33799999999999997 0.1523378578125 0.32599999999999996 0.147812971875 0.31 0.1523378578125 0.304 0.1644042234375 0.304 0.20060331874999998 0.31 0.229260934375 0.32999999999999996 0.238310709375 0.356 0.23378582187500002
3 0.518 0.2820512828125 0.528 0.2880844640625 0.5519999999999999 0.2880844640625 0.592 0.28657616875 0.5980000000000001 0.27903469062499997 0.588 0.263951734375 0.5780000000000001 0.23227752656249998 0.5740000000000001 0.22624434375 0.568 0.2202111609375 0.554 0.215686275 0.514 0.2202111609375 0.514 0.23529411718749998 0.514 0.2579185515625 0.514 0.268476621875 0.518 0.2820512828125
3 0.45999999999999996 0.283559578125 0.484 0.2880844640625 0.502 0.2880844640625 0.508 0.2805429859375 0.51 0.2699849171875 0.514 0.25641025625 0.516 0.23680241249999998 0.516 0.22624434375 0.512 0.2202111609375 0.48 0.22171945625 0.462 0.22171945625 0.44800000000000006 0.2247360484375 0.446 0.25037707343750004 0.45 0.26696832656249997 0.45199999999999996 0.27450980468749997 0.45999999999999996 0.283559578125
3 0.368 0.20361990937500002 0.374 0.208144796875 0.39 0.2126696828125 0.44000000000000006 0.2126696828125 0.45599999999999996 0.208144796875 0.458 0.19155354375 0.458 0.1719457015625 0.45599999999999996 0.15837104062500001 0.45199999999999996 0.1417797890625 0.446 0.13122171875 0.426 0.123680240625 0.414 0.123680240625 0.40599999999999997 0.1221719453125 0.388 0.1251885375 0.38 0.13574660624999998 0.358 0.1674208140625 0.36 0.180995475 0.362 0.19607843125 0.368 0.20361990937500002
3 0.642 0.22624434375 0.6519999999999999 0.21116138750000002 0.654 0.1975867265625 0.654 0.184012065625 0.654 0.168929109375 0.648 0.1568627453125 0.644 0.146304675 0.622 0.14027149375 0.612 0.1493212671875 0.62 0.16138763125 0.626 0.17345399687500002 0.626 0.184012065625 0.616 0.19004524843749998 0.58 0.1975867265625 0.584 0.199095021875 0.608 0.20361990937500002 0.612 0.214177978125 0.626 0.22624434375 0.642 0.22624434375
3 0.5820000000000001 0.19607843125 0.614 0.19004524843749998 0.626 0.180995475 0.626 0.17043740624999998 0.618 0.162895928125 0.612 0.1493212671875 0.5940000000000001 0.1297134234375 0.5860000000000001 0.12066364999999998 0.5740000000000001 0.1146304671875 0.554 0.123680240625 0.546 0.1508295625 0.544 0.15837104062500001 0.554 0.1825037703125 0.5820000000000001 0.19607843125
3 0.32999999999999996 0.2895927609375 0.32999999999999996 0.2805429859375 0.32599999999999996 0.268476621875 0.324 0.25641025625 0.324 0.248868778125 0.32599999999999996 0.2398190046875 0.316 0.23378582187500002 0.296 0.23529411718749998 0.286 0.23680241249999998 0.274 0.248868778125 0.268 0.27903469062499997 0.27799999999999997 0.283559578125 0.306 0.28657616875 0.32999999999999996 0.2895927609375
3 0.4 0.2820512828125 0.43 0.29110105625 0.45999999999999996 0.2850678734375 0.45199999999999996 0.2730015078125 0.446 0.25037707343750004 0.44800000000000006 0.24132729999999997 0.45 0.2247360484375 0.45 0.2202111609375 0.438 0.2202111609375 0.40599999999999997 0.22322775312499998 0.388 0.22775263906249998 0.392 0.23378582187500002 0.396 0.2518853703125 0.398 0.26696832656249997 0.4 0.2820512828125
3 0.632 0.2895927609375 0.6679999999999999 0.2850678734375 0.674 0.27903469062499997 0.674 0.27149321249999997 0.6719999999999999 0.2594268484375 0.6679999999999999 0.25037707343750004 0.658 0.23680241249999998 0.646 0.23529411718749998 0.634 0.238310709375 0.63 0.2428355953125 0.634 0.2549019609375 0.632 0.27903469062499997 0.632 0.2895927609375
3 0.308 0.2171945703125 0.304 0.18853695312500002 0.282 0.1764705875 0.272 0.1719457015625 0.258 0.177978884375 0.25 0.18853695312500002 0.242 0.199095021875 0.236 0.21116138750000002 0.25 0.2473604828125 0.272 0.2473604828125 0.298 0.23076923124999998 0.308 0.2171945703125
3 0.374 0.2895927609375 0.396 0.2895927609375 0.396 0.27149321249999997 0.398 0.25641025625 0.394 0.23529411718749998 0.388 0.23227752656249998 0.364 0.22775263906249998 0.32599999999999996 0.24132729999999997 0.32599999999999996 0.25641025625 0.32799999999999996 0.2730015078125 0.33399999999999996 0.2880844640625 0.374 0.2895927609375
3 0.5860000000000001 0.25641025625 0.592 0.268476621875 0.6 0.27903469062499997 0.596 0.2850678734375 0.62 0.2880844640625 0.632 0.28657616875 0.632 0.2624434390625 0.632 0.2549019609375 0.628 0.244343890625 0.624 0.23378582187500002 0.62 0.22624434375 0.61 0.215686275 0.604 0.21116138750000002 0.5940000000000001 0.2126696828125 0.5820000000000001 0.22171945625 0.5780000000000001 0.22775263906249998 0.576 0.23529411718749998 0.5860000000000001 0.25641025625
3 0.46799999999999997 0.22171945625 0.49400000000000005 0.2202111609375 0.544 0.2171945703125 0.554 0.20663649999999997 0.554 0.1870286578125 0.55 0.17496229218749998 0.542 0.1568627453125 0.536 0.143288084375 0.528 0.1342383109375 0.508 0.123680240625 0.49000000000000005 0.123680240625 0.48200000000000004 0.1266968328125 0.466 0.14027149375 0.454 0.15987933593749998 0.45999999999999996 0.1719457015625 0.45599999999999996 0.208144796875 0.45999999999999996 0.2171945703125 0.46799999999999997 0.22171945625