3 0.9756097562500001 0.1325301203125 0.9756097562500001 0.1024096390625 0.9634146343750001 0.0903614453125 0.94308943125 0.1024096390625 0.922764228125 0.1385542171875 0.902439025 0.162650603125 0.8943089437499999 0.2710843375 0.8902439031249999 0.28313252968749997 0.939024390625 0.307228915625 0.9634146343750001 0.277108434375 0.9674796750000001 0.2289156625 0.9756097562500001 0.1325301203125
3 0.995934959375 0.42771084375 0.99186991875 0.3734939765625 0.9837398374999999 0.337349396875 0.9756097562500001 0.307228915625 0.9674796750000001 0.28313252968749997 0.9634146343750001 0.277108434375 0.939024390625 0.307228915625 0.8943089437499999 0.28915662656249996 0.8943089437499999 0.2951807234375 0.906504065625 0.4096385546875 0.955284553125 0.457831325 0.9837398374999999 0.46385542187500006 0.995934959375 0.42771084375
3 0.569105690625 0.48795180781249997 0.5772357718750001 0.4759036140625 0.585365853125 0.41566264999999997 0.585365853125 0.3313253015625 0.52439024375 0.3253012046875 0.48780487812500006 0.307228915625 0.471544715625 0.30120481875 0.467479675 0.3734939765625 0.47560975625 0.3975903609375 0.495934959375 0.4397590359375 0.528455284375 0.48192771093750003 0.569105690625 0.48795180781249997
3 0.10975609687500001 0.2951807234375 0.1300813015625 0.2951807234375 0.1666666671875 0.28313252968749997 0.17479674843749998 0.265060240625 0.1707317078125 0.24698795156250003 0.1626016265625 0.19277108437499998 0.1585365859375 0.15662650625000002 0.1585365859375 0.1385542171875 0.1504065046875 0.120481928125 0.1422764234375 0.1024096390625 0.12195121874999999 0.07831325312500001 0.1138211375 0.0602409640625 0.08943089374999999 0.0542168671875 0.08943089374999999 0.09638554218749999 0.09756097500000001 0.1385542171875 0.101626015625 0.28915662656249996 0.10975609687500001 0.2951807234375
3 0.8048780484375 0.48192771093750003 0.8008130078125 0.3975903609375 0.8048780484375 0.3674698796875 0.8048780484375 0.3253012046875 0.8008130078125 0.30120481875 0.7886178859374999 0.28313252968749997 0.6991869921875 0.307228915625 0.7154471546875001 0.39156626562499997 0.7439024390625 0.4457831328125 0.7845528453124999 0.5 0.8048780484375 0.48192771093750003
3 0.43495935 0.31325301250000004 0.455284553125 0.2951807234375 0.463414634375 0.277108434375 0.467479675 0.2108433734375 0.463414634375 0.1686746984375 0.455284553125 0.1325301203125 0.44308943125000005 0.09638554218749999 0.422764228125 0.0662650609375 0.398373984375 0.0481927703125 0.36991869843749997 0.036144578125 0.3495934953125 0.030120481249999997 0.32520325156249996 0.042168675 0.3048780484375 0.0602409640625 0.2845528453125 0.1265060234375 0.2967479671875 0.24698795156250003 0.3089430890625 0.2951807234375 0.3617886171875 0.31927710781249996 0.43495935 0.31325301250000004
3 0.8983739843749999 0.4759036140625 0.91056910625 0.41566264999999997 0.8902439031249999 0.28915662656249996 0.8821138218750001 0.2951807234375 0.8211382109375001 0.30120481875 0.7886178859374999 0.28313252968749997 0.8008130078125 0.2951807234375 0.8089430890625 0.38554216874999997 0.8536585359375 0.43373493906249994 0.8821138218750001 0.4759036140625 0.8983739843749999 0.4759036140625
3 0.7113821140625001 0.4096385546875 0.7113821140625001 0.37951807187500003 0.6991869921875 0.307228915625 0.6463414640625 0.277108434375 0.6341463421875 0.277108434375 0.617886178125 0.31325301250000004 0.585365853125 0.3313253015625 0.585365853125 0.337349396875 0.585365853125 0.41566264999999997 0.6504065046874999 0.457831325 0.6951219515625 0.4457831328125 0.7113821140625001 0.4096385546875
3 0.6463414640625 0.277108434375 0.6951219515625 0.307228915625 0.7073170734375 0.30120481875 0.7845528453124999 0.28915662656249996 0.7926829265625 0.2048192765625 0.7926829265625 0.1325301203125 0.7804878046875 0.11445783125 0.7682926828125 0.09638554218749999 0.7398373984375 0.09638554218749999 0.7154471546875001 0.1024096390625 0.6991869921875 0.120481928125 0.6626016265625 0.150602409375 0.6585365859375 0.162650603125 0.6504065046874999 0.2289156625 0.6463414640625 0.277108434375
3 0.077235771875 0.28915662656249996 0.101626015625 0.28313252968749997 0.101626015625 0.22289156562499998 0.09756097500000001 0.18674698750000002 0.09756097500000001 0.1385542171875 0.08943089374999999 0.09638554218749999 0.077235771875 0.08433735 0.052845528125 0.0662650609375 0.04065040625 0.07831325312500001 0.048780487500000004 0.1686746984375 0.052845528125 0.2108433734375 0.06910569062500001 0.265060240625 0.077235771875 0.28915662656249996
3 0.4186991875 0.49397590312500006 0.43902439062500004 0.4759036140625 0.4512195125 0.4397590359375 0.45934959375 0.40361445781249994 0.463414634375 0.35542168749999997 0.463414634375 0.277108434375 0.45934959375 0.28915662656249996 0.430894309375 0.31927710781249996 0.3577235765625 0.3253012046875 0.3617886171875 0.38554216874999997 0.3658536578125 0.41566264999999997 0.398373984375 0.48192771093750003 0.4186991875 0.49397590312500006
3 0.11788617812499999 0.45180722968750003 0.1382113828125 0.4096385546875 0.1504065046875 0.38554216874999997 0.1626016265625 0.3674698796875 0.17479674843749998 0.34939759062500003 0.17479674843749998 0.28313252968749997 0.1300813015625 0.30120481875 0.1138211375 0.2951807234375 0.10975609687500001 0.30120481875 0.10569105625 0.34337349375000004 0.10569105625 0.3614457828125 0.10569105625 0.39156626562499997 0.11788617812499999 0.45180722968750003
3 0.5813008125 0.3313253015625 0.617886178125 0.31325301250000004 0.6341463421875 0.277108434375 0.6422764234375 0.234939759375 0.6463414640625 0.19277108437499998 0.6463414640625 0.1325301203125 0.6463414640625 0.09638554218749999 0.6260162609375 0.0602409640625 0.593495934375 0.0481927703125 0.56504065 0.0481927703125 0.55691056875 0.0481927703125 0.532520325 0.0602409640625 0.504065040625 0.0903614453125 0.47967479687500003 0.1265060234375 0.467479675 0.1686746984375 0.463414634375 0.277108434375 0.47560975625 0.307228915625 0.528455284375 0.3253012046875 0.5813008125 0.3313253015625
3 0.093495934375 0.38554216874999997 0.10569105625 0.37951807187500003 0.10569105625 0.3253012046875 0.10569105625 0.307228915625 0.10569105625 0.2951807234375 0.101626015625 0.277108434375 0.077235771875 0.28915662656249996 0.06504065 0.25903614531249997 0.060975609374999996 0.2710843375 0.05691056875 0.31927710781249996 0.048780487500000004 0.35542168749999997 0.052845528125 0.37951807187500003 0.093495934375 0.38554216874999997
3 0.3089430890625 0.45180722968750003 0.3414634140625 0.4457831328125 0.3414634140625 0.4397590359375 0.3536585359375 0.4096385546875 0.3617886171875 0.37951807187500003 0.3577235765625 0.31927710781249996 0.3089430890625 0.2951807234375 0.2967479671875 0.25301204843749997 0.2723577234375 0.277108434375 0.25609756093749997 0.2951807234375 0.25609756093749997 0.41566264999999997 0.2601626015625 0.4457831328125 0.2764227640625 0.45180722968750003 0.3089430890625 0.45180722968750003
3 0.2317073171875 0.2951807234375 0.2601626015625 0.2951807234375 0.2723577234375 0.2710843375 0.2926829265625 0.24698795156250003 0.2845528453125 0.1325301203125 0.2601626015625 0.09638554218749999 0.24390243906250003 0.09638554218749999 0.20325203281249998 0.1024096390625 0.18292682968750001 0.1024096390625 0.1666666671875 0.108433734375 0.1585365859375 0.150602409375 0.1707317078125 0.234939759375 0.18292682968750001 0.2710843375 0.2317073171875 0.2951807234375
3 0.1951219515625 0.42771084375 0.2073170734375 0.4096385546875 0.23983739843750002 0.37951807187500003 0.23983739843750002 0.3734939765625 0.24390243906250003 0.2951807234375 0.2317073171875 0.2951807234375 0.18292682968750001 0.2710843375 0.17479674843749998 0.28915662656249996 0.17479674843749998 0.37951807187500003 0.1788617890625 0.41566264999999997 0.18292682968750001 0.43373493906249994 0.1951219515625 0.42771084375
3 0.902439025 0.1445783125 0.902439025 0.07831325312500001 0.8902439031249999 0.0481927703125 0.8455284546874999 0.0903614453125 0.8130081296875 0.1325301203125 0.7926829265625 0.15662650625000002 0.7926829265625 0.2108433734375 0.7845528453124999 0.277108434375 0.7886178859374999 0.28313252968749997 0.8211382109375001 0.30120481875 0.8821138218750001 0.2951807234375 0.8943089437499999 0.2710843375 0.902439025 0.1445783125