3 0.12014134218750001 0.5017730499999999 0.12131919843750001 0.5407801421875 0.12367491093750001 0.5549645390625 0.12720848125 0.5744680843750001 0.14134275624999998 0.6187943265625 0.1802120140625 0.643617021875 0.19199057656250001 0.6258865250000001 0.209658421875 0.608156028125 0.227326265625 0.579787234375 0.2485276796875 0.544326240625 0.2544169609375 0.5230496453125 0.2485276796875 0.4964539 0.23439340468749997 0.48049645312499994 0.230859834375 0.47872340468749996 0.227326265625 0.46453900781249996 0.223792696875 0.452127659375 0.208480565625 0.4343971625 0.202591284375 0.4290780140625 0.1707891640625 0.4379432625 0.1566548875 0.45567375937500004 0.14369846875 0.47163120625 0.12131919843750001 0.4893617015625 0.12014134218750001 0.5017730499999999
3 0.228504121875 0.7836879437500001 0.232037690625 0.8138297874999999 0.232037690625 0.8191489359374999 0.24028268593750002 0.8421985812499999 0.2508833921875 0.8510638296874999 0.27561837499999997 0.8546099296874999 0.294464075 0.8386524828124999 0.29799764375 0.831560284375 0.3050647828125 0.8191489359374999 0.31330977656250003 0.8014184390624999 0.31448763281250003 0.7836879437500001 0.3180212015625 0.762411346875 0.31095406406250004 0.7464539 0.30270906875 0.7287234046875 0.29564193125 0.72163120625 0.285041225 0.7127659578125 0.27090695 0.7109929078125 0.2520612484375 0.7092198578125 0.2426383984375 0.7163120562499999 0.228504121875 0.734042553125 0.226148409375 0.7606382984375 0.228504121875 0.7836879437500001
3 0.228504121875 0.1666666671875 0.2544169609375 0.17730496406250001 0.2661955234375 0.173758865625 0.27797408749999997 0.1507092203125 0.28621908125 0.1312056734375 0.285041225 0.1187943265625 0.28386336874999996 0.1028368796875 0.28150765624999996 0.09042553125 0.27561837499999997 0.08333333281250001 0.2614840984375 0.0709219859375 0.24146054218750002 0.049645390625 0.226148409375 0.0407801421875 0.21672555937500002 0.0372340421875 0.19905771562500002 0.046099290625 0.19905771562500002 0.1046099296875 0.210836278125 0.15602836874999998 0.221436984375 0.15602836874999998 0.228504121875 0.1666666671875
0 0.71378091875 0.16843971562499999 0.714958775 0.17553191562499998 0.71849234375 0.17553191562499998 0.72084805625 0.17198581562499998 0.72555948125 0.16843971562499999 0.72791519375 0.16843971562499999 0.7314487625 0.1666666671875 0.7314487625 0.1631205671875 0.72909305 0.1613475171875 0.72555948125 0.15602836874999998 0.72084805625 0.15602836874999998 0.7173144875 0.15425531875 0.714958775 0.1613475171875 0.71378091875 0.16843971562499999
0 0.24028268593750002 0.737588653125 0.23910482968750002 0.7429078015624999 0.24146054218750002 0.7482269500000001 0.2426383984375 0.7535461 0.2438162546875 0.7606382984375 0.2438162546875 0.765957446875 0.2461719671875 0.769503546875 0.2508833921875 0.767730496875 0.2544169609375 0.7606382984375 0.2567726734375 0.7570921984375001 0.2614840984375 0.75 0.26266195468750003 0.7393617015625 0.26383981093750003 0.732269503125 0.2603062421875 0.71985815625 0.2532391046875 0.7234042546875 0.2485276796875 0.730496453125 0.2449941109375 0.7287234046875 0.24028268593750002 0.737588653125
3 0.7538280328125 0.17198581562499998 0.7620730265625 0.1365248234375 0.7656065953125 0.125886525 0.7608951703125 0.1152482265625 0.7561837453125 0.11347517656249999 0.7373380453125 0.122340425 0.724381625 0.1347517734375 0.71613663125 0.15425531875 0.71378091875 0.1666666671875 0.69729093125 0.19680851093750001 0.7055359250000001 0.2127659578125 0.7220259125 0.2109929078125 0.7373380453125 0.1897163125 0.7538280328125 0.17198581562499998
3 0.6183745578125001 0.1471631203125 0.6289752656250001 0.138297871875 0.638398115625 0.140070921875 0.647820965625 0.11702127656250001 0.648998821875 0.09574468124999999 0.646643109375 0.079787234375 0.643109540625 0.0531914890625 0.6277974093750001 0.012411346875 0.6124852765625 0.03191489375 0.6042402828125 0.049645390625 0.58892815 0.0620567375 0.5771495875 0.0726950359375 0.574793875 0.1294326234375 0.6124852765625 0.1507092203125 0.6183745578125001 0.1471631203125
0 0.14958775 0.487588653125 0.154299175 0.49822695 0.16372202656249998 0.5017730499999999 0.1719670203125 0.5070921984375001 0.1755005890625 0.5070921984375001 0.1755005890625 0.49290780156249997 0.1755005890625 0.49113475156249997 0.1802120140625 0.487588653125 0.18963486406250002 0.48226950312500005 0.20023557187500002 0.47163120625 0.1837455828125 0.46631205624999994 0.1672555953125 0.47163120625 0.154299175 0.47517730468749997 0.14958775 0.487588653125
3 0.501766784375 0 0.47585394531249997 0.0372340421875 0.4782096578125 0.0638297875 0.4746760890625 0.081560284375 0.4699646640625 0.108156028125 0.4664310953125 0.127659575 0.4711425203125 0.138297871875 0.4805653703125 0.1453900703125 0.497055359375 0.1471631203125 0.513545346875 0.143617021875 0.5347467609375001 0.1453900703125 0.5583038874999999 0.1471631203125 0.57008245 0.143617021875 0.574793875 0.1347517734375 0.57597173125 0.1152482265625 0.5771495875 0.0886524828125 0.57597173125 0.0673758859375 0.56890459375 0.03191489375 0.5571260312499999 0.0088652484375 0.5477031796875 0.00177305 0.5371024734375001 0 0.5359246171875001 0 0.501766784375 0
3 0.1778563015625 0.20212765937500002 0.19199057656250001 0.19858156093749998 0.204946996875 0.1843971625 0.21672555937500002 0.1826241140625 0.224970553125 0.17553191562499998 0.229681978125 0.1666666671875 0.221436984375 0.15602836874999998 0.209658421875 0.15602836874999998 0.20141342812500002 0.1152482265625 0.197879859375 0.1046099296875 0.1696113078125 0.0709219859375 0.154299175 0.0638297875 0.1519434625 0.09751773124999999 0.14016489999999998 0.106382978125 0.1071849234375 0.1152482265625 0.0942285046875 0.15248226874999998 0.1107184921875 0.17730496406250001 0.15547703125 0.17198581562499998 0.1648998828125 0.19326241093750002 0.1778563015625 0.20212765937500002
3 0.4817432265625 0.918439715625 0.4746760890625 0.918439715625 0.4711425203125 0.918439715625 0.4664310953125 0.9202127656249999 0.4617196703125 0.9379432624999999 0.4676089515625 0.9574468078124999 0.48409894062500003 0.9751773046875 0.502944640625 0.980496453125 0.512367490625 0.9734042546874999 0.5276796234375001 0.9645390078125 0.5406360421875 0.955673759375 0.5535924624999999 0.9379432624999999 0.5594817437499999 0.9255319156249999 0.5606595999999999 0.90602836875 0.5618374562499999 0.8989361703125001 0.5571260312499999 0.893617021875 0.5535924624999999 0.890070921875 0.5488810359375 0.8865248234375 0.5453474671875 0.8829787234375001 0.5394581859375001 0.8794326234375 0.492343934375 0.8687943265625 0.488810365625 0.8865248234375 0.487632509375 0.90602836875 0.485276796875 0.918439715625 0.4817432265625 0.918439715625
3 0.31213192031250003 0.90248226875 0.3239104828125 0.9131205671875 0.3380447578125 0.9113475171875001 0.35453474687500003 0.90425531875 0.363957596875 0.893617021875 0.369846878125 0.877659575 0.372202590625 0.8670212765624999 0.372202590625 0.8546099296874999 0.368669021875 0.84042553125 0.365135453125 0.8368794328125 0.356890459375 0.8297872343750001 0.3380447578125 0.8191489359374999 0.31330977656250003 0.8421985812499999 0.3038869265625 0.8546099296874999 0.3050647828125 0.8829787234375001 0.31213192031250003 0.90248226875
3 0.3757361609375 0 0.366313309375 0.015957446875 0.361601884375 0.03368794375 0.360424028125 0.0531914890625 0.360424028125 0.0709219859375 0.356890459375 0.09042553125 0.358068315625 0.111702128125 0.359246171875 0.1152482265625 0.372202590625 0.1329787234375 0.3863368671875 0.143617021875 0.4028268546875 0.143617021875 0.41931684375 0.1365248234375 0.43580683125 0.1347517734375 0.4393404 0.127659575 0.44287396875 0.109929078125 0.4499411078125 0.09219858125 0.4546525328125 0.07801418437499999 0.4546525328125 0.0656028375 0.4546525328125 0.0585106390625 0.4605418140625 0.044326240625 0.4581861015625 0.017730496875 0.4475853953125 0.0053191484375 0.44522968125 0.00177305 0.44051825625 0.00177305 0.43580683125 0 0.3757361609375 0
3 0.6124852765625 0.7765957453125 0.6160188453125001 0.7925531921875 0.6183745578125001 0.8049645390625001 0.631330978125 0.8226950359374999 0.646643109375 0.8262411343749999 0.657243815625 0.8244680843750001 0.6702002359375 0.8138297874999999 0.6784452296875 0.8031914890625 0.6890459359375 0.767730496875 0.6890459359375 0.7535461 0.6855123671875 0.7393617015625 0.6843345109375 0.703900709375 0.6808009421875 0.6950354609375 0.6760895171875 0.6897163125 0.6725559484375 0.6843971625 0.6666666671875 0.6773049640625 0.654888103125 0.6808510640625001 0.640753828125 0.6879432624999999 0.6207302703125 0.730496453125 0.6148409890625001 0.7570921984375001 0.6124852765625 0.7765957453125
0 0.654888103125 0.7517730499999999 0.6702002359375 0.7429078015624999 0.6737338046875 0.7234042546875 0.6749116609375 0.7092198578125 0.6760895171875 0.7003546093749999 0.6690223796875 0.6897163125 0.6643109546875 0.6861702125 0.652532390625 0.6826241140625 0.648998821875 0.6879432624999999 0.638398115625 0.6950354609375 0.6230859828125 0.734042553125 0.6230859828125 0.7588652484375 0.636042403125 0.7570921984375001 0.654888103125 0.7517730499999999
0 0.5901060078125 0.8333333328125001 0.5912838640625 0.8421985812499999 0.5936395765625 0.84574468125 0.6018845703125 0.8421985812499999 0.6089517078125 0.8421985812499999 0.6113074203125 0.8333333328125001 0.6089517078125 0.831560284375 0.6065959953125 0.8297872343750001 0.6054181390625 0.8191489359374999 0.6018845703125 0.8191489359374999 0.5912838640625 0.8244680843750001 0.58892815 0.8297872343750001 0.5901060078125 0.8333333328125001
0 0.3180212015625 0.08333333281250001 0.3262661953125 0.09574468124999999 0.3286219078125 0.0868794328125 0.3297997640625 0.0673758859375 0.3274440515625 0.0567375890625 0.3215547703125 0.046099290625 0.3168433453125 0.0425531921875 0.30859835156250004 0.046099290625 0.30624263906250004 0.0585106390625 0.30742049531250004 0.07624113437499999 0.30977620781250004 0.08333333281250001 0.3180212015625 0.08333333281250001
0 0.5371024734375001 0.015957446875 0.5453474671875 0.0212765953125 0.5512367484375 0.0248226953125 0.5583038874999999 0.026595745312500002 0.5512367484375 0.015957446875 0.5453474671875 0.0106382984375 0.5323910484375001 0.00177305 0.5217903421875 0.0088652484375 0.5288574796875001 0.014184396875 0.5371024734375001 0.015957446875
3 0.3828032984375 0.9202127656249999 0.3769140171875 0.9361702125000001 0.3757361609375 0.9361702125000001 0.3757361609375 0.9450354609374999 0.4087161359375 0.9787234046875 0.42991755 0.9822695031249999 0.44522968125 0.9787234046875 0.4605418140625 0.9609929078125001 0.4640753828125 0.9503546093749999 0.4605418140625 0.9397163125000001 0.4617196703125 0.9273049640625001 0.4499411078125 0.9202127656249999 0.43816254375 0.9078014187500001 0.41931684375 0.9007092203125 0.41460541875 0.90602836875 0.4028268546875 0.90602836875 0.3992932859375 0.9078014187500001 0.3851590109375 0.9202127656249999 0.3828032984375 0.9202127656249999
3 0.650176678125 0.18794326249999999 0.658421671875 0.1950354609375 0.6725559484375 0.1950354609375 0.6831566546875 0.19680851093750001 0.6961130734375 0.19326241093750002 0.69729093125 0.1950354609375 0.7126030625 0.170212765625 0.7126030625 0.1453900703125 0.7220259125 0.11702127656250001 0.724381625 0.09219858125 0.714958775 0.0656028375 0.6961130734375 0.0691489359375 0.6843345109375 0.07801418437499999 0.6784452296875 0.0851063828125 0.6607773859375 0.10106382968750001 0.646643109375 0.1152482265625 0.639575971875 0.140070921875 0.632508834375 0.138297871875 0.634864546875 0.15602836874999998 0.643109540625 0.1648936171875 0.645465253125 0.1808510640625 0.650176678125 0.18794326249999999
3 0.654888103125 0.5035461 0.651354534375 0.515957446875 0.654888103125 0.5336879437500001 0.6666666671875 0.5531914890625 0.6855123671875 0.5726950359375 0.71024735 0.5886524828125 0.72320376875 0.6046099296875 0.7408716140625 0.609929078125 0.7479387515625 0.606382978125 0.7632508828125 0.59219858125 0.771495878125 0.579787234375 0.779740871875 0.5656028375 0.784452296875 0.544326240625 0.785630153125 0.5230496453125 0.785630153125 0.5035461 0.784452296875 0.46985815625000005 0.780918728125 0.45567375937500004 0.772673734375 0.4450354609375 0.7396937578125 0.4166666671875 0.7196702 0.40248226875000004 0.69729093125 0.40425531875000004 0.6749116609375 0.425531915625 0.659599528125 0.45390070937500004 0.656065959375 0.47872340468749996 0.654888103125 0.5035461
3 0.5630153124999999 0.8297872343750001 0.5559481749999999 0.8492907796875 0.5524146046875 0.8652482265625 0.5524146046875 0.872340425 0.5535924624999999 0.891843971875 0.57361601875 0.9148936171875001 0.5924617203125 0.9131205671875 0.6077738515625 0.8971631203125 0.6195524140625001 0.8652482265625 0.6242638390625 0.8421985812499999 0.6277974093750001 0.8297872343750001 0.6277974093750001 0.8262411343749999 0.6207302703125 0.8209219859375001 0.6113074203125 0.8120567375000001 0.5936395765625 0.8138297874999999 0.57126030625 0.8191489359374999 0.5630153124999999 0.8297872343750001
0 0.6855123671875 0.09397163124999999 0.6902237921875 0.10106382968750001 0.69964664375 0.11347517656249999 0.7078916375000001 0.124113475 0.7043580687500001 0.111702128125 0.6984687875 0.10106382968750001 0.7031802125 0.09219858125 0.7055359250000001 0.0851063828125 0.7031802125 0.074468084375 0.6925795046875 0.07624113437499999 0.6855123671875 0.079787234375 0.6819787984375 0.0868794328125 0.6855123671875 0.09397163124999999
3 0.30035335625 0.1365248234375 0.3156654890625 0.1365248234375 0.3227326265625 0.1365248234375 0.3286219078125 0.127659575 0.3297997640625 0.1028368796875 0.3297997640625 0.09219858125 0.3345111890625 0.07801418437499999 0.342756184375 0.0531914890625 0.342756184375 0.046099290625 0.3368669015625 0.0372340421875 0.3321554765625 0.0354609921875 0.3156654890625 0.03368794375 0.29328621875 0.02836879375 0.285041225 0.0372340421875 0.28150765624999996 0.0868794328125 0.2873969375 0.127659575 0.294464075 0.1329787234375 0.30035335625 0.1365248234375
3 0.8221436984375 0.1046099296875 0.797408715625 0.1152482265625 0.776207303125 0.12056737656250001 0.767962309375 0.124113475 0.7644287390625 0.127659575 0.7620730265625 0.143617021875 0.7585394578125 0.1613475171875 0.7514723203125 0.173758865625 0.7491166078125 0.1826241140625 0.7573616015625 0.18617021250000002 0.779740871875 0.19680851093750001 0.7950530031249999 0.1950354609375 0.8221436984375 0.1046099296875