3 0.24727272656250002 0.7540983609375 0.2654545453125 0.7540983609375 0.30181818125 0.72677595625 0.3272727265625 0.6830601093750001 0.3236363640625 0.6502732234375 0.32 0.6284153 0.30181818125 0.6557377046874999 0.2363636359375 0.64480874375 0.2254545453125 0.6612021859375 0.2254545453125 0.6939890703125 0.22909090937499998 0.72677595625 0.24727272656250002 0.7540983609375
3 0.96 0.45901639375 0.9854545453125001 0.45355191250000004 0.9854545453125001 0.3934426234375 0.970909090625 0.3497267765625 0.9381818187500001 0.2950819671875 0.930909090625 0.2841530046875 0.90181818125 0.2459016390625 0.8872727265625 0.229508196875 0.8690909093749999 0.20218579218750002 0.8472727265625 0.20218579218750002 0.8545454546875 0.278688525 0.9236363640624999 0.42076502656250003 0.930909090625 0.45901639375 0.96 0.45901639375
3 0.3345454546875 0.7103825140625 0.349090909375 0.781420765625 0.3636363640625 0.8087431687500001 0.3854545453125 0.8360655734375 0.43272727343749995 0.8251366125 0.4436363640625 0.8032786890624999 0.4763636359375 0.721311475 0.4763636359375 0.6885245906249999 0.4763636359375 0.6557377046874999 0.4727272734375 0.6393442625 0.46909090937500003 0.6284153 0.46181818124999996 0.6229508203125 0.45818181874999997 0.6174863390625001 0.4472727265625 0.6284153 0.3854545453125 0.6393442625 0.3527272734375 0.595628415625 0.34181818124999996 0.6065573765625001 0.3345454546875 0.63387978125 0.33090909062499996 0.6612021859375 0.3345454546875 0.7103825140625
3 0.6472727265625 0.502732240625 0.6618181812499999 0.5191256828124999 0.6727272734375 0.535519125 0.709090909375 0.54098360625 0.7527272734375 0.5464480875 0.7636363640625 0.535519125 0.7745454546875 0.5136612015625001 0.770909090625 0.464480875 0.7563636359375 0.42076502656250003 0.749090909375 0.3715847 0.7454545453125 0.34426229531249997 0.72 0.3387978140625 0.70181818125 0.316939890625 0.6872727265624999 0.31147540937499996 0.6618181812499999 0.3387978140625 0.64 0.42076502656250003 0.64 0.44808743125 0.6472727265625 0.4699453546875 0.6472727265625 0.502732240625
3 0.06181818125000001 0.6393442625 0.0945454546875 0.6393442625 0.1127272734375 0.6229508203125 0.13818181875 0.6393442625 0.2 0.6229508203125 0.2072727265625 0.595628415625 0.2072727265625 0.535519125 0.2036363640625 0.5136612015625001 0.189090909375 0.497267759375 0.18181818125 0.4699453546875 0.1672727265625 0.4316939890625 0.14181818125 0.40983606562499997 0.12 0.3934426234375 0.090909090625 0.3934426234375 0.08 0.3934426234375 0.0472727265625 0.42076502656250003 0.032727273437499996 0.44808743125 0.018181818750000002 0.5136612015625001 0.0254545453125 0.584699453125 0.0436363640625 0.63387978125 0.06181818125000001 0.6393442625
3 0.0145454546875 0.73770491875 0.04 0.781420765625 0.0472727265625 0.7923497265624999 0.0945454546875 0.8087431687500001 0.16363636406249998 0.81420765 0.17818181875 0.7923497265624999 0.189090909375 0.770491803125 0.21090909062500002 0.7322404375 0.22181818125000002 0.7103825140625 0.22909090937499998 0.672131146875 0.22909090937499998 0.64480874375 0.22909090937499998 0.6393442625 0.22909090937499998 0.6284153 0.22181818125000002 0.6120218578125 0.2036363640625 0.6065573765625001 0.1963636359375 0.6229508203125 0.13818181875 0.6393442625 0.1127272734375 0.6284153 0.0945454546875 0.6393442625 0.06181818125000001 0.6393442625 0.0436363640625 0.6393442625 0.02181818125 0.584699453125 0.018181818750000002 0.590163934375 0.0072727265625 0.6174863390625001 0.0036363640625 0.6557377046874999 0.0072727265625 0.7158469953125 0.0145454546875 0.73770491875
3 0.22909090937499998 0.63387978125 0.24 0.64480874375 0.28363636406250003 0.6502732234375 0.30181818125 0.6502732234375 0.3454545453125 0.595628415625 0.3527272734375 0.5792349734375 0.3454545453125 0.535519125 0.33090909062499996 0.497267759375 0.3272727265625 0.48633879843749994 0.309090909375 0.45355191250000004 0.290909090625 0.42076502656250003 0.2763636359375 0.40437158437500004 0.22909090937499998 0.40437158437500004 0.21818181874999998 0.48633879843749994 0.21090909062500002 0.535519125 0.2145454546875 0.5792349734375 0.22909090937499998 0.63387978125
3 0.7163636359375001 0.6666666671875 0.7345454546875 0.6830601093750001 0.749090909375 0.6612021859375 0.7527272734375 0.63387978125 0.7563636359375 0.601092896875 0.7563636359375 0.5683060109375 0.749090909375 0.5464480875 0.6836363640625 0.54098360625 0.6836363640625 0.584699453125 0.690909090625 0.6065573765625001 0.7127272734375001 0.64480874375 0.7163636359375001 0.6666666671875
3 0.770909090625 0.4699453546875 0.81818181875 0.497267759375 0.850909090625 0.502732240625 0.8836363640625 0.497267759375 0.9199999999999999 0.4808743171875 0.9272727265625 0.45901639375 0.9199999999999999 0.42622950781249996 0.9054545453125 0.3825136609375 0.8872727265625 0.3387978140625 0.8290909093750001 0.24043715781250002 0.8109090906249999 0.224043715625 0.78181818125 0.21857923437500001 0.7636363640625 0.224043715625 0.749090909375 0.2459016390625 0.749090909375 0.32786885312499997 0.749090909375 0.3715847 0.76 0.42076502656250003 0.770909090625 0.4699453546875
3 0.5163636359375 0.5737704921875 0.5454545453125 0.601092896875 0.58181818125 0.6229508203125 0.5927272734375 0.6229508203125 0.6 0.6229508203125 0.64 0.5737704921875 0.6436363640625 0.54098360625 0.6472727265625 0.491803278125 0.6436363640625 0.464480875 0.629090909375 0.4316939890625 0.6145454546875 0.398907103125 0.5927272734375 0.36612021875 0.5745454546875 0.3497267765625 0.53818181875 0.36612021875 0.5127272734375 0.40437158437500004 0.49090909062500004 0.4808743171875 0.49090909062500004 0.5245901640625 0.49818181875 0.5519125687499999 0.5163636359375 0.5737704921875
3 0.77818181875 0.672131146875 0.8 0.6120218578125 0.8036363640624999 0.590163934375 0.8036363640624999 0.5464480875 0.8036363640624999 0.502732240625 0.8036363640624999 0.48633879843749994 0.7745454546875 0.4699453546875 0.7745454546875 0.5136612015625001 0.7672727265625 0.5300546453125 0.7527272734375 0.5464480875 0.7563636359375 0.584699453125 0.7636363640625 0.6229508203125 0.770909090625 0.64480874375 0.77818181875 0.672131146875
3 0.6799999999999999 0.6557377046874999 0.6799999999999999 0.6120218578125 0.6836363640625 0.5737704921875 0.6836363640625 0.5573770484375 0.6836363640625 0.54098360625 0.6618181812499999 0.5245901640625 0.6581818187499999 0.5191256828124999 0.6545454546875 0.5136612015625001 0.6436363640625 0.502732240625 0.64 0.5792349734375 0.6072727265625 0.6229508203125 0.6072727265625 0.6284153 0.6254545453125 0.672131146875 0.6472727265625 0.6939890703125 0.6727272734375 0.6885245906249999 0.6799999999999999 0.6557377046874999
3 0.3563636359375 0.6065573765625001 0.38181818125 0.63387978125 0.3854545453125 0.6393442625 0.40727272656249996 0.6393442625 0.4436363640625 0.63387978125 0.45818181874999997 0.6174863390625001 0.4872727265625 0.5792349734375 0.4945454546875 0.5464480875 0.49090909062500004 0.5136612015625001 0.4763636359375 0.4699453546875 0.4654545453125 0.45355191250000004 0.45818181874999997 0.44808743125 0.44000000000000006 0.415300546875 0.4036363640625 0.398907103125 0.389090909375 0.38797814218750004 0.3854545453125 0.38797814218750004 0.3527272734375 0.40437158437500004 0.3454545453125 0.5245901640625 0.349090909375 0.5628415296875 0.349090909375 0.5792349734375 0.3563636359375 0.6065573765625001
3 0.4945454546875 0.6885245906249999 0.50181818125 0.721311475 0.52 0.7431693984375001 0.5599999999999999 0.770491803125 0.58181818125 0.781420765625 0.6 0.7431693984375001 0.6072727265625 0.7103825140625 0.6072727265625 0.6830601093750001 0.6036363640625 0.6666666671875 0.5927272734375 0.6284153 0.58181818125 0.6229508203125 0.5454545453125 0.6065573765625001 0.49090909062500004 0.5464480875 0.4872727265625 0.5792349734375 0.46909090937500003 0.6065573765625001 0.4763636359375 0.64480874375 0.4945454546875 0.6885245906249999