3 0.0852713171875 0.5517241375 0.09302325624999999 0.5517241375 0.1860465109375 0.563218390625 0.19379845 0.563218390625 0.20155038749999998 0.5287356328125 0.20930232499999998 0.5057471265625 0.2170542640625 0.45977011562500003 0.20155038749999998 0.436781609375 0.19379845 0.39080459843750004 0.1782945734375 0.34482758593749996 0.1782945734375 0.32183907968750003 0.1317829453125 0.32183907968750003 0.10852713124999999 0.34482758593749996 0.10852713124999999 0.3678160921875 0.10077519374999999 0.40229885000000004 0.0697674421875 0.5057471265625 0.0852713171875 0.5517241375
3 0.0697674421875 0.5057471265625 0.09302325624999999 0.42528735624999997 0.10077519374999999 0.3678160921875 0.10077519374999999 0.3333333328125 0.0697674421875 0.3563218390625 0.062015503125 0.34482758593749996 0.046511628124999996 0.3333333328125 0.0310077515625 0.32183907968750003 0.0310077515625 0.34482758593749996 0.0310077515625 0.5057471265625 0.038759690624999996 0.5172413796875001 0.062015503125 0.5057471265625 0.0697674421875 0.5057471265625
3 0.29457364375 0.5747126437500001 0.34883720937499996 0.563218390625 0.3720930234375 0.5172413796875001 0.3798449609375 0.45977011562500003 0.3798449609375 0.40229885000000004 0.3720930234375 0.3678160921875 0.34883720937499996 0.34482758593749996 0.3255813953125 0.34482758593749996 0.31007751875 0.34482758593749996 0.27131782968749996 0.34482758593749996 0.24806201562500002 0.3678160921875 0.2248062015625 0.45977011562500003 0.2248062015625 0.5287356328125 0.24806201562500002 0.563218390625 0.29457364375 0.5747126437500001
3 0.852713178125 0.6206896546875 0.9224806203125 0.6206896546875 0.937984496875 0.5747126437500001 0.9457364343749999 0.5172413796875001 0.9224806203125 0.4942528734375 0.9147286828125001 0.4942528734375 0.8837209296875 0.5057471265625 0.860465115625 0.48275862031249994 0.8372093015625 0.5172413796875001 0.8294573640625 0.540229884375 0.8294573640625 0.563218390625 0.8294573640625 0.59770115 0.852713178125 0.6206896546875
3 0.6821705421875001 0.5517241375 0.7209302328125 0.5747126437500001 0.7364341078125001 0.563218390625 0.7674418609375 0.540229884375 0.7674418609375 0.48275862031249994 0.759689921875 0.44827586249999996 0.759689921875 0.40229885000000004 0.7364341078125001 0.3793103453125 0.7286821703124999 0.3793103453125 0.6976744187499999 0.39080459843750004 0.6821705421875001 0.413793103125 0.6744186046875 0.436781609375 0.6666666671875 0.45977011562500003 0.6666666671875 0.48275862031249994 0.6666666671875 0.5287356328125 0.6821705421875001 0.5517241375
3 0.7674418609375 0.540229884375 0.8294573640625 0.540229884375 0.852713178125 0.4942528734375 0.852713178125 0.44827586249999996 0.8372093015625 0.42528735624999997 0.8062015499999999 0.42528735624999997 0.7751937984375 0.436781609375 0.7674418609375 0.4712643671875 0.7674418609375 0.5057471265625 0.7674418609375 0.540229884375
3 0.45736434062500003 0.7586206890625 0.47286821718749994 0.735632184375 0.49612403125000004 0.712643678125 0.51162790625 0.6781609203125 0.5271317828125001 0.6436781609375 0.5271317828125001 0.6321839078125 0.5193798453125 0.59770115 0.51162790625 0.5747126437500001 0.50387596875 0.5517241375 0.4108527125 0.5517241375 0.40310077499999997 0.6321839078125 0.4108527125 0.712643678125 0.4186046515625 0.735632184375 0.45736434062500003 0.7586206890625
3 0.356589146875 0.735632184375 0.3643410859375 0.735632184375 0.3720930234375 0.6436781609375 0.3720930234375 0.5287356328125 0.34883720937499996 0.563218390625 0.29457364375 0.5747126437500001 0.26356589218750004 0.5747126437500001 0.27131782968749996 0.6436781609375 0.2790697671875 0.712643678125 0.31007751875 0.72413793125 0.356589146875 0.735632184375
3 0.1782945734375 0.72413793125 0.2248062015625 0.735632184375 0.240310078125 0.712643678125 0.24806201562500002 0.6896551718749999 0.255813953125 0.6551724140624999 0.255813953125 0.6321839078125 0.255813953125 0.6091954015625001 0.255813953125 0.5747126437500001 0.24806201562500002 0.563218390625 0.2248062015625 0.5287356328125 0.2170542640625 0.5172413796875001 0.20930232499999998 0.5172413796875001 0.19379845 0.563218390625 0.1627906984375 0.563218390625 0.1627906984375 0.59770115 0.1627906984375 0.6551724140624999 0.17054263593750002 0.701149425 0.1782945734375 0.72413793125
3 0.558139534375 0.563218390625 0.5813953484375001 0.5747126437500001 0.596899225 0.5747126437500001 0.6124031 0.5747126437500001 0.6356589140625 0.563218390625 0.6666666671875 0.5517241375 0.658914728125 0.5057471265625 0.6666666671875 0.48275862031249994 0.658914728125 0.44827586249999996 0.643410853125 0.40229885000000004 0.6356589140625 0.3793103453125 0.6201550390625 0.3678160921875 0.5813953484375001 0.3678160921875 0.558139534375 0.3678160921875 0.550387596875 0.3678160921875 0.5348837203125 0.39080459843750004 0.5271317828125001 0.45977011562500003 0.5271317828125001 0.5057471265625 0.5426356593749999 0.5517241375 0.558139534375 0.563218390625
3 0.7364341078125001 0.6666666671875 0.7751937984375 0.6666666671875 0.8062015499999999 0.6551724140624999 0.8217054265625 0.6206896546875 0.8294573640625 0.5747126437500001 0.8139534890625001 0.563218390625 0.7984496125 0.5517241375 0.7829457359374999 0.5517241375 0.7751937984375 0.5517241375 0.759689921875 0.540229884375 0.7209302328125 0.5747126437500001 0.6744186046875 0.5517241375 0.6744186046875 0.5747126437500001 0.6821705421875001 0.6206896546875 0.6976744187499999 0.6551724140624999 0.7364341078125001 0.6666666671875
3 0.860465115625 0.48275862031249994 0.8837209296875 0.5057471265625 0.9147286828125001 0.48275862031249994 0.9224806203125 0.45977011562500003 0.9302325578125 0.436781609375 0.9302325578125 0.39080459843750004 0.9302325578125 0.3793103453125 0.9302325578125 0.3678160921875 0.9069767437499999 0.3678160921875 0.8837209296875 0.39080459843750004 0.8759689921874999 0.42528735624999997 0.860465115625 0.45977011562500003 0.860465115625 0.48275862031249994
3 0.1317829453125 0.712643678125 0.139534884375 0.712643678125 0.155038759375 0.6896551718749999 0.1627906984375 0.6551724140624999 0.1627906984375 0.6091954015625001 0.1627906984375 0.563218390625 0.09302325624999999 0.5517241375 0.0852713171875 0.6666666671875 0.09302325624999999 0.6896551718749999 0.10852713124999999 0.72413793125 0.1317829453125 0.712643678125
3 0.5813953484375001 0.701149425 0.6124031 0.735632184375 0.643410853125 0.72413793125 0.6666666671875 0.6896551718749999 0.6744186046875 0.6551724140624999 0.6821705421875001 0.6091954015625001 0.6744186046875 0.59770115 0.658914728125 0.586206896875 0.651162790625 0.5747126437500001 0.6356589140625 0.563218390625 0.6124031 0.5747126437500001 0.5813953484375001 0.5747126437500001 0.5813953484375001 0.586206896875 0.5658914734375 0.59770115 0.5658914734375 0.6091954015625001 0.5658914734375 0.6436781609375 0.5813953484375001 0.701149425
3 0.50387596875 0.5517241375 0.5193798453125 0.5172413796875001 0.5348837203125 0.45977011562500003 0.5193798453125 0.413793103125 0.50387596875 0.3793103453125 0.49612403125000004 0.3678160921875 0.47286821718749994 0.3563218390625 0.449612403125 0.3563218390625 0.4263565890625 0.3563218390625 0.3953488375 0.39080459843750004 0.3953488375 0.5057471265625 0.40310077499999997 0.540229884375 0.4186046515625 0.5517241375 0.50387596875 0.5517241375