3 0.650909090625 0.229508196875 0.6727272734375 0.1967213109375 0.6763636359375 0.18032786875 0.6654545453125 0.16393442656249999 0.650909090625 0.142076503125 0.6363636359375 0.125683059375 0.6254545453125 0.12021857968750001 0.610909090625 0.1147540984375 0.6036363640625 0.10928961718750001 0.5599999999999999 0.15300546406249999 0.5563636359374999 0.1967213109375 0.5927272734375 0.2459016390625 0.62181818125 0.2459016390625 0.650909090625 0.229508196875
3 0.76 0.9071038250000001 0.7636363640625 0.9344262296875 0.77818181875 0.9781420765625001 0.7963636359375 0.99453551875 0.81818181875 0.99453551875 0.8472727265625 0.9836065578125 0.89818181875 0.961748634375 0.89818181875 0.9234972671874999 0.90181818125 0.8524590156249999 0.8872727265625 0.81420765 0.8763636359375001 0.7978142078125 0.8690909093749999 0.7978142078125 0.86181818125 0.7923497265624999 0.8436363640625 0.81420765 0.7854545453124999 0.8360655734375 0.77818181875 0.8524590156249999 0.7672727265625 0.8743169406250001 0.76 0.9071038250000001
3 0.3454545453125 0.2896174859375 0.38181818125 0.2841530046875 0.40727272656249996 0.23497267812499997 0.40727272656249996 0.229508196875 0.41454545468750004 0.1967213109375 0.4036363640625 0.1748633875 0.39272727343749997 0.16393442656249999 0.38181818125 0.15300546406249999 0.36 0.131147540625 0.34181818124999996 0.125683059375 0.3236363640625 0.142076503125 0.3054545453125 0.16393442656249999 0.3054545453125 0.19125683124999998 0.309090909375 0.23497267812499997 0.3272727265625 0.278688525 0.33818181875 0.2896174859375 0.3454545453125 0.2896174859375
3 0.2254545453125 0.99453551875 0.24 0.9781420765625001 0.2545454546875 0.9562841531249999 0.2654545453125 0.9289617484375 0.269090909375 0.8961748640625 0.24 0.863387978125 0.189090909375 0.8360655734375 0.1672727265625 0.8251366125 0.149090909375 0.8087431687500001 0.1272727265625 0.8196721312499999 0.10909090937499999 0.8469945359375 0.10545454531250001 0.8961748640625 0.11636363593750002 0.9453551906250001 0.12 0.9726775953125 0.1272727265625 0.99453551875 0.2254545453125 0.99453551875
3 0.64 0.25683060156250004 0.6581818187499999 0.322404371875 0.6836363640625 0.3497267765625 0.70181818125 0.3606557375 0.72 0.35519125625000003 0.730909090625 0.3387978140625 0.7345454546875 0.27322404375 0.7345454546875 0.24043715781250002 0.730909090625 0.21857923437500001 0.72 0.20218579218750002 0.6872727265624999 0.18579235 0.6763636359375 0.1967213109375 0.6727272734375 0.20218579218750002 0.64 0.23497267812499997 0.64 0.25683060156250004
3 0.6618181812499999 0.4808743171875 0.6799999999999999 0.497267759375 0.6945454546875001 0.508196721875 0.7272727265625 0.502732240625 0.7563636359375 0.497267759375 0.77818181875 0.47540983593749997 0.77818181875 0.45355191250000004 0.77818181875 0.42076502656250003 0.770909090625 0.3770491796875 0.76 0.3606557375 0.7454545453125 0.3497267765625 0.7345454546875 0.3387978140625 0.72 0.35519125625000003 0.7054545453125 0.3606557375 0.6872727265624999 0.35519125625000003 0.6799999999999999 0.3606557375 0.6618181812499999 0.3934426234375 0.6545454546875 0.42076502656250003 0.6545454546875 0.4426229515625 0.6618181812499999 0.4808743171875
3 0.25818181875 0.6557377046874999 0.269090909375 0.6502732234375 0.2872727265625 0.6229508203125 0.290909090625 0.6174863390625001 0.29454545468750004 0.5792349734375 0.30181818125 0.5519125687499999 0.30181818125 0.535519125 0.22909090937499998 0.5191256828124999 0.2072727265625 0.491803278125 0.1927272734375 0.497267759375 0.17090909062499998 0.5300546453125 0.1672727265625 0.5464480875 0.1672727265625 0.5737704921875 0.1745454546875 0.6120218578125 0.18181818125 0.6229508203125 0.2363636359375 0.6612021859375 0.24363636406250003 0.6557377046874999 0.25818181875 0.6557377046874999
3 0.2763636359375 0.5245901640625 0.29454545468750004 0.5136612015625001 0.3054545453125 0.502732240625 0.3236363640625 0.47540983593749997 0.3345454546875 0.464480875 0.3272727265625 0.415300546875 0.3236363640625 0.415300546875 0.3054545453125 0.3934426234375 0.24363636406250003 0.36612021875 0.22909090937499998 0.3606557375 0.21090909062500002 0.36612021875 0.2036363640625 0.43715847031250005 0.21090909062500002 0.4808743171875 0.21090909062500002 0.497267759375 0.2254545453125 0.5136612015625001 0.2763636359375 0.5245901640625
3 0.530909090625 0.18032786875 0.54181818125 0.18579235 0.5599999999999999 0.15300546406249999 0.5890909093750001 0.12021857968750001 0.6145454546875 0.092896175 0.6145454546875 0.0655737703125 0.6145454546875 0.038251365625 0.6072727265625 0.0218579234375 0.6 0.016393442187500003 0.58181818125 0.016393442187500003 0.5636363640625001 0.0109289625 0.5563636359374999 0.00546448125 0.4945454546875 0 0.49090909062500004 0.016393442187500003 0.49090909062500004 0.0655737703125 0.49818181875 0.092896175 0.5127272734375 0.142076503125 0.530909090625 0.18032786875
3 0.4472727265625 0.1584699453125 0.45818181874999997 0.131147540625 0.4654545453125 0.10928961718750001 0.4763636359375 0.0765027328125 0.4727272734375 0.038251365625 0.4654545453125 0 0.4436363640625 0.00546448125 0.429090909375 0.0109289625 0.40727272656249996 0.016393442187500003 0.389090909375 0.016393442187500003 0.3636363640625 0.032786885937499996 0.3563636359375 0.054644809375000006 0.3636363640625 0.125683059375 0.42181818125000003 0.19125683124999998 0.43636363593749994 0.18032786875 0.4472727265625 0.1584699453125
3 0.2036363640625 0.8415300546875001 0.21090909062500002 0.8415300546875001 0.23272727343750002 0.857923496875 0.250909090625 0.8469945359375 0.2654545453125 0.8087431687500001 0.27272727343750003 0.7759562843750001 0.27999999999999997 0.7540983609375 0.28363636406250003 0.721311475 0.27272727343750003 0.677595628125 0.21818181874999998 0.64480874375 0.16 0.6229508203125 0.1345454546875 0.63387978125 0.12 0.6612021859375 0.11636363593750002 0.721311475 0.1236363640625 0.781420765625 0.130909090625 0.8087431687500001 0.149090909375 0.8032786890624999 0.16363636406249998 0.8251366125 0.2036363640625 0.8415300546875001
3 0.7272727265625 0.6284153 0.749090909375 0.63387978125 0.7927272734375 0.6229508203125 0.8145454546875 0.6120218578125 0.8109090906249999 0.5792349734375 0.81818181875 0.5519125687499999 0.8145454546875 0.5136612015625001 0.8072727265624999 0.497267759375 0.7927272734375 0.48633879843749994 0.78181818125 0.47540983593749997 0.7563636359375 0.502732240625 0.72 0.497267759375 0.6872727265624999 0.5519125687499999 0.690909090625 0.5792349734375 0.7054545453125 0.6174863390625001 0.7272727265625 0.6284153
3 0.74181818125 0.8196721312499999 0.7454545453125 0.8196721312499999 0.76 0.8415300546875001 0.8072727265624999 0.8251366125 0.8436363640625 0.81420765 0.85818181875 0.7923497265624999 0.8654545453125 0.765027321875 0.86181818125 0.7322404375 0.8690909093749999 0.6939890703125 0.8654545453125 0.6666666671875 0.850909090625 0.6284153 0.8436363640625 0.6120218578125 0.8327272734375001 0.6065573765625001 0.8290909093750001 0.6120218578125 0.8145454546875 0.6120218578125 0.74181818125 0.6393442625 0.7163636359375001 0.6939890703125 0.7163636359375001 0.7322404375 0.7272727265625 0.7759562843750001 0.74181818125 0.8196721312499999
3 0.3272727265625 0.3387978140625 0.33090909062499996 0.322404371875 0.3272727265625 0.278688525 0.290909090625 0.21857923437500001 0.27272727343750003 0.20218579218750002 0.2545454546875 0.21857923437500001 0.24 0.25683060156250004 0.23272727343750002 0.3005464484375 0.2363636359375 0.3606557375 0.30181818125 0.38797814218750004 0.3163636359375 0.3715847 0.3272727265625 0.3387978140625