3 0.37666666718749997 0.51 0.3866666671875 0.515 0.4033333328125 0.51 0.41 0.51 0.4166666671875 0.5 0.4166666671875 0.49000000000000005 0.4166666671875 0.45999999999999996 0.41333333281250006 0.44000000000000006 0.4 0.425 0.37666666718749997 0.43499999999999994 0.38 0.445 0.37666666718749997 0.485 0.37666666718749997 0.5 0.37666666718749997 0.51
3 0.37333333281250003 0.575 0.37666666718749997 0.5900000000000001 0.4 0.595 0.4 0.585 0.4 0.55 0.4 0.5349999999999999 0.4 0.525 0.4 0.515 0.3966666671875 0.515 0.37333333281250003 0.515 0.37333333281250003 0.52 0.37333333281250003 0.5349999999999999 0.37 0.5549999999999999 0.37333333281250003 0.575
3 0.58 0.5 0.5766666671875 0.51 0.58 0.525 0.5900000000000001 0.525 0.61 0.515 0.62 0.49000000000000005 0.62 0.475 0.6166666671875001 0.45499999999999996 0.6133333328125 0.44000000000000006 0.6033333328125 0.43 0.5866666671874999 0.43 0.5733333328125 0.45499999999999996 0.5766666671875 0.47000000000000003 0.5766666671875 0.49000000000000005 0.58 0.5
3 0.58 0.505 0.5766666671875 0.45999999999999996 0.5700000000000001 0.445 0.5666666671875 0.43 0.5533333328125 0.42000000000000004 0.5366666671875 0.43499999999999994 0.5333333328125 0.445 0.5333333328125 0.45999999999999996 0.5333333328125 0.475 0.5333333328125 0.5 0.5366666671875 0.515 0.5466666671875 0.52 0.5733333328125 0.52 0.58 0.505
3 0.4166666671875 0.49000000000000005 0.4166666671875 0.51 0.43 0.525 0.44000000000000006 0.525 0.4566666671875 0.525 0.46666666718750005 0.515 0.4733333328125 0.505 0.4733333328125 0.495 0.47000000000000003 0.475 0.47000000000000003 0.45999999999999996 0.47000000000000003 0.445 0.46666666718750005 0.43499999999999994 0.4566666671875 0.42000000000000004 0.45 0.41500000000000004 0.44333333281250004 0.41500000000000004 0.44000000000000006 0.41 0.43 0.425 0.4233333328125 0.44000000000000006 0.4166666671875 0.45 0.4166666671875 0.45999999999999996 0.4166666671875 0.49000000000000005
3 0.62 0.5599999999999999 0.63 0.5549999999999999 0.6266666671875 0.54 0.6233333328125 0.525 0.62 0.525 0.61 0.525 0.6 0.53 0.5900000000000001 0.5349999999999999 0.5933333328125 0.545 0.5900000000000001 0.5599999999999999 0.5933333328125 0.585 0.62 0.5599999999999999
3 0.5466666671875 0.58 0.5533333328125 0.585 0.5633333328125001 0.585 0.5700000000000001 0.585 0.5866666671874999 0.585 0.5900000000000001 0.575 0.5900000000000001 0.5599999999999999 0.5866666671874999 0.545 0.5833333328125 0.5349999999999999 0.58 0.53 0.5633333328125001 0.53 0.5566666671875 0.53 0.55 0.53 0.55 0.5599999999999999 0.5433333328125001 0.575 0.5466666671875 0.58
3 0.47000000000000003 0.465 0.47000000000000003 0.475 0.4733333328125 0.49000000000000005 0.4733333328125 0.5 0.4733333328125 0.51 0.4766666671875 0.52 0.48333333281249996 0.525 0.5033333328125 0.53 0.52 0.525 0.5266666671875 0.515 0.5333333328125 0.495 0.53 0.47000000000000003 0.53 0.45999999999999996 0.5233333328125 0.45 0.52 0.43499999999999994 0.5 0.42000000000000004 0.4933333328125 0.425 0.48333333281249996 0.43499999999999994 0.4766666671875 0.44000000000000006 0.4733333328125 0.45499999999999996 0.47000000000000003 0.465
3 0.43 0.605 0.43 0.585 0.43333333281249997 0.5700000000000001 0.43666666718749997 0.5599999999999999 0.43333333281249997 0.54 0.43333333281249997 0.525 0.4266666671875 0.52 0.42000000000000004 0.515 0.4 0.525 0.4 0.5650000000000001 0.4 0.585 0.4066666671875 0.595 0.43 0.605
3 0.5366666671875 0.585 0.5433333328125001 0.58 0.55 0.5599999999999999 0.55 0.53 0.5433333328125001 0.525 0.5333333328125 0.525 0.53 0.525 0.5233333328125 0.525 0.51 0.53 0.51 0.545 0.51 0.58 0.5166666671875 0.5900000000000001 0.5366666671875 0.585
3 0.3433333328125 0.485 0.3566666671875 0.5 0.37333333281250003 0.495 0.37333333281250003 0.49000000000000005 0.38 0.45 0.37666666718749997 0.41500000000000004 0.37 0.41 0.3566666671875 0.41500000000000004 0.35 0.43 0.33999999999999997 0.445 0.33999999999999997 0.45499999999999996 0.3433333328125 0.485
3 0.43333333281249997 0.58 0.44000000000000006 0.5900000000000001 0.46666666718750005 0.5900000000000001 0.47000000000000003 0.58 0.47000000000000003 0.5599999999999999 0.4733333328125 0.5349999999999999 0.47000000000000003 0.52 0.47000000000000003 0.515 0.4533333328125 0.525 0.43333333281249997 0.525 0.43333333281249997 0.54 0.43666666718749997 0.5549999999999999 0.43666666718749997 0.5599999999999999 0.43333333281249997 0.58
3 0.5033333328125 0.5900000000000001 0.5033333328125 0.5700000000000001 0.5066666671875 0.5549999999999999 0.51 0.54 0.51 0.525 0.5033333328125 0.53 0.48666666718749996 0.53 0.4733333328125 0.52 0.4733333328125 0.5349999999999999 0.47000000000000003 0.575 0.4733333328125 0.5900000000000001 0.4966666671875 0.6 0.5033333328125 0.5900000000000001