3 0.17090909062499998 0.6557377046874999 0.1745454546875 0.6393442625 0.17818181875 0.6120218578125 0.18181818125 0.590163934375 0.17818181875 0.5737704921875 0.17090909062499998 0.5737704921875 0.17090909062499998 0.5683060109375 0.1454545453125 0.590163934375 0.13818181875 0.6885245906249999 0.149090909375 0.72677595625 0.1563636359375 0.6939890703125 0.17090909062499998 0.6557377046874999
3 0.3527272734375 0.72677595625 0.37818181875 0.73770491875 0.39272727343749997 0.7158469953125 0.4 0.6885245906249999 0.40727272656249996 0.6557377046874999 0.410909090625 0.63387978125 0.410909090625 0.6065573765625001 0.410909090625 0.590163934375 0.410909090625 0.5737704921875 0.34181818124999996 0.5737704921875 0.32 0.5683060109375 0.32 0.5737704921875 0.3236363640625 0.63387978125 0.3345454546875 0.6830601093750001 0.33818181875 0.6994535515625 0.3527272734375 0.72677595625
3 0.86181818125 0.6174863390625001 0.8763636359375001 0.6557377046874999 0.8872727265625 0.677595628125 0.90181818125 0.6939890703125 0.9090909093749999 0.6939890703125 0.9127272734374999 0.6612021859375 0.9127272734374999 0.6174863390625001 0.9127272734374999 0.5792349734375 0.9127272734374999 0.5573770484375 0.9127272734374999 0.5191256828124999 0.9127272734374999 0.508196721875 0.9090909093749999 0.491803278125 0.8945454546875 0.48633879843749994 0.8836363640625 0.48633879843749994 0.85818181875 0.508196721875 0.82181818125 0.5191256828124999 0.8254545453125001 0.5245901640625 0.8363636359375001 0.54098360625 0.8472727265625 0.584699453125 0.8545454546875 0.601092896875 0.86181818125 0.6174863390625001
3 0.269090909375 0.5464480875 0.2763636359375 0.5245901640625 0.27999999999999997 0.47540983593749997 0.2545454546875 0.3825136609375 0.2254545453125 0.3060109296875 0.21090909062500002 0.2841530046875 0.1927272734375 0.27322404375 0.18181818125 0.27322404375 0.149090909375 0.415300546875 0.149090909375 0.491803278125 0.1745454546875 0.5737704921875 0.21090909062500002 0.5792349734375 0.269090909375 0.5464480875
3 0.709090909375 0.415300546875 0.7127272734375001 0.464480875 0.72 0.502732240625 0.730909090625 0.5136612015625001 0.76 0.535519125 0.77818181875 0.5464480875 0.7854545453124999 0.54098360625 0.8109090906249999 0.5191256828124999 0.82181818125 0.4808743171875 0.8254545453125001 0.45901639375 0.8254545453125001 0.42076502656250003 0.82181818125 0.40983606562499997 0.8109090906249999 0.3770491796875 0.8072727265624999 0.3497267765625 0.8036363640624999 0.316939890625 0.8036363640624999 0.278688525 0.7927272734375 0.2459016390625 0.78181818125 0.24043715781250002 0.770909090625 0.25683060156250004 0.7454545453125 0.31147540937499996 0.74181818125 0.3333333328125 0.73818181875 0.36612021875 0.72 0.398907103125 0.709090909375 0.415300546875
3 0.82181818125 0.47540983593749997 0.81818181875 0.491803278125 0.81818181875 0.5191256828124999 0.8472727265625 0.508196721875 0.8545454546875 0.508196721875 0.8836363640625 0.4808743171875 0.8872727265625 0.45355191250000004 0.8800000000000001 0.42076502656250003 0.8763636359375001 0.3934426234375 0.8763636359375001 0.36612021875 0.8654545453125 0.3333333328125 0.8472727265625 0.3387978140625 0.8400000000000001 0.35519125625000003 0.8254545453125001 0.3934426234375 0.8290909093750001 0.415300546875 0.82181818125 0.47540983593749997
3 0.450909090625 0.5191256828124999 0.4872727265625 0.54098360625 0.5890909093750001 0.5300546453125 0.5927272734375 0.47540983593749997 0.5709090906250001 0.3060109296875 0.5563636359374999 0.278688525 0.53818181875 0.27322404375 0.50181818125 0.278688525 0.4763636359375 0.3005464484375 0.45818181874999997 0.3770491796875 0.450909090625 0.45901639375 0.450909090625 0.5191256828124999
3 0.05818181875 0.7049180328125 0.069090909375 0.6939890703125 0.08 0.677595628125 0.0872727265625 0.6612021859375 0.090909090625 0.6393442625 0.0872727265625 0.6065573765625001 0.0363636359375 0.6120218578125 0.029090909375 0.64480874375 0.032727273437499996 0.6830601093750001 0.050909090625 0.7049180328125 0.05818181875 0.7049180328125
3 0.04 0.6120218578125 0.054545454687499995 0.6120218578125 0.0872727265625 0.6065573765625001 0.11636363593750002 0.5792349734375 0.090909090625 0.5683060109375 0.0763636359375 0.5464480875 0.0654545453125 0.497267759375 0.0363636359375 0.4426229515625 0.0254545453125 0.5136612015625001 0.032727273437499996 0.5573770484375 0.0363636359375 0.5792349734375 0.04 0.6120218578125
3 0.5527272734374999 0.7431693984375001 0.58181818125 0.73770491875 0.5890909093750001 0.6994535515625 0.5963636359375 0.6666666671875 0.6 0.6174863390625001 0.6 0.5792349734375 0.6 0.5464480875 0.6 0.535519125 0.5963636359375 0.5300546453125 0.5127272734375 0.54098360625 0.509090909375 0.63387978125 0.5236363640625 0.6939890703125 0.530909090625 0.721311475 0.5527272734374999 0.7431693984375001
3 0.9854545453125001 0.6229508203125 0.989090909375 0.6065573765625001 0.9963636359375 0.5792349734375 0.9963636359375 0.5136612015625001 0.9636363640625 0.5191256828124999 0.94181818125 0.5245901640625 0.9272727265625 0.5245901640625 0.9345454546875 0.535519125 0.9636363640625 0.595628415625 0.9636363640625 0.6284153 0.970909090625 0.64480874375 0.9854545453125001 0.6229508203125
3 0.789090909375 0.63387978125 0.7963636359375 0.6612021859375 0.81818181875 0.6994535515625 0.8400000000000001 0.721311475 0.8472727265625 0.7103825140625 0.8472727265625 0.6666666671875 0.8472727265625 0.6174863390625001 0.8472727265625 0.595628415625 0.8436363640625 0.5737704921875 0.8400000000000001 0.5573770484375 0.8363636359375001 0.54098360625 0.8290909093750001 0.5245901640625 0.8145454546875 0.5191256828124999 0.77818181875 0.5519125687499999 0.77818181875 0.5628415296875 0.78181818125 0.584699453125 0.7854545453124999 0.6120218578125 0.789090909375 0.63387978125
3 0.2763636359375 0.765027321875 0.28363636406250003 0.770491803125 0.309090909375 0.7322404375 0.3127272734375 0.7103825140625 0.32 0.6612021859375 0.32 0.63387978125 0.32 0.6120218578125 0.3163636359375 0.5792349734375 0.3127272734375 0.5628415296875 0.3054545453125 0.5573770484375 0.29454545468750004 0.5464480875 0.28363636406250003 0.54098360625 0.2763636359375 0.54098360625 0.27272727343750003 0.54098360625 0.26181818125 0.5519125687499999 0.24 0.5683060109375 0.24 0.672131146875 0.24363636406250003 0.7049180328125 0.25818181875 0.73770491875 0.2763636359375 0.765027321875
3 0.629090909375 0.6994535515625 0.6581818187499999 0.721311475 0.6654545453125 0.7103825140625 0.669090909375 0.6830601093750001 0.6763636359375 0.6502732234375 0.6836363640625 0.6284153 0.690909090625 0.595628415625 0.690909090625 0.5683060109375 0.690909090625 0.5464480875 0.690909090625 0.535519125 0.6472727265625 0.535519125 0.5927272734375 0.5191256828124999 0.6 0.535519125 0.6036363640625 0.6065573765625001 0.6036363640625 0.64480874375 0.610909090625 0.6666666671875 0.629090909375 0.6994535515625
3 0.7745454546875 0.7595628421875 0.78181818125 0.7322404375 0.7854545453124999 0.6939890703125 0.789090909375 0.64480874375 0.7854545453124999 0.6065573765625001 0.7745454546875 0.5628415296875 0.770909090625 0.5519125687499999 0.76 0.54098360625 0.749090909375 0.5300546453125 0.74181818125 0.5245901640625 0.7236363640625 0.5136612015625001 0.7163636359375001 0.502732240625 0.7127272734375001 0.497267759375 0.6945454546875001 0.54098360625 0.690909090625 0.601092896875 0.690909090625 0.6284153 0.7345454546875 0.73770491875 0.7745454546875 0.7595628421875
3 0.4436363640625 0.721311475 0.45818181874999997 0.73770491875 0.4654545453125 0.73770491875 0.4945454546875 0.721311475 0.49818181875 0.6830601093750001 0.509090909375 0.6065573765625001 0.509090909375 0.5792349734375 0.5127272734375 0.5519125687499999 0.509090909375 0.54098360625 0.49090909062500004 0.5464480875 0.450909090625 0.5245901640625 0.4472727265625 0.5300546453125 0.41818181875000004 0.5737704921875 0.41818181875000004 0.6174863390625001 0.43272727343749995 0.677595628125 0.4436363640625 0.721311475
3 0.3236363640625 0.5683060109375 0.3563636359375 0.5737704921875 0.41454545468750004 0.5737704921875 0.450909090625 0.5300546453125 0.4436363640625 0.4808743171875 0.44000000000000006 0.43715847031250005 0.43636363593749994 0.3770491796875 0.429090909375 0.3497267765625 0.4254545453125 0.32786885312499997 0.40727272656249996 0.2950819671875 0.3963636359375 0.278688525 0.370909090625 0.278688525 0.3636363640625 0.278688525 0.34181818124999996 0.2950819671875 0.3345454546875 0.322404371875 0.3054545453125 0.42622950781249996 0.29818181875 0.502732240625 0.309090909375 0.54098360625 0.3236363640625 0.5683060109375
3 0.18181818125 0.6939890703125 0.1854545453125 0.7158469953125 0.2036363640625 0.7486338796875 0.2072727265625 0.7486338796875 0.2145454546875 0.72677595625 0.2254545453125 0.7049180328125 0.23272727343750002 0.6830601093750001 0.24 0.6666666671875 0.24 0.6502732234375 0.24 0.5628415296875 0.21090909062500002 0.5792349734375 0.17818181875 0.5792349734375 0.18181818125 0.590163934375 0.17818181875 0.63387978125 0.17818181875 0.6502732234375 0.18181818125 0.6939890703125
3 0.11636363593750002 0.5683060109375 0.12 0.5628415296875 0.1236363640625 0.5519125687499999 0.1236363640625 0.535519125 0.12 0.5191256828124999 0.11636363593750002 0.491803278125 0.10909090937499999 0.4699453546875 0.0945454546875 0.45355191250000004 0.0654545453125 0.42622950781249996 0.06181818125000001 0.491803278125 0.07272727343749999 0.54098360625 0.09818181875000001 0.5683060109375 0.11636363593750002 0.5683060109375
3 0.130909090625 0.5573770484375 0.13818181875 0.590163934375 0.149090909375 0.584699453125 0.17090909062499998 0.5683060109375 0.1454545453125 0.497267759375 0.1454545453125 0.42076502656250003 0.1127272734375 0.3825136609375 0.10909090937499999 0.4426229515625 0.10181818125 0.45901639375 0.1272727265625 0.54098360625 0.130909090625 0.5573770484375
3 0.9381818187500001 0.502732240625 0.9345454546875 0.5136612015625001 0.9163636359374999 0.497267759375 0.9090909093749999 0.497267759375 0.9163636359374999 0.5136612015625001 0.9236363640624999 0.5245901640625 0.9345454546875 0.5245901640625 0.94181818125 0.5245901640625 0.96 0.5136612015625001 0.970909090625 0.5136612015625001 0.989090909375 0.502732240625 0.9854545453125001 0.4699453546875 0.9854545453125001 0.44808743125 0.9781818187500001 0.4316939890625 0.96 0.3770491796875 0.9527272734375 0.38797814218750004 0.9527272734375 0.415300546875 0.949090909375 0.464480875 0.9381818187500001 0.502732240625
3 0.96 0.595628415625 0.9527272734375 0.5737704921875 0.94181818125 0.5464480875 0.9345454546875 0.535519125 0.9199999999999999 0.535519125 0.9163636359374999 0.535519125 0.9199999999999999 0.6065573765625001 0.949090909375 0.64480874375 0.9672727265625 0.63387978125 0.96 0.595628415625
3 0.8872727265625 0.45355191250000004 0.8872727265625 0.464480875 0.890909090625 0.48633879843749994 0.89818181875 0.48633879843749994 0.9163636359374999 0.491803278125 0.930909090625 0.5136612015625001 0.9454545453125001 0.4808743171875 0.949090909375 0.45355191250000004 0.9527272734375 0.40437158437500004 0.949090909375 0.35519125625000003 0.9272727265625 0.2950819671875 0.9199999999999999 0.31147540937499996 0.9054545453125 0.34426229531249997 0.890909090625 0.3825136609375 0.8836363640625 0.42076502656250003 0.8872727265625 0.45355191250000004
3 0.6145454546875 0.5191256828124999 0.6472727265625 0.535519125 0.6727272734375 0.535519125 0.6945454546875001 0.5300546453125 0.709090909375 0.497267759375 0.709090909375 0.43715847031250005 0.709090909375 0.3934426234375 0.7054545453125 0.3497267765625 0.690909090625 0.3005464484375 0.6799999999999999 0.2841530046875 0.6654545453125 0.278688525 0.64 0.2841530046875 0.62181818125 0.316939890625 0.6036363640625 0.3715847 0.5963636359375 0.42622950781249996 0.5927272734375 0.5136612015625001 0.5963636359375 0.5136612015625001 0.6145454546875 0.5191256828124999
3 0.08 0.6830601093750001 0.0836363640625 0.7103825140625 0.090909090625 0.72677595625 0.10181818125 0.7322404375 0.1127272734375 0.7322404375 0.1272727265625 0.7158469953125 0.13818181875 0.6939890703125 0.14181818125 0.672131146875 0.1454545453125 0.590163934375 0.13818181875 0.590163934375 0.1345454546875 0.5573770484375 0.1236363640625 0.54098360625 0.1236363640625 0.5519125687499999 0.11636363593750002 0.5628415296875 0.09818181875000001 0.5683060109375 0.11636363593750002 0.5792349734375 0.0872727265625 0.6065573765625001 0.090909090625 0.64480874375 0.0872727265625 0.672131146875 0.08 0.6830601093750001