3 0.73024523125 0.9230769234375 0.7465940046874999 0.9140271500000001 0.7683923703125 0.8416289593749999 0.7656675749999999 0.6651583703124999 0.760217984375 0.6470588234375 0.7493188015625 0.63800905 0.73841961875 0.63800905 0.7275204359375 0.63800905 0.7193460484374999 0.6470588234375 0.7084468671875 0.6470588234375 0.6920980921875 0.6515837109375 0.6784741140625 0.6651583703124999 0.67574931875 0.7511312218749999 0.6784741140625 0.8054298640625 0.7057220703125 0.8506787328125001 0.73024523125 0.9230769234375
3 0.185286103125 0.615384615625 0.185286103125 0.6470588234375 0.1961852859375 0.6425339359375 0.2098092640625 0.6244343890625 0.21525885625000002 0.610859728125 0.2370572203125 0.5158371046875 0.23978201562499998 0.5113122171875 0.23978201562499998 0.5067873296875 0.2179836515625 0.4705882359375 0.21253405937499997 0.47511312187500004 0.2098092640625 0.479638009375 0.19346049062499998 0.5113122171875 0.1907356953125 0.5610859734375 0.185286103125 0.615384615625
3 0.21525885625000002 0.4660633484375 0.2179836515625 0.389140271875 0.2179836515625 0.32126696875 0.19891008125 0.32126696875 0.19891008125 0.4162895921875 0.2043596734375 0.44796380156250004 0.21253405937499997 0.4660633484375 0.21525885625000002 0.4660633484375
3 0.607629428125 0.5384615390625 0.6212534062499999 0.5565610859375 0.68392370625 0.570135746875 0.7111716625 0.565610859375 0.73024523125 0.565610859375 0.7411444140625 0.5429864249999999 0.7465940046874999 0.49321267031250005 0.7465940046874999 0.434389140625 0.743869209375 0.384615384375 0.7411444140625 0.3574660640625 0.73024523125 0.294117646875 0.724795640625 0.2805429859375 0.7057220703125 0.26696832656249997 0.6866485015625 0.26696832656249997 0.670299728125 0.27601810000000004 0.6457765671875 0.298642534375 0.6158038140625 0.3665158375 0.607629428125 0.42081447968749996 0.607629428125 0.5384615390625
3 0.4577656671875 0.48868778281249997 0.4577656671875 0.5158371046875 0.4604904625 0.5384615390625 0.49591280624999995 0.5520361984375 0.553133515625 0.5520361984375 0.5858310624999999 0.5520361984375 0.5967302453125 0.4660633484375 0.5940054499999999 0.42081447968749996 0.5940054499999999 0.3800904984375 0.5831062671875 0.3484162890625 0.5667574937500001 0.3031674203125 0.5395095375000001 0.253393665625 0.5013623984375 0.26696832656249997 0.482288828125 0.294117646875 0.46321525937499997 0.3529411765625 0.4604904625 0.3936651578125 0.4577656671875 0.48868778281249997
3 0.5885558578125 0.8325791859375 0.599455040625 0.86877828125 0.607629428125 0.8959276015625001 0.6185286109375 0.9095022625 0.6321525890624999 0.9140271500000001 0.6457765671875 0.8959276015625001 0.6594005453125 0.8733031671875 0.66757493125 0.8506787328125001 0.6730245234375001 0.8280542984375 0.6730245234375001 0.755656109375 0.6730245234375001 0.7104072390625 0.6730245234375001 0.6923076921875 0.66757493125 0.6742081453125001 0.6485013625 0.6696832578125 0.640326975 0.660633484375 0.6239782015625 0.660633484375 0.6130790187499999 0.6651583703124999 0.5858310624999999 0.6923076921875 0.5831062671875 0.77828054375 0.5831062671875 0.8054298640625 0.5885558578125 0.8325791859375
3 0.32697547656250003 0.5384615390625 0.3487738421875 0.49773755625 0.3514986375 0.4434389140625 0.34604904687500004 0.36199095 0.3051771109375 0.26696832656249997 0.28337874687500003 0.26696832656249997 0.2779291546875 0.42081447968749996 0.28337874687500003 0.5113122171875 0.2942779296875 0.5429864249999999 0.32697547656250003 0.5384615390625
3 0.8474114437500001 0.6334841625000001 0.8528610359375 0.6832579187500001 0.85558583125 0.6968325796875 0.8583106265625 0.7194570140625001 0.8882833781249999 0.800904978125 0.896457765625 0.800904978125 0.90190735625 0.7647058828125 0.9073569484374999 0.7194570140625001 0.9073569484374999 0.6832579187500001 0.8991825609375 0.6470588234375 0.8937329703125 0.6199095015625 0.8828337875000001 0.570135746875 0.8583106265625 0.5610859734375 0.8501362390624999 0.5384615390625 0.8446866484375001 0.5339366515624999 0.8310626703124999 0.5610859734375 0.841961853125 0.5791855203125 0.8446866484375001 0.610859728125 0.8474114437500001 0.6334841625000001
3 0.7465940046874999 0.49321267031250005 0.7683923703125 0.520361990625 0.7983651218750001 0.524886878125 0.8228882828125 0.524886878125 0.833787465625 0.47511312187500004 0.841961853125 0.4162895921875 0.841961853125 0.389140271875 0.8392370578125 0.3529411765625 0.8283378750000001 0.31674208125000003 0.8201634875 0.298642534375 0.814713896875 0.294117646875 0.7983651218750001 0.3031674203125 0.787465940625 0.3076923078125 0.7820163484375 0.32126696875 0.7574931874999999 0.36199095 0.7465940046874999 0.3936651578125 0.7493188015625 0.4615384609375 0.7465940046874999 0.49321267031250005
3 0.9373297 0.6289592765625 0.9400544953125 0.59276018125 0.9291553140625 0.5475113125 0.915531334375 0.5294117640625 0.8991825609375 0.5339366515624999 0.8855585828124999 0.5746606328125 0.896457765625 0.63800905 0.9128065390625 0.6968325796875 0.923705721875 0.705882353125 0.9373297 0.6289592765625
3 0.24795640312499997 0.615384615625 0.275204359375 0.565610859375 0.2942779296875 0.5475113125 0.2915531328125 0.5384615390625 0.28337874687500003 0.5022624437500001 0.2806539515625 0.4660633484375 0.256130790625 0.4841628953125 0.2370572203125 0.5158371046875 0.2179836515625 0.6063348421875 0.2179836515625 0.6832579187500001 0.2452316078125 0.656108596875 0.24795640312499997 0.615384615625
3 0.256130790625 0.4841628953125 0.2779291546875 0.4660633484375 0.275204359375 0.4253393671875 0.2779291546875 0.3348416296875 0.256130790625 0.3076923078125 0.234332425 0.27601810000000004 0.2261580375 0.2850678734375 0.2179836515625 0.32126696875 0.2179836515625 0.4705882359375 0.2425068125 0.5067873296875 0.256130790625 0.4841628953125
3 0.861035421875 0.5610859734375 0.8855585828124999 0.570135746875 0.8937329703125 0.5475113125 0.9073569484374999 0.5113122171875 0.91825613125 0.4705882359375 0.9209809265625 0.40723981875000004 0.923705721875 0.384615384375 0.923705721875 0.343891403125 0.9209809265625 0.2895927609375 0.9128065390625 0.27149321249999997 0.8882833781249999 0.3031674203125 0.861035421875 0.37556561093749996 0.8446866484375001 0.3936651578125 0.8392370578125 0.47511312187500004 0.8474114437500001 0.48868778281249997 0.8501362390624999 0.5384615390625 0.861035421875 0.5610859734375
3 0.2588555859375 0.77375565625 0.2915531328125 0.7375565609375 0.3051771109375 0.7149321265624999 0.3051771109375 0.6742081453125001 0.3133514984375 0.6018099546875 0.31607629375 0.58823529375 0.3215258859375 0.5746606328125 0.32697547656250003 0.570135746875 0.32425068125 0.5610859734375 0.3215258859375 0.5475113125 0.318801090625 0.5429864249999999 0.3079019078125 0.5429864249999999 0.30245231562499997 0.5429864249999999 0.2915531328125 0.5475113125 0.275204359375 0.5610859734375 0.25068119843750003 0.615384615625 0.2370572203125 0.6832579187500001 0.23978201562499998 0.7330316734375 0.2588555859375 0.77375565625
3 0.31062670312499996 0.8959276015625001 0.32697547656250003 0.9004524890625 0.3542234328125 0.8733031671875 0.3623978203125 0.8144796375000001 0.365122615625 0.796380090625 0.3760217984375 0.7601809953124999 0.3841961859375 0.7375565609375 0.3896457765625 0.7149321265624999 0.3950953671875 0.6923076921875 0.3950953671875 0.656108596875 0.400544959375 0.63800905 0.3896457765625 0.6063348421875 0.37329700312499997 0.59276018125 0.3705722078125 0.5791855203125 0.365122615625 0.5565610859375 0.3514986375 0.5475113125 0.3405994546875 0.5475113125 0.329700271875 0.5520361984375 0.31607629375 0.58823529375 0.3051771109375 0.67873303125 0.2997275203125 0.8235294124999999 0.31062670312499996 0.8959276015625001
3 0.3487738421875 0.48868778281249997 0.3896457765625 0.5158371046875 0.4168937328125 0.5022624437500001 0.446866484375 0.49773755625 0.45231607656249995 0.479638009375 0.4577656671875 0.3981900453125 0.427792915625 0.31674208125000003 0.4168937328125 0.2850678734375 0.40326975468750004 0.248868778125 0.37874659374999997 0.2805429859375 0.359673025 0.32126696875 0.3487738421875 0.3665158375 0.3514986375 0.43891402656249995 0.3487738421875 0.48868778281249997
3 0.9427792921875 0.63800905 0.9509536781250001 0.63800905 0.9564032703124999 0.63800905 0.959128065625 0.6334841625000001 0.96457765625 0.6199095015625 0.9727520437500001 0.5791855203125 0.9727520437500001 0.5475113125 0.9673024515625 0.5384615390625 0.9564032703124999 0.524886878125 0.9482288828125001 0.520361990625 0.9346049046875 0.5158371046875 0.91825613125 0.5294117640625 0.9291553140625 0.5475113125 0.9400544953125 0.59276018125 0.9400544953125 0.6244343890625 0.9427792921875 0.63800905
3 0.3978201640625 0.8144796375000001 0.40599455000000007 0.8506787328125001 0.4087193453125 0.8733031671875 0.42506812031249996 0.9004524890625 0.4386920984375 0.8914027156250001 0.4604904625 0.85972850625 0.482288828125 0.791855203125 0.4877384203125 0.7511312218749999 0.49318801093750003 0.705882353125 0.49591280624999995 0.6742081453125001 0.490463215625 0.660633484375 0.4741144421875 0.6425339359375 0.46321525937499997 0.6425339359375 0.4577656671875 0.6334841625000001 0.446866484375 0.6244343890625 0.42506812031249996 0.6244343890625 0.40599455000000007 0.6334841625000001 0.3978201640625 0.656108596875 0.3978201640625 0.6968325796875 0.3950953671875 0.7601809953124999 0.3978201640625 0.8144796375000001
3 0.9264305171875 0.49773755625 0.9346049046875 0.5113122171875 0.9564032703124999 0.5113122171875 0.9618528609375 0.479638009375 0.96457765625 0.434389140625 0.96457765625 0.3981900453125 0.96457765625 0.3665158375 0.9618528609375 0.3303167421875 0.9564032703124999 0.3076923078125 0.9482288828125001 0.31674208125000003 0.9346049046875 0.339366515625 0.923705721875 0.37556561093749996 0.91825613125 0.47511312187500004 0.91825613125 0.48868778281249997 0.9264305171875 0.49773755625
3 0.771117165625 0.6470588234375 0.7738419624999999 0.7149321265624999 0.7820163484375 0.7601809953124999 0.78474114375 0.7828054296875 0.7983651218750001 0.8235294124999999 0.8038147140625 0.8416289593749999 0.8201634875 0.8733031671875 0.8365122609375 0.9004524890625 0.8528610359375 0.8959276015625001 0.8528610359375 0.8280542984375 0.8583106265625 0.746606334375 0.8583106265625 0.7239819 0.8528610359375 0.6832579187500001 0.8501362390624999 0.6515837109375 0.841961853125 0.5791855203125 0.8310626703124999 0.565610859375 0.8119891015625 0.565610859375 0.80108991875 0.5972850671875001 0.7901907359375 0.6018099546875 0.779291553125 0.6244343890625 0.771117165625 0.6470588234375
3 0.5422343328125 0.904977375 0.5613079015625 0.86877828125 0.580381471875 0.800904978125 0.580381471875 0.7601809953124999 0.5831062671875 0.6832579187500001 0.5749318796875 0.6742081453125001 0.55040871875 0.6696832578125 0.536784740625 0.6651583703124999 0.5258855578125 0.6651583703124999 0.5122615796875001 0.6651583703124999 0.5068119890625 0.6651583703124999 0.4986376015625 0.67873303125 0.490463215625 0.7873303171875 0.5013623984375 0.846153846875 0.509536784375 0.904977375 0.5422343328125 0.904977375