3 0.48518518593750004 0.605 0.48518518593750004 0.625 0.48518518593750004 0.64 0.49259259218749996 0.64 0.5074074078125 0.64 0.51851851875 0.64 0.540740740625 0.64 0.5629629625 0.64 0.5703703703125 0.64 0.5740740734374999 0.63 0.577777778125 0.615 0.577777778125 0.605 0.5740740734374999 0.5900000000000001 0.5629629625 0.575 0.5629629625 0.5700000000000001 0.5555555562500001 0.5650000000000001 0.54444444375 0.55 0.5259259265625 0.545 0.51851851875 0.55 0.5111111109375 0.5549999999999999 0.503703703125 0.5700000000000001 0.4888888890625 0.585 0.48518518593750004 0.5900000000000001 0.48518518593750004 0.605
3 0.3333333328125 0.6950000000000001 0.3518518515625 0.6849999999999999 0.35555555625 0.675 0.35925925937500003 0.6599999999999999 0.36666666718749996 0.64 0.35925925937500003 0.635 0.3518518515625 0.63 0.34444444375 0.62 0.33703703749999997 0.615 0.3296296296875 0.625 0.32592592656249997 0.63 0.322222221875 0.635 0.303703703125 0.64 0.30740740781250003 0.675 0.30740740781250003 0.6900000000000001 0.3296296296875 0.6950000000000001 0.3333333328125 0.6950000000000001
3 0.377777778125 0.7150000000000001 0.396296296875 0.72 0.4074074078125 0.72 0.41111111093749997 0.7150000000000001 0.41111111093749997 0.6950000000000001 0.4148148140625 0.6599999999999999 0.4148148140625 0.65 0.41111111093749997 0.64 0.4 0.64 0.3925925921875 0.64 0.3888888890625 0.64 0.377777778125 0.64 0.3703703703125 0.64 0.35555555625 0.6849999999999999 0.35555555625 0.7 0.36666666718749996 0.71 0.377777778125 0.7150000000000001
3 0.3333333328125 0.62 0.3518518515625 0.615 0.35555555625 0.6 0.3518518515625 0.58 0.3481481484375 0.5599999999999999 0.3481481484375 0.55 0.340740740625 0.54 0.3333333328125 0.5349999999999999 0.31851851875000003 0.54 0.30740740781250003 0.545 0.3 0.55 0.2888888890625 0.5549999999999999 0.2888888890625 0.5650000000000001 0.296296296875 0.605 0.30740740781250003 0.64 0.322222221875 0.635 0.3333333328125 0.62
3 0.4 0.605 0.4 0.615 0.4 0.635 0.4074074078125 0.64 0.42222222187499997 0.63 0.4296296296875 0.63 0.459259259375 0.64 0.477777778125 0.645 0.48148148125 0.63 0.48518518593750004 0.615 0.48518518593750004 0.6 0.48148148125 0.585 0.47407407343749997 0.575 0.4703703703125 0.5650000000000001 0.46296296249999996 0.55 0.4481481484375 0.54 0.4370370375 0.5349999999999999 0.4296296296875 0.5349999999999999 0.42222222187499997 0.54 0.4148148140625 0.5549999999999999 0.4074074078125 0.5650000000000001 0.403703703125 0.575 0.4 0.5900000000000001 0.4 0.605
3 0.68148148125 0.705 0.7074074078125 0.7 0.7259259265625 0.6849999999999999 0.7259259265625 0.6799999999999999 0.7148148140624999 0.665 0.703703703125 0.655 0.6925925921875 0.655 0.6777777781250001 0.6599999999999999 0.6703703703125 0.6599999999999999 0.6666666671875 0.67 0.659259259375 0.67 0.6666666671875 0.6849999999999999 0.6740740734374999 0.6950000000000001 0.6777777781250001 0.7 0.68148148125 0.705
3 0.47407407343749997 0.705 0.477777778125 0.72 0.477777778125 0.725 0.48518518593750004 0.73 0.4888888890625 0.725 0.5074074078125 0.725 0.5111111109375 0.725 0.5296296296875 0.725 0.5296296296875 0.72 0.5333333328125 0.71 0.5333333328125 0.7 0.5259259265625 0.675 0.5259259265625 0.67 0.51851851875 0.6599999999999999 0.4703703703125 0.6599999999999999 0.4703703703125 0.675 0.4703703703125 0.6849999999999999 0.47407407343749997 0.6950000000000001 0.47407407343749997 0.705
3 0.35555555625 0.5900000000000001 0.35555555625 0.605 0.35555555625 0.615 0.35555555625 0.635 0.36296296250000004 0.635 0.3740740734375 0.64 0.3888888890625 0.64 0.396296296875 0.64 0.396296296875 0.63 0.4 0.5900000000000001 0.403703703125 0.575 0.4 0.5599999999999999 0.3925925921875 0.545 0.377777778125 0.5349999999999999 0.36296296250000004 0.53 0.35555555625 0.54 0.35555555625 0.545 0.3518518515625 0.5599999999999999 0.3518518515625 0.58 0.35555555625 0.5900000000000001
3 0.61851851875 0.64 0.6259259265625 0.605 0.6259259265625 0.5900000000000001 0.622222221875 0.5650000000000001 0.61851851875 0.5599999999999999 0.6111111109375 0.5599999999999999 0.6 0.5700000000000001 0.5925925921874999 0.58 0.5888888890625 0.585 0.58148148125 0.6 0.577777778125 0.605 0.5740740734374999 0.62 0.5703703703125 0.635 0.5666666671875 0.645 0.577777778125 0.65 0.603703703125 0.65 0.61851851875 0.645 0.61851851875 0.64
3 0.6481481484375 0.645 0.6555555562500001 0.665 0.6666666671875 0.67 0.6703703703125 0.665 0.6851851859375 0.64 0.6925925921875 0.615 0.6925925921875 0.595 0.6888888890625 0.5700000000000001 0.6777777781250001 0.5650000000000001 0.6703703703125 0.5700000000000001 0.6481481484375 0.585 0.6370370375000001 0.6 0.6296296296875 0.61 0.6259259265625 0.625 0.6259259265625 0.63 0.6296296296875 0.64 0.640740740625 0.64 0.6481481484375 0.645
3 0.5555555562500001 0.72 0.58148148125 0.72 0.5962962968750001 0.72 0.5962962968750001 0.71 0.5962962968750001 0.6950000000000001 0.5962962968750001 0.6799999999999999 0.5925925921874999 0.675 0.5888888890625 0.67 0.5851851859375 0.6599999999999999 0.58148148125 0.6599999999999999 0.58148148125 0.655 0.577777778125 0.655 0.5740740734374999 0.655 0.5703703703125 0.655 0.559259259375 0.655 0.5555555562500001 0.655 0.54444444375 0.655 0.540740740625 0.6599999999999999 0.5370370375 0.6950000000000001 0.540740740625 0.705 0.54444444375 0.72 0.5555555562500001 0.72
3 0.603703703125 0.71 0.6074074078125 0.72 0.61851851875 0.72 0.6370370375000001 0.7150000000000001 0.6555555562500001 0.71 0.6703703703125 0.71 0.68148148125 0.705 0.6777777781250001 0.7 0.6703703703125 0.6900000000000001 0.6629629625 0.6799999999999999 0.659259259375 0.675 0.6555555562500001 0.665 0.6481481484375 0.65 0.64444444375 0.64 0.6333333328124999 0.64 0.6296296296875 0.64 0.6259259265625 0.64 0.622222221875 0.64 0.622222221875 0.645 0.61851851875 0.645 0.6148148140624999 0.65 0.6074074078125 0.655 0.6 0.675 0.6 0.6849999999999999 0.6 0.7 0.603703703125 0.71