3 0.5026666671875 0.5599999999999999 0.504 0.568 0.504 0.584 0.512 0.588 0.5186666671875 0.588 0.5253333328124999 0.5860000000000001 0.5253333328124999 0.576 0.5266666671875 0.562 0.5266666671875 0.548 0.5266666671875 0.54 0.528 0.53 0.528 0.524 0.524 0.522 0.5146666671875 0.524 0.5053333328125 0.524 0.5 0.526 0.4933333328125 0.528 0.49066666718749996 0.534 0.492 0.548 0.49733333281250003 0.554 0.49866666718749997 0.5559999999999999 0.5026666671875 0.5599999999999999
3 0.3533333328125 0.5559999999999999 0.3613333328125 0.562 0.37733333281250003 0.564 0.388 0.5599999999999999 0.3933333328125 0.554 0.396 0.548 0.396 0.54 0.38933333281250004 0.53 0.388 0.508 0.3826666671875 0.502 0.37466666718749997 0.5 0.372 0.502 0.3653333328125 0.506 0.3573333328125 0.5 0.356 0.49400000000000005 0.3506666671875 0.49000000000000005 0.3426666671875 0.49800000000000005 0.3293333328125 0.524 0.3333333328125 0.536 0.33599999999999997 0.54 0.3506666671875 0.554 0.3533333328125 0.5559999999999999
3 0.44400000000000006 0.584 0.4533333328125 0.584 0.46399999999999997 0.584 0.46666666718750005 0.5820000000000001 0.46666666718750005 0.58 0.46799999999999997 0.564 0.46799999999999997 0.5559999999999999 0.46799999999999997 0.55 0.46799999999999997 0.54 0.46266666718750005 0.538 0.4573333328125 0.538 0.45066666718750004 0.54 0.44666666718750003 0.54 0.44266666718750003 0.542 0.4266666671875 0.558 0.42933333281249997 0.5660000000000001 0.42933333281249997 0.5740000000000001 0.43200000000000005 0.5820000000000001 0.44400000000000006 0.584
3 0.5466666671875 0.58 0.5586666671875 0.5780000000000001 0.5653333328125 0.572 0.5733333328125 0.5660000000000001 0.572 0.554 0.5626666671875 0.544 0.5466666671875 0.54 0.5426666671875 0.54 0.5333333328125 0.54 0.532 0.54 0.528 0.544 0.5253333328124999 0.5820000000000001 0.528 0.584 0.536 0.584 0.5466666671875 0.58
3 0.6106666671875 0.488 0.616 0.502 0.6186666671875 0.512 0.6213333328124999 0.51 0.6253333328124999 0.49000000000000005 0.6266666671875 0.48 0.6226666671875 0.46799999999999997 0.6213333328124999 0.45999999999999996 0.6146666671875 0.442 0.6066666671875 0.438 0.6026666671875 0.43600000000000005 0.5973333328125 0.43600000000000005 0.5906666671874999 0.438 0.5826666671875 0.44800000000000006 0.5786666671875 0.45 0.5746666671875 0.45999999999999996 0.5853333328125 0.466 0.596 0.484 0.6106666671875 0.488
3 0.4613333328125 0.4 0.46266666718750005 0.40800000000000003 0.46666666718750005 0.418 0.472 0.422 0.48266666718750006 0.42000000000000004 0.49066666718749996 0.418 0.5 0.418 0.5146666671875 0.41600000000000004 0.5173333328124999 0.41200000000000003 0.52 0.40599999999999997 0.52 0.392 0.52 0.37 0.52 0.358 0.5186666671875 0.346 0.5133333328125 0.33999999999999997 0.5 0.33799999999999997 0.4693333328125 0.33999999999999997 0.4613333328125 0.344 0.4613333328125 0.368 0.4613333328125 0.384 0.4613333328125 0.394 0.4613333328125 0.4
3 0.48666666718749996 0.588 0.5 0.588 0.5013333328125 0.588 0.5026666671875 0.58 0.5026666671875 0.568 0.5 0.558 0.496 0.554 0.4933333328125 0.5519999999999999 0.49066666718749996 0.5519999999999999 0.46799999999999997 0.5519999999999999 0.46799999999999997 0.5780000000000001 0.47066666718750005 0.584 0.476 0.588 0.48666666718749996 0.588
3 0.304 0.48600000000000004 0.304 0.492 0.3093333328125 0.504 0.3173333328125 0.516 0.3213333328125 0.52 0.3266666671875 0.524 0.3293333328125 0.526 0.3293333328125 0.522 0.33599999999999997 0.51 0.344 0.49800000000000005 0.3506666671875 0.492 0.3533333328125 0.49000000000000005 0.356 0.492 0.3586666671875 0.5 0.3653333328125 0.504 0.3693333328125 0.502 0.372 0.5 0.37066666718749997 0.48600000000000004 0.3586666671875 0.476 0.3453333328125 0.466 0.33999999999999997 0.466 0.3333333328125 0.45599999999999996 0.32799999999999996 0.454 0.3266666671875 0.45199999999999996 0.3186666671875 0.45199999999999996 0.31466666718749997 0.454 0.3133333328125 0.45599999999999996 0.3066666671875 0.472 0.30533333281249997 0.47800000000000004 0.304 0.48600000000000004
3 0.5773333328125 0.51 0.584 0.522 0.588 0.542 0.588 0.558 0.596 0.5519999999999999 0.6026666671875 0.546 0.6093333328125 0.534 0.6133333328125 0.528 0.6173333328124999 0.518 0.6173333328124999 0.512 0.6173333328124999 0.506 0.6093333328125 0.488 0.6093333328125 0.48600000000000004 0.5973333328125 0.48600000000000004 0.5933333328125 0.48 0.588 0.472 0.5853333328125 0.466 0.576 0.45999999999999996 0.5746666671875 0.45999999999999996 0.572 0.45999999999999996 0.5666666671875 0.45999999999999996 0.564 0.462 0.5599999999999999 0.46399999999999997 0.5573333328125 0.47000000000000003 0.5573333328125 0.47400000000000003 0.5586666671875 0.492 0.5586666671875 0.504 0.5599999999999999 0.51 0.5599999999999999 0.514 0.5666666671875 0.51 0.5773333328125 0.51
3 0.576 0.368 0.5773333328125 0.374 0.5773333328125 0.384 0.576 0.394 0.576 0.4 0.5773333328125 0.40599999999999997 0.5813333328125 0.40800000000000003 0.5853333328125 0.404 0.5893333328125 0.4 0.5933333328125 0.404 0.5986666671875 0.398 0.6026666671875 0.396 0.6053333328125 0.39 0.608 0.38 0.6106666671875 0.374 0.6106666671875 0.364 0.6093333328125 0.346 0.608 0.33799999999999997 0.6013333328125 0.33599999999999997 0.5933333328125 0.33599999999999997 0.584 0.33599999999999997 0.5786666671875 0.33999999999999997 0.576 0.348 0.576 0.352 0.576 0.36 0.576 0.368
3 0.52 0.388 0.52 0.404 0.5226666671875 0.40800000000000003 0.5253333328124999 0.41 0.528 0.41200000000000003 0.5293333328125 0.41200000000000003 0.5333333328125 0.41200000000000003 0.5346666671875 0.41600000000000004 0.5386666671875 0.41600000000000004 0.5453333328125 0.418 0.5533333328125 0.422 0.5613333328125 0.422 0.5626666671875 0.422 0.5706666671875 0.418 0.5746666671875 0.41 0.5746666671875 0.398 0.576 0.39 0.576 0.382 0.576 0.376 0.5773333328125 0.366 0.5733333328125 0.34199999999999997 0.572 0.34199999999999997 0.568 0.33999999999999997 0.5226666671875 0.33999999999999997 0.52 0.34199999999999997 0.52 0.346 0.52 0.354 0.52 0.388
3 0.3613333328125 0.372 0.36266666718749996 0.38 0.36666666718749996 0.388 0.3693333328125 0.394 0.372 0.4 0.3786666671875 0.404 0.38133333281250004 0.404 0.3866666671875 0.404 0.396 0.4 0.4026666671875 0.394 0.4026666671875 0.392 0.4066666671875 0.384 0.4066666671875 0.378 0.40933333281250006 0.36 0.40933333281250006 0.35 0.40933333281250006 0.344 0.4 0.33799999999999997 0.37733333281250003 0.33999999999999997 0.3693333328125 0.346 0.364 0.35 0.3586666671875 0.358 0.36 0.364 0.3613333328125 0.372
3 0.5853333328125 0.5660000000000001 0.5866666671874999 0.562 0.588 0.554 0.588 0.542 0.5853333328125 0.532 0.584 0.524 0.5813333328125 0.518 0.576 0.512 0.572 0.512 0.5653333328125 0.512 0.5626666671875 0.514 0.5559999999999999 0.518 0.5533333328125 0.522 0.5453333328125 0.54 0.5653333328125 0.544 0.572 0.554 0.5746666671875 0.568 0.5853333328125 0.5660000000000001
3 0.4266666671875 0.5660000000000001 0.4266666671875 0.558 0.4266666671875 0.5559999999999999 0.42400000000000004 0.5519999999999999 0.42000000000000004 0.5519999999999999 0.41600000000000004 0.55 0.41200000000000003 0.548 0.4066666671875 0.546 0.38133333281250004 0.562 0.40133333281250005 0.5660000000000001 0.4186666671875 0.5740000000000001 0.42800000000000005 0.576 0.4266666671875 0.5660000000000001
3 0.4066666671875 0.392 0.4066666671875 0.396 0.40933333281250006 0.4 0.4146666671875 0.40800000000000003 0.42000000000000004 0.41200000000000003 0.4226666671875 0.41200000000000003 0.42533333281249996 0.41600000000000004 0.42933333281249997 0.41600000000000004 0.43600000000000005 0.41600000000000004 0.44800000000000006 0.42000000000000004 0.45199999999999996 0.418 0.45466666718750004 0.41600000000000004 0.45866666718750004 0.41200000000000003 0.45866666718750004 0.404 0.4613333328125 0.39 0.4613333328125 0.372 0.4613333328125 0.348 0.45999999999999996 0.33999999999999997 0.40933333281250006 0.33999999999999997 0.40933333281250006 0.36 0.4066666671875 0.376 0.4066666671875 0.384 0.4066666671875 0.392