3 0.4533333328125 0.62 0.44000000000000006 0.595 0.43333333281249997 0.605 0.4266666671875 0.61 0.42000000000000004 0.62 0.41 0.63 0.4033333328125 0.64 0.4 0.65 0.4 0.6599999999999999 0.42000000000000004 0.6950000000000001 0.46666666718750005 0.655 0.46333333281250005 0.645 0.4533333328125 0.62
3 0.3166666671875 0.7 0.33999999999999997 0.705 0.3533333328125 0.6950000000000001 0.36 0.6849999999999999 0.36666666718749996 0.675 0.37 0.665 0.37 0.645 0.36666666718749996 0.625 0.3633333328125 0.615 0.3466666671875 0.5900000000000001 0.3266666671875 0.575 0.31 0.5700000000000001 0.29333333281249996 0.58 0.2766666671875 0.6 0.27 0.615 0.27 0.62 0.27999999999999997 0.635 0.2866666671875 0.655 0.29333333281249996 0.665 0.2966666671875 0.6799999999999999 0.3166666671875 0.7
3 0.24666666718750002 0.735 0.25 0.745 0.26 0.755 0.2633333328125 0.76 0.2833333328125 0.76 0.2866666671875 0.76 0.3 0.745 0.3066666671875 0.73 0.3066666671875 0.72 0.3066666671875 0.71 0.30333333281249997 0.6950000000000001 0.30333333281249997 0.6900000000000001 0.3 0.6849999999999999 0.2966666671875 0.675 0.2866666671875 0.665 0.2833333328125 0.6599999999999999 0.2766666671875 0.655 0.27 0.6599999999999999 0.2666666671875 0.6599999999999999 0.26 0.6599999999999999 0.2533333328125 0.6599999999999999 0.25 0.6599999999999999 0.24 0.665 0.23333333281250002 0.6849999999999999 0.2366666671875 0.7 0.24 0.71 0.24333333281249997 0.72 0.24666666718750002 0.735
3 0.5133333328125 0.39 0.5166666671875 0.395 0.53 0.41500000000000004 0.5333333328125 0.425 0.5366666671875 0.43 0.54 0.43499999999999994 0.5466666671875 0.425 0.5433333328125001 0.41500000000000004 0.54 0.40499999999999997 0.5366666671875 0.39 0.5366666671875 0.375 0.5266666671875 0.355 0.5133333328125 0.335 0.5066666671875 0.325 0.4933333328125 0.305 0.48333333281249996 0.325 0.48333333281249996 0.35 0.49000000000000005 0.365 0.5 0.38 0.5133333328125 0.39
3 0.3166666671875 0.77 0.33999999999999997 0.765 0.3533333328125 0.76 0.3566666671875 0.75 0.3533333328125 0.73 0.35 0.725 0.33999999999999997 0.72 0.3366666671875 0.7150000000000001 0.3266666671875 0.7150000000000001 0.3233333328125 0.72 0.3133333328125 0.725 0.3066666671875 0.735 0.30333333281249997 0.755 0.30333333281249997 0.76 0.3066666671875 0.77 0.3166666671875 0.77
3 0.16 0.805 0.17333333281250002 0.8150000000000001 0.18 0.8150000000000001 0.19 0.8099999999999999 0.1966666671875 0.795 0.1933333328125 0.78 0.19 0.775 0.1866666671875 0.765 0.1833333328125 0.76 0.18 0.755 0.1666666671875 0.755 0.15 0.765 0.1433333328125 0.77 0.14666666718750002 0.7849999999999999 0.15 0.8 0.16 0.805
3 0.5266666671875 0.355 0.5366666671875 0.375 0.54 0.4 0.5466666671875 0.40499999999999997 0.55 0.4 0.55 0.38 0.5433333328125001 0.36 0.54 0.35 0.5333333328125 0.33999999999999997 0.53 0.325 0.5233333328125 0.315 0.5166666671875 0.305 0.5133333328125 0.3 0.5066666671875 0.29 0.5033333328125 0.28500000000000003 0.4966666671875 0.28500000000000003 0.4966666671875 0.305 0.5033333328125 0.32 0.5266666671875 0.35 0.5266666671875 0.355
3 0.44000000000000006 0.575 0.4733333328125 0.5700000000000001 0.49000000000000005 0.5549999999999999 0.5 0.5349999999999999 0.5066666671875 0.51 0.48333333281249996 0.47000000000000003 0.47000000000000003 0.45 0.4566666671875 0.44000000000000006 0.45 0.43 0.44333333281250004 0.425 0.3966666671875 0.485 0.4066666671875 0.515 0.41333333281250006 0.5349999999999999 0.4266666671875 0.55 0.44000000000000006 0.575
3 0.53 0.5599999999999999 0.5133333328125 0.52 0.51 0.515 0.5 0.5349999999999999 0.48666666718749996 0.5549999999999999 0.5033333328125 0.605 0.5166666671875 0.6 0.53 0.58 0.53 0.5599999999999999
3 0.2 0.79 0.21000000000000002 0.8 0.2166666671875 0.8 0.2233333328125 0.795 0.22999999999999998 0.795 0.2366666671875 0.79 0.24333333281249997 0.78 0.25 0.765 0.2533333328125 0.765 0.25666666718750003 0.755 0.25 0.745 0.24666666718750002 0.735 0.24333333281249997 0.725 0.2366666671875 0.7150000000000001 0.2166666671875 0.71 0.2066666671875 0.71 0.2 0.7150000000000001 0.1833333328125 0.725 0.1866666671875 0.735 0.1866666671875 0.745 0.19 0.77 0.1966666671875 0.78 0.2 0.79
3 0.37 0.615 0.37333333281250003 0.63 0.3933333328125 0.635 0.4033333328125 0.63 0.43 0.605 0.43333333281249997 0.5900000000000001 0.43 0.58 0.43 0.575 0.4266666671875 0.5599999999999999 0.4166666671875 0.5549999999999999 0.4033333328125 0.54 0.3966666671875 0.53 0.39 0.52 0.37333333281250003 0.51 0.36666666718749996 0.51 0.35 0.52 0.3433333328125 0.53 0.3433333328125 0.545 0.35 0.5650000000000001 0.3566666671875 0.585 0.3633333328125 0.605 0.37 0.615
3 0.4566666671875 0.625 0.46333333281250005 0.64 0.46666666718750005 0.645 0.47000000000000003 0.65 0.48666666718749996 0.64 0.4966666671875 0.63 0.5066666671875 0.625 0.5033333328125 0.615 0.5033333328125 0.605 0.48666666718749996 0.5549999999999999 0.4733333328125 0.5700000000000001 0.44000000000000006 0.575 0.43666666718749997 0.58 0.44000000000000006 0.595 0.44666666718750003 0.605 0.45 0.61 0.4566666671875 0.625
3 0.53 0.495 0.54 0.47000000000000003 0.54 0.445 0.5333333328125 0.425 0.53 0.41 0.5166666671875 0.395 0.4966666671875 0.375 0.48333333281249996 0.36 0.48 0.375 0.47000000000000003 0.385 0.45999999999999996 0.4 0.4533333328125 0.40499999999999997 0.4566666671875 0.42000000000000004 0.49000000000000005 0.475 0.5066666671875 0.51 0.5133333328125 0.52 0.53 0.495
3 0.36666666718749996 0.675 0.3566666671875 0.6950000000000001 0.3433333328125 0.705 0.35 0.7150000000000001 0.36 0.73 0.36666666718749996 0.74 0.37666666718749997 0.735 0.3933333328125 0.725 0.4066666671875 0.71 0.41333333281250006 0.705 0.4166666671875 0.6950000000000001 0.41333333281250006 0.6900000000000001 0.4 0.6599999999999999 0.4 0.655 0.3966666671875 0.645 0.3933333328125 0.64 0.3866666671875 0.64 0.38 0.645 0.38 0.655 0.37666666718749997 0.655 0.37333333281250003 0.665 0.36666666718749996 0.675