3 0.22999999999999998 0.375 0.22999999999999998 0.385 0.22999999999999998 0.4 0.23333333281250002 0.41 0.24 0.41500000000000004 0.24666666718750002 0.42000000000000004 0.2533333328125 0.425 0.26 0.425 0.27 0.425 0.27999999999999997 0.42000000000000004 0.2866666671875 0.40499999999999997 0.29333333281249996 0.395 0.29333333281249996 0.38 0.2966666671875 0.35 0.29333333281249996 0.33999999999999997 0.29333333281249996 0.32 0.29333333281249996 0.305 0.29333333281249996 0.3 0.2266666671875 0.31 0.22999999999999998 0.315 0.22999999999999998 0.325 0.22999999999999998 0.335 0.22999999999999998 0.375
3 0.6966666671875 0.395 0.7033333328125 0.39 0.7033333328125 0.37 0.7033333328125 0.355 0.7 0.325 0.7 0.305 0.6866666671874999 0.29 0.6766666671875 0.29 0.6566666671875 0.29 0.6533333328125 0.29 0.6566666671875 0.29500000000000004 0.6599999999999999 0.35 0.6633333328125001 0.375 0.6599999999999999 0.39 0.67 0.395 0.6833333328125 0.395 0.6866666671874999 0.395 0.6966666671875 0.395
3 0.1533333328125 0.39 0.1533333328125 0.4 0.1566666671875 0.42000000000000004 0.16 0.42000000000000004 0.1633333328125 0.42000000000000004 0.16999999999999998 0.41500000000000004 0.1766666671875 0.41500000000000004 0.1833333328125 0.41 0.1833333328125 0.395 0.18 0.38 0.1833333328125 0.355 0.1866666671875 0.33999999999999997 0.1866666671875 0.32 0.18 0.32 0.17333333281250002 0.32 0.1666666671875 0.325 0.1566666671875 0.32999999999999996 0.16 0.34500000000000003 0.16 0.35 0.1566666671875 0.365 0.1533333328125 0.39
3 0.1366666671875 0.40499999999999997 0.14666666718750002 0.40499999999999997 0.15 0.40499999999999997 0.15 0.395 0.1533333328125 0.38 0.1566666671875 0.365 0.16 0.35 0.1566666671875 0.32999999999999996 0.14666666718750002 0.325 0.13999999999999999 0.325 0.13333333281249998 0.32999999999999996 0.1266666671875 0.355 0.1233333328125 0.38 0.1266666671875 0.39 0.13 0.4 0.1366666671875 0.40499999999999997
3 0.5533333328125 0.36 0.5533333328125 0.375 0.5533333328125 0.385 0.5566666671875 0.4 0.5599999999999999 0.4 0.5700000000000001 0.4 0.5833333328125 0.4 0.5933333328125 0.40499999999999997 0.6 0.4 0.6033333328125 0.39 0.6133333328125 0.395 0.6166666671875001 0.385 0.6166666671875001 0.35 0.6166666671875001 0.335 0.6166666671875001 0.32 0.6133333328125 0.31 0.61 0.29500000000000004 0.6033333328125 0.27999999999999997 0.5966666671875 0.275 0.5900000000000001 0.27 0.5866666671874999 0.27 0.5766666671875 0.265 0.5700000000000001 0.27 0.5633333328125001 0.27 0.5533333328125 0.28500000000000003 0.5533333328125 0.31 0.5533333328125 0.325 0.5533333328125 0.33999999999999997 0.5533333328125 0.36
3 0.31 0.40499999999999997 0.3333333328125 0.41 0.3533333328125 0.40499999999999997 0.3566666671875 0.4 0.36 0.385 0.3633333328125 0.365 0.3633333328125 0.33999999999999997 0.36 0.31 0.36 0.29500000000000004 0.3533333328125 0.29 0.3333333328125 0.29 0.30333333281249997 0.29 0.29333333281249996 0.3 0.2966666671875 0.38 0.3 0.4 0.3 0.40499999999999997 0.31 0.40499999999999997
3 0.5033333328125 0.655 0.51 0.655 0.5266666671875 0.65 0.5466666671875 0.64 0.55 0.64 0.5599999999999999 0.625 0.5633333328125001 0.615 0.5633333328125001 0.5900000000000001 0.5599999999999999 0.575 0.5599999999999999 0.5549999999999999 0.5566666671875 0.55 0.5 0.5650000000000001 0.5033333328125 0.585 0.5033333328125 0.605 0.5066666671875 0.64 0.5033333328125 0.655
3 0.47000000000000003 0.6599999999999999 0.48333333281249996 0.655 0.4966666671875 0.65 0.5 0.64 0.5033333328125 0.615 0.5 0.5900000000000001 0.5 0.575 0.4933333328125 0.5700000000000001 0.46333333281250005 0.5700000000000001 0.44000000000000006 0.575 0.44000000000000006 0.58 0.44000000000000006 0.585 0.44000000000000006 0.6 0.43666666718749997 0.655 0.47000000000000003 0.6599999999999999
3 0.3933333328125 0.6599999999999999 0.4 0.6599999999999999 0.41 0.6599999999999999 0.4233333328125 0.6599999999999999 0.43 0.6599999999999999 0.43333333281249997 0.655 0.43666666718749997 0.645 0.44000000000000006 0.635 0.44000000000000006 0.62 0.44000000000000006 0.605 0.44000000000000006 0.585 0.44000000000000006 0.58 0.43666666718749997 0.575 0.43333333281249997 0.5700000000000001 0.38333333281250004 0.5700000000000001 0.38 0.58 0.37666666718749997 0.585 0.38333333281250004 0.595 0.3866666671875 0.63 0.3866666671875 0.64 0.3933333328125 0.6599999999999999
3 0.45999999999999996 0.4 0.46333333281250005 0.41 0.46666666718750005 0.41500000000000004 0.48 0.42000000000000004 0.53 0.41500000000000004 0.5366666671875 0.40499999999999997 0.5466666671875 0.395 0.55 0.385 0.5533333328125 0.37 0.5533333328125 0.34500000000000003 0.55 0.31 0.55 0.29 0.5433333328125001 0.28500000000000003 0.5366666671875 0.275 0.52 0.275 0.51 0.275 0.5 0.27999999999999997 0.48 0.29500000000000004 0.46333333281250005 0.29500000000000004 0.45999999999999996 0.335 0.45999999999999996 0.36 0.45999999999999996 0.385 0.45999999999999996 0.4
3 0.38 0.41500000000000004 0.42000000000000004 0.41500000000000004 0.4533333328125 0.41500000000000004 0.45999999999999996 0.4 0.45999999999999996 0.375 0.45999999999999996 0.34500000000000003 0.45999999999999996 0.325 0.4566666671875 0.305 0.4533333328125 0.29 0.44333333281250004 0.27999999999999997 0.42000000000000004 0.275 0.4 0.275 0.3866666671875 0.27999999999999997 0.36666666718749996 0.29 0.36 0.29500000000000004 0.3633333328125 0.365 0.3633333328125 0.395 0.37 0.41 0.38 0.41500000000000004
3 0.7033333328125 0.35 0.7033333328125 0.385 0.7033333328125 0.39 0.7166666671875 0.395 0.7233333328125 0.39 0.7233333328125 0.375 0.7233333328125 0.36 0.7233333328125 0.31 0.6933333328125 0.29500000000000004 0.7 0.305 0.7 0.325 0.7033333328125 0.35
3 0.6466666671875 0.41 0.6566666671875 0.40499999999999997 0.6599999999999999 0.39 0.6633333328125001 0.375 0.6599999999999999 0.35 0.6599999999999999 0.325 0.6566666671875 0.3 0.65 0.28500000000000003 0.6366666671875 0.28500000000000003 0.62 0.28500000000000003 0.6133333328125 0.29500000000000004 0.6166666671875001 0.32 0.62 0.34500000000000003 0.6166666671875001 0.38 0.6166666671875001 0.39 0.62 0.40499999999999997 0.6266666671875 0.41 0.6366666671875 0.41 0.6466666671875 0.41
3 0.5900000000000001 0.64 0.5933333328125 0.635 0.6066666671875 0.625 0.6133333328125 0.615 0.62 0.61 0.6166666671875001 0.595 0.6133333328125 0.58 0.61 0.5650000000000001 0.61 0.5549999999999999 0.6033333328125 0.545 0.6 0.545 0.5599999999999999 0.5549999999999999 0.5633333328125001 0.615 0.5599999999999999 0.63 0.5633333328125001 0.635 0.5900000000000001 0.64
3 0.18 0.385 0.18 0.4 0.1833333328125 0.41 0.19 0.42000000000000004 0.2 0.425 0.21000000000000002 0.42000000000000004 0.2166666671875 0.42000000000000004 0.2233333328125 0.41500000000000004 0.2266666671875 0.41 0.22999999999999998 0.395 0.22999999999999998 0.39 0.22999999999999998 0.37 0.22999999999999998 0.355 0.22999999999999998 0.33999999999999997 0.22999999999999998 0.335 0.2266666671875 0.32 0.2266666671875 0.315 0.2233333328125 0.31 0.2233333328125 0.305 0.2166666671875 0.305 0.21000000000000002 0.31 0.2033333328125 0.315 0.1866666671875 0.325 0.1866666671875 0.335 0.1833333328125 0.35 0.18 0.38 0.18 0.385