3 0.25 0.8550000000000001 0.3133333328125 0.8699999999999999 0.3633333328125 0.8699999999999999 0.37 0.7849999999999999 0.37333333281250003 0.75 0.3966666671875 0.72 0.3866666671875 0.655 0.38333333281250004 0.605 0.38333333281250004 0.585 0.3466666671875 0.58 0.3166666671875 0.5599999999999999 0.3 0.5349999999999999 0.2833333328125 0.48 0.2533333328125 0.5349999999999999 0.2133333328125 0.58 0.2033333328125 0.6950000000000001 0.2133333328125 0.73 0.2266666671875 0.78 0.25 0.8550000000000001
3 0.9099999999999999 0.34500000000000003 0.9066666671875 0.39 0.8966666671875 0.43499999999999994 0.8933333328125 0.475 0.8933333328125 0.5 0.8833333328125 0.5349999999999999 0.8966666671875 0.5349999999999999 0.9133333328125 0.53 0.9233333328125 0.495 0.9333333328125001 0.42000000000000004 0.9466666671875 0.29500000000000004 0.9433333328125 0.22000000000000003 0.9266666671875001 0.15 0.9099999999999999 0.205 0.9133333328125 0.265 0.9099999999999999 0.305 0.907719296875 0.33921052500000004 0.9133333328125 0.29500000000000004 0.9099999999999999 0.34500000000000003
3 0.8266666671875 0.825 0.8333333328125001 0.875 0.85 0.885 0.86 0.865 0.8699999999999999 0.825 0.8733333328124999 0.8 0.8633333328124999 0.755 0.8666666671875 0.71 0.8633333328124999 0.67 0.86 0.615 0.86 0.5700000000000001 0.8533333328125 0.5349999999999999 0.8533333328125 0.52 0.8533333328125 0.45999999999999996 0.8466666671875 0.49000000000000005 0.8466666671875 0.515 0.8466666671875 0.5349999999999999 0.8400000000000001 0.54 0.8233333328124999 0.5599999999999999 0.7966666671875 0.5599999999999999 0.7933333328125001 0.72 0.8 0.765 0.82 0.7849999999999999 0.8266666671875 0.825
3 0.3333333328125 0.58 0.36 0.585 0.3966666671875 0.585 0.45999999999999996 0.585 0.48666666718749996 0.5599999999999999 0.5 0.51 0.5 0.475 0.4966666671875 0.425 0.4933333328125 0.375 0.48666666718749996 0.33999999999999997 0.48 0.305 0.4733333328125 0.27999999999999997 0.46333333281250005 0.255 0.45 0.225 0.44000000000000006 0.21000000000000002 0.4233333328125 0.18 0.4166666671875 0.175 0.4033333328125 0.175 0.38 0.18 0.3266666671875 0.19 0.29333333281249996 0.3 0.29 0.475 0.31 0.55 0.3333333328125 0.58
3 0.7433333328125 0.495 0.7433333328125 0.54 0.7833333328125 0.5549999999999999 0.8233333328124999 0.5599999999999999 0.8433333328125 0.5349999999999999 0.8466666671875 0.495 0.86 0.4 0.8633333328124999 0.26 0.8400000000000001 0.15 0.75 0.16999999999999998 0.7333333328125 0.215 0.7233333328125 0.24500000000000002 0.74 0.40499999999999997 0.74 0.45499999999999996 0.7433333328125 0.495
3 0.8633333328124999 0.37 0.8533333328125 0.48 0.8533333328125 0.52 0.86 0.53 0.8833333328125 0.5349999999999999 0.8866666671875001 0.53 0.8933333328125 0.5 0.8933333328125 0.475 0.8966666671875 0.43499999999999994 0.9066666671875 0.39 0.9099999999999999 0.34500000000000003 0.9133333328125 0.29500000000000004 0.9133333328125 0.265 0.9133333328125 0.225 0.9099999999999999 0.19 0.9033333328125 0.145 0.8933333328125 0.135 0.8733333328124999 0.13999999999999999 0.8533333328125 0.22000000000000003 0.8633333328124999 0.26 0.8633333328124999 0.27999999999999997 0.8633333328124999 0.37
3 0.1 0.43499999999999994 0.11333333281249999 0.49000000000000005 0.1433333328125 0.525 0.17333333281250002 0.55 0.2 0.575 0.2266666671875 0.5650000000000001 0.2666666671875 0.52 0.2866666671875 0.47000000000000003 0.2866666671875 0.445 0.2866666671875 0.395 0.29 0.34500000000000003 0.29 0.28500000000000003 0.27 0.24500000000000002 0.24333333281249997 0.185 0.13333333281249998 0.185 0.1166666671875 0.22000000000000003 0.0933333328125 0.305 0.0866666671875 0.325 0.0933333328125 0.395 0.1 0.43499999999999994
3 0.6933333328125 0.825 0.7066666671874999 0.86 0.7133333328125 0.8949999999999999 0.77 0.885 0.7766666671875 0.865 0.79 0.845 0.7866666671875 0.805 0.7933333328125001 0.7 0.7966666671875 0.65 0.7966666671875 0.575 0.7966666671875 0.5549999999999999 0.7733333328125 0.55 0.7566666671875 0.545 0.75 0.54 0.7366666671875 0.545 0.7166666671875 0.5549999999999999 0.6933333328125 0.5700000000000001 0.6966666671875 0.58 0.7 0.595 0.6799999999999999 0.75 0.6833333328125 0.79 0.6933333328125 0.825
3 0.9133333328125 0.78 0.9133333328125 0.725 0.9133333328125 0.6950000000000001 0.9133333328125 0.65 0.9099999999999999 0.625 0.9033333328125 0.5900000000000001 0.8966666671875 0.5650000000000001 0.89 0.54 0.8533333328125 0.525 0.8566666671875 0.6 0.8666666671875 0.71 0.89 0.75 0.8966666671875 0.795 0.9099999999999999 0.8300000000000001 0.9133333328125 0.78
3 0.03 0.64 0.0266666671875 0.6849999999999999 0.15 0.805 0.1666666671875 0.765 0.19 0.72 0.2033333328125 0.6849999999999999 0.2066666671875 0.6599999999999999 0.21000000000000002 0.58 0.1833333328125 0.5599999999999999 0.1566666671875 0.5349999999999999 0.13333333281249998 0.515 0.11000000000000001 0.475 0.0966666671875 0.45499999999999996 0.0633333328125 0.495 0.04 0.5349999999999999 0.0366666671875 0.5900000000000001 0.03 0.64
3 0.5433333328125001 0.58 0.5966666671875 0.5900000000000001 0.6966666671875 0.5700000000000001 0.74 0.54 0.7433333328125 0.525 0.7433333328125 0.48 0.7433333328125 0.43499999999999994 0.7333333328125 0.355 0.73 0.315 0.7266666671875 0.27 0.7133333328125 0.22000000000000003 0.6966666671875 0.185 0.6866666671874999 0.16499999999999998 0.6533333328125 0.16 0.5566666671875 0.175 0.52 0.21000000000000002 0.48333333281249996 0.29 0.5033333328125 0.465 0.4966666671875 0.54 0.51 0.5599999999999999 0.5433333328125001 0.58
3 0.5966666671875 0.8550000000000001 0.61 0.885 0.64 0.8949999999999999 0.6733333328125 0.8699999999999999 0.6733333328125 0.835 0.6766666671875 0.77 0.7 0.6 0.7 0.595 0.6900000000000001 0.5650000000000001 0.6033333328125 0.5900000000000001 0.5533333328125 0.585 0.5566666671875 0.72 0.5566666671875 0.79 0.58 0.82 0.5966666671875 0.8550000000000001
3 0.44666666718750003 0.85 0.48 0.8949999999999999 0.51 0.885 0.5166666671875 0.8699999999999999 0.5533333328125 0.805 0.5533333328125 0.765 0.5533333328125 0.6900000000000001 0.5533333328125 0.585 0.5266666671875 0.5700000000000001 0.4933333328125 0.545 0.46666666718750005 0.58 0.4066666671875 0.585 0.38333333281250004 0.585 0.38333333281250004 0.61 0.3933333328125 0.7 0.4033333328125 0.765 0.44333333281250004 0.835 0.44666666718750003 0.85