3 0.662116040625 0.49000000000000005 0.6655290109374999 0.495 0.7201365187500001 0.495 0.744027303125 0.485 0.7542662109375 0.475 0.76109215 0.45499999999999996 0.76450511875 0.42000000000000004 0.76450511875 0.375 0.76109215 0.34500000000000003 0.75767918125 0.305 0.75767918125 0.28500000000000003 0.75767918125 0.265 0.75767918125 0.255 0.7508532421874999 0.23500000000000001 0.7474402734375001 0.22999999999999998 0.7303754265625 0.225 0.7235494874999999 0.225 0.703071671875 0.225 0.68259385625 0.22999999999999998 0.6723549484375 0.24 0.655290103125 0.27 0.658703071875 0.32999999999999996 0.662116040625 0.43 0.662116040625 0.49000000000000005
3 0.7133105796875 0.545 0.7098976109375 0.5599999999999999 0.7064846421875 0.5700000000000001 0.7064846421875 0.58 0.7098976109375 0.605 0.7098976109375 0.625 0.7098976109375 0.64 0.7098976109375 0.665 0.7064846421875 0.6849999999999999 0.7064846421875 0.71 0.7133105796875 0.735 0.7235494874999999 0.75 0.7269624578125 0.755 0.76109215 0.745 0.7747440265625001 0.735 0.7918088734375 0.725 0.79522184375 0.71 0.79522184375 0.67 0.7918088734375 0.63 0.7883959046875 0.595 0.7679180890625 0.54 0.7508532421874999 0.53 0.7337883953125 0.53 0.71672355 0.54 0.7133105796875 0.545
3 0.40614334531249996 0.655 0.4095563140625 0.6900000000000001 0.4129692828125 0.735 0.416382253125 0.75 0.43686006875 0.775 0.4778157 0.78 0.49146757656249995 0.77 0.501706484375 0.725 0.5051194546875 0.6950000000000001 0.5051194546875 0.67 0.501706484375 0.63 0.501706484375 0.61 0.498293515625 0.5900000000000001 0.4948805453125 0.5700000000000001 0.49146757656249995 0.5599999999999999 0.40614334531249996 0.5650000000000001 0.402730375 0.585 0.402730375 0.595 0.402730375 0.615 0.40614334531249996 0.655
3 0.8907849828125001 0.41500000000000004 0.8907849828125001 0.395 0.897610921875 0.32 0.897610921875 0.29 0.8941979515625 0.25 0.8873720140625 0.23500000000000001 0.87713310625 0.23500000000000001 0.8532423203124999 0.24500000000000002 0.8566552906249999 0.265 0.8566552906249999 0.33999999999999997 0.8464163828125001 0.4 0.8464163828125001 0.445 0.8464163828125001 0.45999999999999996 0.8737201359375 0.47000000000000003 0.88395904375 0.445 0.8873720140625 0.43499999999999994 0.8907849828125001 0.41500000000000004
3 0.30375426562499996 0.72 0.3071672359375 0.6950000000000001 0.30375426562499996 0.645 0.300341296875 0.5650000000000001 0.300341296875 0.5549999999999999 0.2935153578125 0.545 0.29010238906249997 0.54 0.27645051249999997 0.525 0.255972696875 0.52 0.24573378906249999 0.515 0.23890785 0.52 0.221843003125 0.5349999999999999 0.21501706562499998 0.61 0.21160409531250002 0.65 0.21160409531250002 0.6900000000000001 0.255972696875 0.71 0.29010238906249997 0.725 0.29692832812500003 0.725 0.30375426562499996 0.72
3 0.5051194546875 0.40499999999999997 0.5051194546875 0.44000000000000006 0.5051194546875 0.485 0.5085324234375 0.5 0.5119453921875 0.515 0.542662115625 0.525 0.576791809375 0.52 0.6143344703125 0.52 0.6450511953125 0.51 0.655290103125 0.48 0.658703071875 0.45499999999999996 0.658703071875 0.40499999999999997 0.658703071875 0.385 0.655290103125 0.33999999999999997 0.655290103125 0.305 0.655290103125 0.27999999999999997 0.6484641640625 0.255 0.641638225 0.24500000000000002 0.6348122859374999 0.23500000000000001 0.621160409375 0.23500000000000001 0.60068259375 0.23500000000000001 0.5221842999999999 0.25 0.5051194546875 0.31 0.5051194546875 0.35 0.5051194546875 0.375 0.5051194546875 0.40499999999999997
3 0.11262798593750001 0.4 0.119453925 0.395 0.119453925 0.36 0.11604095625 0.28500000000000003 0.12286689375 0.225 0.0853242328125 0.22999999999999998 0.0853242328125 0.29500000000000004 0.095563140625 0.38 0.102389078125 0.39 0.11262798593750001 0.4
3 0.7747440265625001 0.5650000000000001 0.7815699656249999 0.585 0.7918088734375 0.605 0.7918088734375 0.62 0.7918088734375 0.645 0.79522184375 0.6799999999999999 0.79522184375 0.6950000000000001 0.7986348125 0.705 0.80204778125 0.71 0.815699659375 0.7150000000000001 0.83959044375 0.6950000000000001 0.8464163828125001 0.6849999999999999 0.8566552906249999 0.665 0.8566552906249999 0.6599999999999999 0.8566552906249999 0.645 0.8566552906249999 0.625 0.8566552906249999 0.615 0.8498293515625001 0.595 0.8464163828125001 0.58 0.83959044375 0.5599999999999999 0.8361774750000001 0.545 0.819112628125 0.515 0.7986348125 0.525 0.7815699656249999 0.5349999999999999 0.7713310578125 0.55 0.7747440265625001 0.5650000000000001
3 0.0887372015625 0.51 0.102389078125 0.545 0.1092150171875 0.5700000000000001 0.1262798640625 0.6 0.1262798640625 0.55 0.13310580156250001 0.51 0.139931740625 0.485 0.1501706484375 0.47000000000000003 0.1740614328125 0.45 0.16040955625 0.43499999999999994 0.1501706484375 0.43 0.1262798640625 0.43 0.1058020484375 0.45 0.098976109375 0.465 0.0887372015625 0.49000000000000005 0.0887372015625 0.51
3 0.2252559734375 0.445 0.24232081875000003 0.425 0.24232081875000003 0.41500000000000004 0.24573378906249999 0.385 0.24573378906249999 0.36 0.24573378906249999 0.335 0.24573378906249999 0.3 0.24573378906249999 0.275 0.24573378906249999 0.25 0.24573378906249999 0.225 0.1706484640625 0.22000000000000003 0.16723549531249998 0.25 0.163822525 0.27 0.163822525 0.32 0.16723549531249998 0.4 0.1740614328125 0.43 0.18088737187499998 0.44000000000000006 0.2081911265625 0.45499999999999996 0.2252559734375 0.445
3 0.1535836171875 0.6 0.1569965875 0.645 0.18088737187499998 0.6599999999999999 0.19795221875 0.675 0.20477815625 0.6799999999999999 0.2081911265625 0.6849999999999999 0.21160409531250002 0.675 0.21160409531250002 0.665 0.21160409531250002 0.625 0.218430034375 0.585 0.218430034375 0.54 0.221843003125 0.53 0.23890785 0.515 0.221843003125 0.495 0.19453924843749998 0.485 0.16723549531249998 0.51 0.16040955625 0.54 0.1535836171875 0.6
3 0.5051194546875 0.735 0.5085324234375 0.76 0.5153583625 0.775 0.55631399375 0.7849999999999999 0.5938566546875 0.77 0.60068259375 0.74 0.6075085328125 0.705 0.6075085328125 0.6799999999999999 0.6040955625 0.585 0.597269625 0.5650000000000001 0.5938566546875 0.5599999999999999 0.5085324234375 0.5650000000000001 0.501706484375 0.5900000000000001 0.5051194546875 0.64 0.5051194546875 0.6950000000000001 0.5051194546875 0.735
3 0.9249146749999999 0.385 0.9283276453125 0.36 0.9283276453125 0.34500000000000003 0.935153584375 0.32 0.935153584375 0.3 0.935153584375 0.275 0.9317406140625 0.26 0.9249146749999999 0.25 0.9146757671874999 0.24 0.9010238906250001 0.24 0.8941979515625 0.24 0.8941979515625 0.275 0.897610921875 0.31 0.8941979515625 0.355 0.8907849828125001 0.395 0.8907849828125001 0.41 0.8873720140625 0.43 0.8873720140625 0.43499999999999994 0.9078498296875 0.44000000000000006 0.9146757671874999 0.425 0.9180887375 0.41500000000000004 0.9249146749999999 0.385
3 0.0853242328125 0.29 0.0853242328125 0.22999999999999998 0.0477815703125 0.24500000000000002 0.0511945390625 0.31 0.07508532500000001 0.36 0.0921501703125 0.36 0.0853242328125 0.29
3 0.897610921875 0.54 0.9010238906250001 0.5549999999999999 0.9010238906250001 0.58 0.9010238906250001 0.595 0.9010238906250001 0.605 0.9215017062499999 0.575 0.9249146749999999 0.5549999999999999 0.9249146749999999 0.505 0.9249146749999999 0.485 0.9215017062499999 0.48 0.9180887375 0.47000000000000003 0.8907849828125001 0.47000000000000003 0.83959044375 0.48 0.8737201359375 0.505 0.8907849828125001 0.52 0.897610921875 0.54
3 0.6075085328125 0.5650000000000001 0.6040955625 0.58 0.6040955625 0.605 0.6040955625 0.625 0.6040955625 0.735 0.6075085328125 0.755 0.6143344703125 0.77 0.6313993171875001 0.78 0.6860068265625 0.765 0.6894197953125001 0.74 0.699658703125 0.7 0.7064846421875 0.675 0.7098976109375 0.665 0.7064846421875 0.635 0.7064846421875 0.585 0.703071671875 0.5599999999999999 0.6928327640624999 0.5549999999999999 0.6655290109374999 0.5549999999999999 0.617747440625 0.5599999999999999 0.6109215015625 0.5599999999999999 0.6075085328125 0.5650000000000001
3 0.3856655296875 0.77 0.402730375 0.73 0.40614334531249996 0.7150000000000001 0.40614334531249996 0.7 0.40614334531249996 0.675 0.402730375 0.65 0.402730375 0.625 0.402730375 0.6 0.402730375 0.585 0.3959044375 0.5599999999999999 0.382252559375 0.5549999999999999 0.3515358359375 0.5549999999999999 0.3071672359375 0.55 0.300341296875 0.5650000000000001 0.3105802046875 0.725 0.3208191125 0.75 0.3344709890625 0.765 0.3856655296875 0.77
3 0.3515358359375 0.485 0.3651877140625 0.505 0.419795221875 0.52 0.464163821875 0.52 0.48464163750000006 0.52 0.4948805453125 0.495 0.5051194546875 0.465 0.5051194546875 0.44000000000000006 0.501706484375 0.4 0.501706484375 0.365 0.501706484375 0.335 0.498293515625 0.305 0.49146757656249995 0.26 0.4880546078125 0.25 0.4778157 0.24 0.3651877140625 0.23500000000000001 0.3549488046875 0.29500000000000004 0.34470989687500003 0.365 0.34812286718749996 0.465 0.3515358359375 0.485
3 0.1706484640625 0.505 0.1911262796875 0.49000000000000005 0.19795221875 0.485 0.1706484640625 0.45 0.1535836171875 0.465 0.136518771875 0.495 0.13310580156250001 0.525 0.1262798640625 0.5599999999999999 0.1262798640625 0.6 0.1535836171875 0.64 0.1501706484375 0.5900000000000001 0.16040955625 0.53 0.1706484640625 0.505
3 0.8361774750000001 0.5549999999999999 0.8430034125000001 0.5700000000000001 0.8464163828125001 0.585 0.8532423203124999 0.61 0.8566552906249999 0.64 0.860068259375 0.65 0.8668941984374999 0.655 0.88395904375 0.635 0.8941979515625 0.62 0.9010238906250001 0.605 0.897610921875 0.54 0.8873720140625 0.52 0.8737201359375 0.505 0.83959044375 0.485 0.819112628125 0.51 0.819112628125 0.52 0.8327645046875001 0.54 0.8361774750000001 0.5549999999999999
3 0.24573378906249999 0.45 0.259385665625 0.465 0.29010238906249997 0.48 0.3208191125 0.48 0.3344709890625 0.48 0.341296928125 0.45499999999999996 0.34470989687500003 0.44000000000000006 0.34470989687500003 0.42000000000000004 0.34470989687500003 0.395 0.34470989687500003 0.35 0.34470989687500003 0.32999999999999996 0.34812286718749996 0.29500000000000004 0.34812286718749996 0.265 0.3515358359375 0.24500000000000002 0.3515358359375 0.24 0.34470989687500003 0.23500000000000001 0.3310580203125 0.225 0.25255972656250003 0.225 0.24573378906249999 0.28500000000000003 0.24573378906249999 0.34500000000000003 0.24573378906249999 0.385 0.24573378906249999 0.45
3 0.1501706484375 0.41 0.16723549531249998 0.4 0.163822525 0.34500000000000003 0.163822525 0.29 0.163822525 0.255 0.16723549531249998 0.22999999999999998 0.16723549531249998 0.215 0.12286689375 0.225 0.11262798593750001 0.29500000000000004 0.119453925 0.38 0.1262798640625 0.41 0.1501706484375 0.41
3 0.76109215 0.45499999999999996 0.784982934375 0.485 0.8088737203124999 0.49000000000000005 0.822525596875 0.48 0.83959044375 0.47000000000000003 0.8430034125000001 0.45499999999999996 0.8464163828125001 0.42000000000000004 0.8532423203124999 0.37 0.8566552906249999 0.33999999999999997 0.8566552906249999 0.26 0.8464163828125001 0.22999999999999998 0.8430034125000001 0.225 0.7815699656249999 0.22999999999999998 0.76109215 0.275 0.76109215 0.32999999999999996 0.7679180890625 0.385 0.76109215 0.45499999999999996