3 0.7875457875 0.68108108125 0.8021978015625001 0.6864864859375001 0.8241758234375001 0.6378378375 0.8241758234375001 0.616216215625 0.8168498171874999 0.5891891890625 0.809523809375 0.5621621625000001 0.8021978015625001 0.5459459453125 0.7985347984375 0.540540540625 0.7802197796875 0.5513513515625 0.7582417578125 0.55675675625 0.76923076875 0.5945945953125 0.7765567765625 0.6378378375 0.7765567765625 0.664864865625 0.7875457875 0.68108108125
3 0.472527471875 0.524324325 0.48351648281250004 0.535135134375 0.509157509375 0.5513513515625 0.5421245421875 0.55675675625 0.5677655671874999 0.5459459453125 0.5824175828125 0.524324325 0.5860805859375 0.49729729687499996 0.5860805859375 0.44864864843749996 0.5860805859375 0.416216215625 0.5824175828125 0.37837837812499997 0.575091575 0.35675675625 0.5604395609374999 0.32972972968750003 0.5457875453125001 0.3135135140625 0.5384615390625 0.3135135140625 0.527472528125 0.3081081078125 0.5164835171875 0.3081081078125 0.5018315015625 0.31891891875 0.4871794875 0.3513513515625 0.46520146562500003 0.416216215625 0.46520146562500003 0.459459459375 0.4615384609375 0.475675675 0.472527471875 0.524324325
3 0.23076923124999998 0.459459459375 0.24175824218750003 0.48648648593750005 0.26007325937500003 0.5135135140625 0.2820512828125 0.5297297296875 0.28571428593750003 0.5297297296875 0.3076923078125 0.5189189187500001 0.322344321875 0.5135135140625 0.34432234375 0.48648648593750005 0.3479853484375 0.45405405468750004 0.3479853484375 0.4324324328125 0.340659340625 0.40540540468749997 0.3369963375 0.383783784375 0.3260073265625 0.3621621625 0.26739926718749996 0.340540540625 0.24542124531249998 0.3891891890625 0.23076923124999998 0.39459459531249996 0.22710622656249999 0.4270270265625 0.23076923124999998 0.459459459375
3 0.6263736265625 0.7081081078125 0.6630036625 0.697297296875 0.6703296703125 0.6864864859375001 0.6886446890625 0.6486486484375 0.6923076921875 0.616216215625 0.6923076921875 0.5945945953125 0.6849816843750001 0.5621621625000001 0.659340659375 0.5621621625000001 0.615384615625 0.5621621625000001 0.6080586078125 0.6324324328125 0.6117216125 0.6594594593750001 0.61904761875 0.6864864859375001 0.6263736265625 0.7081081078125
3 0.8168498171874999 0.48648648593750005 0.8168498171874999 0.5189189187500001 0.8498168500000001 0.5189189187500001 0.8534798531250001 0.4918918921875 0.8571428578125 0.459459459375 0.8608058609375 0.43783783749999994 0.8644688640625 0.416216215625 0.8608058609375 0.383783784375 0.8571428578125 0.3675675671875 0.8498168500000001 0.3513513515625 0.846153846875 0.3459459453125 0.8241758234375001 0.3135135140625 0.7985347984375 0.3891891890625 0.8058608062499999 0.416216215625 0.809523809375 0.44864864843749996 0.8168498171874999 0.48648648593750005
3 0.5238095234375 0.6918918921875 0.53113553125 0.7135135140625 0.5457875453125001 0.7297297296874999 0.5604395609374999 0.7297297296874999 0.5677655671874999 0.7297297296874999 0.5824175828125 0.71891891875 0.5824175828125 0.7081081078125 0.5897435890625 0.6702702703125001 0.597069596875 0.6378378375 0.6007326 0.6108108109375 0.6080586078125 0.583783784375 0.6117216125 0.5621621625000001 0.6117216125 0.5513513515625 0.5934065937499999 0.535135134375 0.5860805859375 0.524324325 0.5787545781250001 0.5297297296875 0.5714285718750001 0.540540540625 0.553113553125 0.5513513515625 0.5384615390625 0.55675675625 0.509157509375 0.5513513515625 0.50549450625 0.6 0.509157509375 0.6216216218749999 0.5128205125 0.664864865625 0.5238095234375 0.6918918921875
3 0.3479853484375 0.44864864843749996 0.3479853484375 0.4702702703125 0.3516483515625 0.502702703125 0.358974359375 0.5135135140625 0.3736263734375 0.5297297296875 0.3992674 0.540540540625 0.4102564109375 0.5459459453125 0.4322344328125 0.5189189187500001 0.44688644687499995 0.502702703125 0.45787545781250005 0.48108108125 0.46520146562500003 0.45405405468750004 0.4615384609375 0.42162162187499996 0.4542124546875 0.3891891890625 0.44322344375 0.3621621625 0.43589743593749997 0.340540540625 0.3956043953125 0.3081081078125 0.3626373625 0.32972972968750003 0.3626373625 0.3675675671875 0.3626373625 0.39459459531249996 0.3553113546875 0.416216215625 0.3479853484375 0.44864864843749996
3 0.16849816875 0.48108108125 0.1794871796875 0.49729729687499996 0.19413919375 0.5135135140625 0.21611721562500003 0.502702703125 0.234432234375 0.502702703125 0.234432234375 0.46486486562499996 0.23076923124999998 0.44324324375 0.22710622656249999 0.4270270265625 0.22344322343749998 0.4 0.208791209375 0.3729729734375 0.1978021984375 0.3513513515625 0.19413919375 0.3459459453125 0.190476190625 0.340540540625 0.16849816875 0.3513513515625 0.153846153125 0.383783784375 0.15018315 0.42162162187499996 0.1575091578125 0.45405405468750004 0.16849816875 0.48108108125
3 0.172161171875 0.5891891890625 0.1831501828125 0.6108108109375 0.208791209375 0.6216216218749999 0.22710622656249999 0.616216215625 0.252747253125 0.6054054046874999 0.26739926718749996 0.6 0.274725275 0.5945945953125 0.29670329687499997 0.524324325 0.274725275 0.524324325 0.25641025625 0.5135135140625 0.24175824218750003 0.48648648593750005 0.234432234375 0.4702702703125 0.234432234375 0.502702703125 0.21245421250000002 0.502702703125 0.190476190625 0.5135135140625 0.1758241765625 0.535135134375 0.172161171875 0.5459459453125 0.16849816875 0.5675675671875 0.172161171875 0.5891891890625
3 0.128205128125 0.5513513515625 0.1391941390625 0.5729729734375 0.15018315 0.583783784375 0.16849816875 0.5945945953125 0.16849816875 0.5675675671875 0.172161171875 0.5513513515625 0.172161171875 0.540540540625 0.1794871796875 0.524324325 0.19413919375 0.5135135140625 0.1831501828125 0.502702703125 0.16849816875 0.48108108125 0.1611721609375 0.46486486562499996 0.1428571421875 0.45405405468750004 0.13186813125000002 0.459459459375 0.1172161171875 0.48108108125 0.1172161171875 0.5081081078125 0.1208791203125 0.5297297296875 0.128205128125 0.5513513515625
3 0.29670329687499997 0.68108108125 0.3003663 0.697297296875 0.3260073265625 0.71891891875 0.358974359375 0.702702703125 0.38095238125 0.6702702703125001 0.3882783875 0.64324324375 0.3919413921875 0.6216216218749999 0.3956043953125 0.578378378125 0.3956043953125 0.5621621625000001 0.3919413921875 0.5459459453125 0.38095238125 0.540540540625 0.3772893765625 0.540540540625 0.3699633703125 0.540540540625 0.366300365625 0.535135134375 0.358974359375 0.524324325 0.3553113546875 0.5135135140625 0.3516483515625 0.5081081078125 0.34432234375 0.502702703125 0.340659340625 0.502702703125 0.3369963375 0.502702703125 0.29670329687499997 0.5297297296875 0.274725275 0.5945945953125 0.278388278125 0.616216215625 0.28937728906250004 0.6540540546875 0.29670329687499997 0.68108108125
3 0.42124542187499997 0.697297296875 0.43956043906250003 0.724324325 0.45787545781250005 0.71891891875 0.4761904765625 0.702702703125 0.4871794875 0.675675675 0.49450549375 0.6594594593750001 0.50549450625 0.6 0.5018315015625 0.5513513515625 0.48351648281250004 0.535135134375 0.46520146562500003 0.502702703125 0.45054945 0.502702703125 0.42490842500000003 0.5297297296875 0.40659340625 0.5459459453125 0.3992674 0.5675675671875 0.3956043953125 0.6270270265625 0.40293040312499995 0.6486486484375 0.42124542187499997 0.697297296875
3 0.5934065937499999 0.535135134375 0.6043956046875001 0.5459459453125 0.641025640625 0.5621621625000001 0.6923076921875 0.5621621625000001 0.7142857140625 0.55675675625 0.721611721875 0.5189189187500001 0.7179487171875001 0.48648648593750005 0.7142857140625 0.46486486562499996 0.7106227109375001 0.44324324375 0.7106227109375001 0.416216215625 0.703296703125 0.383783784375 0.6923076921875 0.3675675671875 0.6849816843750001 0.3459459453125 0.6703296703125 0.31891891875 0.6666666671875 0.3135135140625 0.6263736265625 0.3081081078125 0.6043956046875001 0.33513513437500003 0.5934065937499999 0.39459459531249996 0.5860805859375 0.4324324328125 0.5897435890625 0.502702703125 0.5934065937499999 0.535135134375
3 0.7179487171875001 0.459459459375 0.7179487171875001 0.5081081078125 0.7362637359375 0.5513513515625 0.7765567765625 0.5459459453125 0.8021978015625001 0.535135134375 0.8168498171874999 0.5189189187500001 0.8168498171874999 0.49729729687499996 0.809523809375 0.459459459375 0.8058608062499999 0.4270270265625 0.7985347984375 0.4 0.791208790625 0.3675675671875 0.7728937734375 0.340540540625 0.7619047625 0.32432432499999997 0.747252746875 0.3081081078125 0.7435897437500001 0.3081081078125 0.7326007328124999 0.32972972968750003 0.7179487171875001 0.3891891890625 0.7142857140625 0.416216215625 0.7142857140625 0.43783783749999994 0.7179487171875001 0.459459459375
3 0.721611721875 0.6864864859375001 0.7362637359375 0.6864864859375001 0.7509157515625 0.68108108125 0.7582417578125 0.6594594593750001 0.76923076875 0.6270270265625 0.76923076875 0.6054054046874999 0.7619047625 0.5729729734375 0.7545787546875 0.5513513515625 0.721611721875 0.5513513515625 0.6886446890625 0.5675675671875 0.6923076921875 0.6216216218749999 0.6996336999999999 0.6540540546875 0.7106227109375001 0.68108108125 0.721611721875 0.6864864859375001