3 0.6466666671875 0.46666666718750005 0.6566666671875 0.48444444375 0.6666666671875 0.5066666671875 0.6866666671874999 0.52 0.7066666671874999 0.52 0.72 0.497777778125 0.72 0.4711111109375 0.7233333328125 0.44000000000000006 0.7266666671875 0.42222222187499997 0.7266666671875 0.40444444375 0.7133333328125 0.382222221875 0.7 0.37333333281250003 0.6833333328125 0.37333333281250003 0.6566666671875 0.3866666671875 0.65 0.4 0.6466666671875 0.4266666671875 0.64 0.44444444375 0.6466666671875 0.46666666718750005
3 0.9366666671875 0.44444444375 0.9366666671875 0.42222222187499997 0.9333333328125001 0.4 0.9199999999999999 0.377777778125 0.9099999999999999 0.377777778125 0.9 0.3911111109375 0.9 0.40888888906250004 0.9033333328125 0.4311111109375 0.9099999999999999 0.46666666718750005 0.9133333328125 0.4888888890625 0.9099999999999999 0.52 0.9199999999999999 0.52444444375 0.93 0.502222221875 0.9366666671875 0.47555555624999996 0.9366666671875 0.44444444375
3 0.16 0.502222221875 0.1633333328125 0.5333333328125 0.1633333328125 0.5555555562500001 0.17333333281250002 0.5733333328125 0.18 0.577777778125 0.2066666671875 0.5733333328125 0.22999999999999998 0.56444444375 0.24 0.5466666671875 0.2533333328125 0.5333333328125 0.2633333328125 0.502222221875 0.26 0.47555555624999996 0.2533333328125 0.457777778125 0.2366666671875 0.43555555625000003 0.2266666671875 0.41777777812499994 0.2133333328125 0.3911111109375 0.2033333328125 0.377777778125 0.1866666671875 0.377777778125 0.17333333281250002 0.37333333281250003 0.1633333328125 0.382222221875 0.15 0.40444444375 0.15 0.4311111109375 0.1566666671875 0.4533333328125 0.16 0.47555555624999996 0.16 0.502222221875
3 0.82 0.7466666671875 0.8233333328124999 0.72 0.8233333328124999 0.6799999999999999 0.82 0.63555555625 0.8133333328125 0.6044444437500001 0.8066666671875 0.6044444437500001 0.7966666671875 0.6044444437500001 0.78 0.5911111109375 0.7633333328125 0.5733333328125 0.7433333328125 0.5555555562500001 0.73 0.5466666671875 0.72 0.542222221875 0.7233333328125 0.5511111109375 0.74 0.5733333328125 0.7466666671875 0.6 0.75 0.6311111109375 0.7533333328125 0.662222221875 0.75 0.6799999999999999 0.7633333328125 0.7066666671874999 0.7833333328125 0.737777778125 0.8066666671875 0.76 0.82 0.7466666671875
3 0.2733333328125 0.5333333328125 0.29 0.542222221875 0.3166666671875 0.5377777781249999 0.3333333328125 0.52444444375 0.3433333328125 0.5066666671875 0.3433333328125 0.48444444375 0.3466666671875 0.46666666718750005 0.3466666671875 0.44444444375 0.3433333328125 0.4266666671875 0.32999999999999996 0.41333333281250006 0.3233333328125 0.40444444375 0.3 0.3911111109375 0.2866666671875 0.382222221875 0.27 0.3866666671875 0.26 0.4 0.2633333328125 0.42222222187499997 0.2633333328125 0.44444444375 0.2633333328125 0.48 0.2666666671875 0.5066666671875 0.2733333328125 0.5333333328125
3 0.7333333328125 0.737777778125 0.75 0.71555555625 0.75 0.662222221875 0.75 0.622222221875 0.7433333328125 0.5866666671874999 0.7266666671875 0.5555555562500001 0.7066666671874999 0.5377777781249999 0.6966666671875 0.5377777781249999 0.6900000000000001 0.5377777781249999 0.6733333328125 0.5599999999999999 0.6666666671875 0.59555555625 0.6666666671875 0.617777778125 0.6666666671875 0.6533333328125 0.6633333328125001 0.662222221875 0.6766666671875 0.6977777781250001 0.6900000000000001 0.7288888890624999 0.72 0.7466666671875 0.7333333328125 0.737777778125
3 0.8533333328125 0.63555555625 0.85 0.6088888890625 0.8433333328125 0.5911111109375 0.8333333328125001 0.577777778125 0.8300000000000001 0.5733333328125 0.8233333328124999 0.5822222218750001 0.8166666671874999 0.59555555625 0.8133333328125 0.6044444437500001 0.82 0.6311111109375 0.8233333328124999 0.6533333328125 0.8233333328124999 0.6711111109375001 0.8266666671875 0.6799999999999999 0.8366666671875 0.6888888890625 0.85 0.6977777781250001 0.8533333328125 0.6711111109375001 0.8533333328125 0.63555555625
3 0.2066666671875 0.7333333328125 0.2233333328125 0.7111111109375 0.23333333281250002 0.6799999999999999 0.24333333281249997 0.64444444375 0.25 0.6133333328125 0.2633333328125 0.5866666671874999 0.2733333328125 0.5599999999999999 0.27 0.542222221875 0.25666666718750003 0.5377777781249999 0.24 0.5511111109375 0.22000000000000003 0.5599999999999999 0.2 0.5733333328125 0.18 0.5733333328125 0.17333333281250002 0.6 0.17333333281250002 0.63555555625 0.18 0.657777778125 0.1766666671875 0.6888888890625 0.18 0.7066666671874999 0.1866666671875 0.737777778125 0.2066666671875 0.7333333328125
3 0.72 0.52444444375 0.74 0.5466666671875 0.7666666671875 0.5733333328125 0.7866666671875 0.59555555625 0.8066666671875 0.6088888890625 0.82 0.59555555625 0.8266666671875 0.5733333328125 0.8300000000000001 0.5333333328125 0.8333333328125001 0.497777778125 0.8300000000000001 0.44888888906249996 0.8266666671875 0.42222222187499997 0.8233333328124999 0.40444444375 0.8133333328125 0.382222221875 0.79 0.37333333281250003 0.7666666671875 0.3866666671875 0.7566666671875 0.41777777812499994 0.74 0.44444444375 0.72 0.4711111109375 0.7166666671875 0.497777778125 0.72 0.52444444375
0 0.6533333328125 0.41333333281250006 0.6599999999999999 0.40444444375 0.67 0.39555555625 0.6799999999999999 0.3911111109375 0.6933333328125 0.39555555625 0.71 0.4 0.72 0.41777777812499994 0.7233333328125 0.4311111109375 0.7266666671875 0.41777777812499994 0.7266666671875 0.40444444375 0.72 0.3911111109375 0.7133333328125 0.382222221875 0.7 0.37333333281250003 0.6866666671874999 0.3688888890625 0.67 0.37333333281250003 0.6633333328125001 0.382222221875 0.6533333328125 0.4 0.6433333328125 0.41777777812499994 0.64 0.4311111109375 0.64 0.44444444375 0.64 0.457777778125 0.6466666671875 0.457777778125 0.65 0.44444444375 0.65 0.4311111109375 0.6533333328125 0.41333333281250006
3 0.8633333328124999 0.497777778125 0.86 0.4533333328125 0.86 0.4266666671875 0.8533333328125 0.40444444375 0.8366666671875 0.39555555625 0.8266666671875 0.41333333281250006 0.8266666671875 0.4266666671875 0.8300000000000001 0.457777778125 0.8300000000000001 0.48 0.8333333328125001 0.5066666671875 0.8266666671875 0.5688888890625 0.8333333328125001 0.577777778125 0.8433333328125 0.5733333328125 0.86 0.5333333328125 0.8633333328124999 0.497777778125
3 0.13333333281249998 0.5599999999999999 0.1533333328125 0.5511111109375 0.16 0.5288888890625 0.16 0.5066666671875 0.1566666671875 0.47555555624999996 0.1533333328125 0.4533333328125 0.1433333328125 0.4266666671875 0.13 0.41333333281250006 0.1166666671875 0.40444444375 0.10333333281249998 0.4 0.0933333328125 0.40888888906250004 0.09 0.4311111109375 0.0933333328125 0.462222221875 0.0933333328125 0.497777778125 0.0966666671875 0.52 0.1 0.5466666671875 0.12 0.5599999999999999 0.13333333281249998 0.5599999999999999
3 0.45 0.7511111109375 0.46333333281250005 0.7511111109375 0.48666666718749996 0.7288888890624999 0.4933333328125 0.6888888890625 0.4933333328125 0.657777778125 0.4966666671875 0.6266666671875 0.4966666671875 0.59555555625 0.48666666718749996 0.577777778125 0.45999999999999996 0.577777778125 0.44666666718750003 0.5822222218750001 0.42000000000000004 0.577777778125 0.4066666671875 0.5911111109375 0.4066666671875 0.6088888890625 0.4066666671875 0.6311111109375 0.41333333281250006 0.657777778125 0.41333333281250006 0.6666666671875 0.42000000000000004 0.6888888890625 0.42000000000000004 0.7111111109375 0.43333333281249997 0.737777778125 0.45 0.7511111109375
3 0.9133333328125 0.4933333328125 0.9066666671875 0.457777778125 0.9033333328125 0.4266666671875 0.8966666671875 0.39555555625 0.8833333328125 0.3866666671875 0.8699999999999999 0.39555555625 0.8633333328124999 0.40888888906250004 0.86 0.5333333328125 0.8699999999999999 0.542222221875 0.8866666671875001 0.5511111109375 0.9033333328125 0.5377777781249999 0.9133333328125 0.4933333328125
3 0.9166666671874999 0.6711111109375001 0.9166666671874999 0.64444444375 0.9133333328125 0.622222221875 0.9066666671875 0.59555555625 0.9 0.5733333328125 0.89 0.5599999999999999 0.8800000000000001 0.5511111109375 0.8699999999999999 0.542222221875 0.8633333328124999 0.542222221875 0.86 0.542222221875 0.8533333328125 0.5511111109375 0.8466666671875 0.56444444375 0.8366666671875 0.577777778125 0.8466666671875 0.5866666671874999 0.85 0.6088888890625 0.85 0.6311111109375 0.8566666671875 0.657777778125 0.8566666671875 0.67555555625 0.8766666671875001 0.6888888890625 0.89 0.7022222218749999 0.9099999999999999 0.6977777781250001 0.9166666671874999 0.6711111109375001
3 0.29 0.737777778125 0.31 0.72 0.32999999999999996 0.6888888890625 0.3433333328125 0.662222221875 0.3533333328125 0.622222221875 0.3533333328125 0.6 0.3433333328125 0.577777778125 0.3333333328125 0.5555555562500001 0.32 0.5511111109375 0.2866666671875 0.5599999999999999 0.2733333328125 0.5733333328125 0.25666666718750003 0.6044444437500001 0.24666666718750002 0.64444444375 0.25 0.6888888890625 0.2533333328125 0.72 0.2633333328125 0.742222221875 0.29 0.737777778125
3 0.04 0.51555555625 0.0466666671875 0.542222221875 0.05 0.5555555562500001 0.0566666671875 0.5555555562500001 0.06999999999999999 0.5466666671875 0.08 0.5377777781249999 0.0866666671875 0.5111111109375 0.09 0.4888888890625 0.0933333328125 0.462222221875 0.0933333328125 0.44000000000000006 0.0866666671875 0.41777777812499994 0.07666666718750001 0.40444444375 0.0633333328125 0.39555555625 0.05 0.3911111109375 0.0366666671875 0.4 0.0366666671875 0.41333333281250006 0.0333333328125 0.44000000000000006 0.0366666671875 0.48 0.04 0.51555555625
3 0.5599999999999999 0.7066666671874999 0.5733333328125 0.657777778125 0.5766666671875 0.622222221875 0.5733333328125 0.5866666671874999 0.5700000000000001 0.5599999999999999 0.5633333328125001 0.5466666671875 0.5466666671875 0.5466666671875 0.52 0.5466666671875 0.4933333328125 0.542222221875 0.4766666671875 0.5466666671875 0.4733333328125 0.5688888890625 0.4933333328125 0.5822222218750001 0.4966666671875 0.59555555625 0.5 0.6266666671875 0.4966666671875 0.6488888890625 0.5066666671875 0.6888888890625 0.5166666671875 0.71555555625 0.5466666671875 0.72 0.5599999999999999 0.7066666671874999
3 0.4066666671875 0.6933333328125 0.41333333281250006 0.6666666671875 0.41333333281250006 0.63555555625 0.4066666671875 0.6 0.41333333281250006 0.5866666671874999 0.43 0.5822222218750001 0.44666666718750003 0.5866666671874999 0.45 0.5733333328125 0.4533333328125 0.5555555562500001 0.44333333281250004 0.5377777781249999 0.4233333328125 0.5288888890625 0.4 0.5288888890625 0.37333333281250003 0.5333333328125 0.3566666671875 0.542222221875 0.3533333328125 0.5733333328125 0.35 0.5866666671874999 0.35 0.6133333328125 0.3466666671875 0.64444444375 0.3433333328125 0.662222221875 0.3466666671875 0.6666666671875 0.3566666671875 0.68444444375 0.37 0.7066666671874999 0.3933333328125 0.71555555625 0.4066666671875 0.6933333328125
3 0.6333333328124999 0.737777778125 0.6566666671875 0.72 0.6666666671875 0.67555555625 0.6666666671875 0.64444444375 0.6666666671875 0.6088888890625 0.67 0.5822222218750001 0.67 0.5599999999999999 0.6666666671875 0.542222221875 0.6466666671875 0.5333333328125 0.61 0.5333333328125 0.5833333328125 0.5377777781249999 0.5700000000000001 0.542222221875 0.5666666671875 0.5555555562500001 0.5733333328125 0.5733333328125 0.5766666671875 0.6133333328125 0.5766666671875 0.64 0.5866666671874999 0.6711111109375001 0.6 0.7066666671874999 0.6166666671875001 0.7288888890624999 0.6333333328124999 0.737777778125
0 0.8733333328124999 0.52 0.8733333328124999 0.5066666671875 0.8699999999999999 0.4933333328125 0.8666666671875 0.48 0.8633333328124999 0.47555555624999996 0.8633333328124999 0.4888888890625 0.8666666671875 0.497777778125 0.8633333328124999 0.5066666671875 0.8633333328124999 0.51555555625 0.86 0.5288888890625 0.86 0.5333333328125 0.8633333328124999 0.5333333328125 0.8733333328124999 0.5288888890625 0.8733333328124999 0.52
0 0.8333333328125001 0.5066666671875 0.8300000000000001 0.5066666671875 0.8300000000000001 0.51555555625 0.8300000000000001 0.52444444375 0.8300000000000001 0.5333333328125 0.8333333328125001 0.5288888890625 0.8333333328125001 0.52444444375 0.8333333328125001 0.51555555625 0.8333333328125001 0.5066666671875
3 0.0666666671875 0.6888888890625 0.0733333328125 0.7066666671874999 0.0966666671875 0.7022222218749999 0.1066666671875 0.68444444375 0.11000000000000001 0.6666666671875 0.11333333281249999 0.63555555625 0.11333333281249999 0.6 0.11333333281249999 0.5733333328125 0.11333333281249999 0.5599999999999999 0.10333333281249998 0.5466666671875 0.09 0.5377777781249999 0.08 0.542222221875 0.06 0.5599999999999999 0.0566666671875 0.5866666671874999 0.0633333328125 0.6266666671875 0.0633333328125 0.657777778125 0.0666666671875 0.6888888890625
3 0.1566666671875 0.7022222218749999 0.1666666671875 0.67555555625 0.17333333281250002 0.6488888890625 0.17333333281250002 0.622222221875 0.17333333281250002 0.59555555625 0.17333333281250002 0.5688888890625 0.1633333328125 0.5555555562500001 0.1566666671875 0.5555555562500001 0.1366666671875 0.5555555562500001 0.1233333328125 0.56444444375 0.1166666671875 0.5688888890625 0.11333333281249999 0.6 0.11333333281249999 0.657777778125 0.11333333281249999 0.6799999999999999 0.12 0.7111111109375 0.13 0.7244444437500001 0.1566666671875 0.7022222218749999