3 0.7769999999999999 0.74453551875 0.787 0.7923497265624999 0.819 0.8538251359375 0.857 0.881147540625 0.899 0.8907103828125 0.9410000000000001 0.8852459015624999 0.96 0.8442622953125 0.9810000000000001 0.7978142078125 0.9869999999999999 0.7404371578125 0.9949999999999999 0.68032786875 0.999 0.6666666671875 0.999 0.502732240625 0.998 0.49863387968749995 0.96 0.46584699531249996 0.921 0.4549180328125 0.861 0.4521857921875 0.8119999999999999 0.47677595625 0.7889999999999999 0.5068306015624999 0.768 0.5423497265624999 0.764 0.613387978125 0.768 0.68032786875 0.7769999999999999 0.74453551875
3 0.39 0.729508196875 0.442 0.7336065578125 0.47800000000000004 0.734972678125 0.509 0.7281420765625 0.534 0.7049180328125 0.5509999999999999 0.6693989078125 0.5660000000000001 0.6147540984375001 0.5730000000000001 0.5519125687499999 0.575 0.49043715781249997 0.575 0.43306010937500006 0.584 0.381147540625 0.599 0.363387978125 0.612 0.3538251359375 0.606 0.3128415296875 0.587 0.27322404375 0.554 0.23497267812499997 0.519 0.2158469953125 0.472 0.1994535515625 0.41900000000000004 0.2035519125 0.374 0.20901639374999997 0.323 0.2308743171875 0.308 0.2513661203125 0.281 0.288251365625 0.263 0.342896175 0.256 0.39207650312500003 0.24500000000000002 0.44125683125000004 0.233 0.508196721875 0.22999999999999998 0.5833333328125 0.257 0.6625683062500001 0.292 0.6926229515625 0.333 0.7158469953125 0.39 0.729508196875
0 0.47000000000000003 0.45765027343750003 0.472 0.461748634375 0.47400000000000003 0.4672131140625 0.47800000000000004 0.45901639375 0.484 0.45628415312500004 0.492 0.4603825140625 0.496 0.4672131140625 0.5 0.474043715625 0.504 0.471311475 0.502 0.46311475468749996 0.508 0.45765027343750003 0.515 0.45628415312500004 0.52 0.4521857921875 0.515 0.4467213109375 0.51 0.44945355156250005 0.504 0.45628415312500004 0.497 0.4549180328125 0.492 0.44945355156250005 0.483 0.44945355156250005 0.476 0.4521857921875 0.46900000000000003 0.44945355156250005 0.47000000000000003 0.4467213109375 0.46699999999999997 0.4426229515625 0.46399999999999997 0.4439890703125 0.465 0.450819671875 0.47000000000000003 0.45765027343750003
0 0.041999999999999996 0.368852459375 0.044 0.3647540984375 0.045 0.3592896171875 0.045 0.3538251359375 0.041999999999999996 0.3469945359375 0.039 0.35519125625000003 0.039 0.36612021875 0.039 0.3715847 0.041999999999999996 0.368852459375
3 0.154 0.6407103828125 0.195 0.6325136609374999 0.22200000000000003 0.60519125625 0.22599999999999998 0.5737704921875 0.23199999999999998 0.5532786890625 0.23900000000000002 0.4959016390625 0.248 0.4467213109375 0.264 0.34153005468750003 0.275 0.29371584687499996 0.303 0.2595628421875 0.315 0.24043715781250002 0.306 0.2035519125 0.275 0.165300546875 0.22599999999999998 0.13387978125 0.182 0.118852459375 0.135 0.13387978125 0.10300000000000001 0.136612021875 0.063 0.14480874375 0.032 0.1734972671875 0.001 0.22131147499999998 0 0.5478142078125 0.032 0.5860655734375 0.067 0.613387978125 0.10700000000000001 0.6270491796875 0.154 0.6407103828125
0 0.315 0.4289617484375 0.319 0.438524590625 0.322 0.44535519062500006 0.32599999999999996 0.45765027343750003 0.33399999999999996 0.464480875 0.343 0.4699453546875 0.351 0.471311475 0.356 0.46857923437500004 0.353 0.461748634375 0.348 0.4549180328125 0.34199999999999997 0.44945355156250005 0.33399999999999996 0.4439890703125 0.32799999999999996 0.44125683125000004 0.322 0.4344262296875 0.321 0.43032786874999995 0.318 0.4234972671875 0.313 0.4166666671875 0.31 0.4193989078125 0.315 0.4289617484375
0 0.471 0.4289617484375 0.47300000000000003 0.42622950781249996 0.47400000000000003 0.4234972671875 0.47300000000000003 0.42076502656250003 0.471 0.4234972671875 0.46900000000000003 0.4234972671875 0.46799999999999997 0.42622950781249996 0.46900000000000003 0.4289617484375 0.471 0.4289617484375
0 0.346 0.5259562843750001 0.348 0.528688525 0.34900000000000003 0.5218579234375 0.351 0.5163934421875 0.356 0.5136612015625001 0.359 0.5163934421875 0.36 0.520491803125 0.363 0.5163934421875 0.363 0.5109289625 0.361 0.5095628421875 0.36 0.50546448125 0.358 0.5040983609375 0.356 0.5068306015624999 0.354 0.5068306015624999 0.351 0.5109289625 0.34700000000000003 0.5136612015625001 0.34500000000000003 0.520491803125 0.346 0.5259562843750001
0 0.43600000000000005 0.42622950781249996 0.43899999999999995 0.41393442656249996 0.442 0.39480874374999997 0.44000000000000006 0.3784153 0.433 0.3592896171875 0.42800000000000005 0.34153005468750003 0.42400000000000004 0.3210382515625 0.41900000000000004 0.3032786890625 0.41900000000000004 0.28142076562499996 0.417 0.2718579234375 0.41200000000000003 0.27459016406250003 0.41500000000000004 0.29098360625 0.41600000000000004 0.3265027328125 0.422 0.342896175 0.43 0.3825136609375 0.422 0.3893442625 0.414 0.3961748640625 0.413 0.4030054640625 0.42400000000000004 0.40163934375 0.43 0.4030054640625 0.426 0.40437158437500004 0.425 0.41803278749999995 0.422 0.42622950781249996 0.42699999999999994 0.4344262296875 0.43600000000000005 0.42622950781249996
0 0.6599999999999999 0.5423497265624999 0.6639999999999999 0.54098360625 0.6639999999999999 0.535519125 0.661 0.5327868859375 0.657 0.535519125 0.657 0.54098360625 0.6599999999999999 0.5423497265624999
0 0.647 0.5478142078125 0.649 0.5478142078125 0.649 0.54098360625 0.644 0.5396174859375 0.643 0.5423497265624999 0.643 0.5478142078125 0.647 0.5478142078125
0 0.6809999999999999 0.5491803281250001 0.686 0.5478142078125 0.692 0.5464480875 0.7 0.5464480875 0.6980000000000001 0.538251365625 0.6839999999999999 0.5396174859375 0.6769999999999999 0.543715846875 0.675 0.5478142078125 0.6809999999999999 0.5491803281250001
3 0.629 0.714480875 0.671 0.7390710375 0.709 0.73770491875 0.737 0.711748634375 0.751 0.6693989078125 0.761 0.6174863390625001 0.768 0.5614754093750001 0.779 0.5136612015625001 0.799 0.484972678125 0.8 0.4398907109375 0.794 0.3934426234375 0.751 0.3497267765625 0.7110000000000001 0.3319672125 0.648 0.3319672125 0.609 0.352459015625 0.583 0.381147540625 0.5730000000000001 0.4344262296875 0.5740000000000001 0.5368852453125 0.581 0.5819672125 0.587 0.6270491796875 0.602 0.6830601093750001 0.629 0.714480875