0 0.40625 0.63671875 0.41015625 0.640625 0.4140625 0.640625 0.4114583328125 0.6328125 0.4075520828125 0.62890625 0.4049479171875 0.625 0.4036458328125 0.619140625 0.3997395828125 0.615234375 0.3971354171875 0.609375 0.3958333328125 0.609375 0.3958333328125 0.6171875 0.3971354171875 0.623046875 0.3997395828125 0.6328125 0.40625 0.63671875
0 0.6640625 0.404296875 0.66796875 0.40234375 0.6731770828125 0.400390625 0.67578125 0.39453125 0.6770833328125 0.388671875 0.6770833328125 0.384765625 0.6744791671875 0.3828125 0.6692708328125 0.388671875 0.6666666671875 0.392578125 0.6640625 0.396484375 0.6640625 0.40234375 0.6640625 0.404296875
3 0 0.853515625 0.0208333328125 0.865234375 0.05338541718749999 0.865234375 0.0859375 0.861328125 0.12109375 0.837890625 0.1432291671875 0.8046875 0.1705729171875 0.765625 0.1940104171875 0.73828125 0.21354166718749998 0.6953125 0.22786458281250002 0.650390625 0.23567708281250002 0.6015625 0.23307291718749998 0.55078125 0.22135416718749998 0.50390625 0.20572916718749998 0.455078125 0.1979166671875 0.4296875 0.1783854171875 0.388671875 0.1614583328125 0.353515625 0.13671875 0.32421875 0.08333333281250001 0.30078125 0.06380208281250001 0.298828125 0.0208333328125 0.298828125 0.0013020828125 0.30859375 0 0.41796875 0 0.853515625
0 0.4583333328125 0.296875 0.4622395828125 0.30078125 0.4635416671875 0.29296875 0.4661458328125 0.28515625 0.4661458328125 0.27734375 0.46484375 0.26953125 0.4622395828125 0.2578125 0.4583333328125 0.251953125 0.4583333328125 0.26171875 0.4596354171875 0.263671875 0.4596354171875 0.271484375 0.4609375 0.28515625 0.4583333328125 0.29296875 0.4583333328125 0.296875
3 0.87109375 0.228515625 0.8333333328125001 0.25 0.7890625 0.2890625 0.7630208328125 0.322265625 0.7473958328125 0.35546875 0.7408854171875 0.40234375 0.74609375 0.45703125 0.7473958328125 0.51953125 0.75 0.580078125 0.7473958328125 0.64453125 0.74609375 0.671875 0.7408854171875 0.708984375 0.7447916671875 0.7421875 0.7604166671875 0.783203125 0.7734375 0.83203125 0.79296875 0.873046875 0.8203125 0.90625 0.86328125 0.935546875 0.9140625 0.935546875 0.9635416671874999 0.9140625 0.9986979171874999 0.892578125 0.9986979171874999 0.26171875 0.9778645828125001 0.228515625 0.9427083328125001 0.193359375 0.9049479171874999 0.20703125 0.87109375 0.228515625
0 0.4596354171875 0.4453125 0.4622395828125 0.45703125 0.4674479171875 0.470703125 0.4713541671875 0.47265625 0.4674479171875 0.4609375 0.4622395828125 0.4453125 0.4609375 0.431640625 0.4609375 0.416015625 0.4596354171875 0.40234375 0.4622395828125 0.388671875 0.46484375 0.384765625 0.4700520828125 0.384765625 0.4739583328125 0.3828125 0.48046875 0.375 0.4791666671875 0.373046875 0.4752604171875 0.376953125 0.4700520828125 0.37890625 0.4674479171875 0.380859375 0.4622395828125 0.3828125 0.4596354171875 0.390625 0.4583333328125 0.396484375 0.45703125 0.404296875 0.45703125 0.4140625 0.4583333328125 0.43359375 0.4596354171875 0.4453125
1 0.4544270828125 0.43359375 0.45703125 0.470703125 0.4609375 0.48046875 0.4635416671875 0.51171875 0.4557291671875 0.537109375 0.4557291671875 0.556640625 0.44921875 0.591796875 0.453125 0.60546875 0.45703125 0.6484375 0.4609375 0.658203125 0.47265625 0.66015625 0.48828125 0.646484375 0.5013020828125 0.6015625 0.5078125 0.583984375 0.5364583328125 0.59765625 0.5494791671875 0.625 0.5638020828125 0.65625 0.5950520828125 0.673828125 0.609375 0.6640625 0.62109375 0.62890625 0.6341145828125 0.609375 0.6575520828125 0.583984375 0.6770833328125 0.544921875 0.6796875 0.505859375 0.6692708328125 0.47265625 0.6666666671875 0.4375 0.6614583328125 0.41015625 0.64453125 0.41015625 0.609375 0.435546875 0.5833333328125 0.44921875 0.5520833328125 0.451171875 0.5390625 0.43359375 0.5403645828125 0.392578125 0.546875 0.359375 0.5364583328125 0.328125 0.5182291671875 0.32421875 0.4947916671875 0.34375 0.48828125 0.33203125 0.48828125 0.30859375 0.4817708328125 0.306640625 0.4700520828125 0.31640625 0.4596354171875 0.32421875 0.4479166671875 0.341796875 0.44921875 0.3828125 0.4544270828125 0.43359375
1 0.3411458328125 0.58203125 0.3658854171875 0.587890625 0.3932291671875 0.578125 0.4114583328125 0.5546875 0.4205729171875 0.525390625 0.4231770828125 0.4921875 0.4153645828125 0.4765625 0.40234375 0.462890625 0.3815104171875 0.45703125 0.3606770828125 0.462890625 0.3489583328125 0.478515625 0.3424479171875 0.5078125 0.3385416671875 0.548828125 0.3411458328125 0.58203125
3 0.5221354171875 0.36328125 0.5234375 0.369140625 0.5247395828125 0.37109375 0.5260416671875 0.37109375 0.52734375 0.3671875 0.52734375 0.36328125 0.5260416671875 0.357421875 0.52734375 0.353515625 0.52734375 0.349609375 0.5260416671875 0.34765625 0.5247395828125 0.349609375 0.5234375 0.3515625 0.5234375 0.357421875 0.5221354171875 0.361328125 0.5221354171875 0.36328125
3 0.234375 0.568359375 0.234375 0.611328125 0.23046875 0.650390625 0.22265625 0.6796875 0.22395833281250002 0.712890625 0.23697916718749998 0.771484375 0.2513020828125 0.802734375 0.2669270828125 0.83203125 0.2838541671875 0.8515625 0.30859375 0.857421875 0.34765625 0.861328125 0.36328125 0.8671875 0.3919270828125 0.869140625 0.4166666671875 0.873046875 0.4453125 0.884765625 0.4752604171875 0.904296875 0.51953125 0.9140625 0.5598958328125 0.9140625 0.58984375 0.890625 0.6197916671875 0.857421875 0.65234375 0.83203125 0.6927083328125 0.798828125 0.71875 0.751953125 0.75 0.65625 0.7526041671875 0.6328125 0.7552083328125 0.572265625 0.7513020828125 0.505859375 0.7513020828125 0.45703125 0.7447916671875 0.412109375 0.73046875 0.34765625 0.7044270828125 0.28125 0.67578125 0.244140625 0.63671875 0.205078125 0.6002604171875 0.1796875 0.5703125 0.169921875 0.50390625 0.1640625 0.4401041671875 0.1796875 0.3919270828125 0.1953125 0.3606770828125 0.20703125 0.3229166671875 0.232421875 0.2942708328125 0.2578125 0.2630208328125 0.291015625 0.24739583281250002 0.35546875 0.23567708281250002 0.400390625 0.22265625 0.46875 0.22786458281250002 0.5390625 0.234375 0.568359375
0 0.46875 0.541015625 0.46875 0.544921875 0.46875 0.546875 0.46875 0.55078125 0.4739583328125 0.556640625 0.4778645828125 0.552734375 0.48046875 0.541015625 0.4791666671875 0.53515625 0.4778645828125 0.52734375 0.4752604171875 0.521484375 0.4700520828125 0.51953125 0.46875 0.5234375 0.4661458328125 0.53515625 0.4661458328125 0.5390625 0.46875 0.541015625
0 0.3815104171875 0.533203125 0.3854166671875 0.541015625 0.38671875 0.544921875 0.3919270828125 0.541015625 0.39453125 0.53515625 0.3919270828125 0.533203125 0.3893229171875 0.529296875 0.3854166671875 0.525390625 0.3815104171875 0.51953125 0.3802083328125 0.517578125 0.3776041671875 0.51953125 0.3776041671875 0.5234375 0.3776041671875 0.52734375 0.3815104171875 0.533203125