0 0.2347629796875 0.40234375 0.24379232499999998 0.40625 0.2483069984375 0.40234375 0.25056433437500003 0.39453125 0.2483069984375 0.3828125 0.2347629796875 0.3828125 0.22121896093750001 0.390625 0.22121896093750001 0.40234375 0.2347629796875 0.40234375
0 0.40632054218749997 0.48828125 0.408577878125 0.48828125 0.41083521406249995 0.48046875 0.408577878125 0.47265625 0.4040632046875 0.46484375 0.39729119687500003 0.47265625 0.3995485328125 0.48046875 0.40632054218749997 0.48828125
0 0.7584650109375 0.9609375 0.7516930015625001 0.9765625 0.756207675 0.99609375 0.7674943562500001 0.99609375 0.7720090296875 0.98046875 0.781038375 0.9609375 0.7832957109375001 0.9453125 0.781038375 0.9375 0.7742663656250001 0.921875 0.7629796843750001 0.9453125 0.7584650109375 0.9609375
0 0.2957110609375 0.57421875 0.297968396875 0.578125 0.2957110609375 0.59375 0.2957110609375 0.6015625 0.297968396875 0.6171875 0.300225734375 0.62890625 0.30474040625 0.63671875 0.30474040625 0.640625 0.300225734375 0.65625 0.300225734375 0.671875 0.30474040625 0.68359375 0.3092550796875 0.6875 0.31376975156250003 0.6875 0.3160270875 0.66015625 0.31376975156250003 0.62109375 0.3069977421875 0.609375 0.3092550796875 0.6015625 0.3092550796875 0.58203125 0.3069977421875 0.56640625 0.30474040625 0.5546875 0.300225734375 0.54296875 0.2889390515625 0.5703125 0.2844243796875 0.58203125 0.286681715625 0.58984375 0.2957110609375 0.57421875
0 0.7584650109375 0.78125 0.7539503390625 0.79296875 0.7539503390625 0.796875 0.7516930015625001 0.8046875 0.74492099375 0.81640625 0.7471783296875001 0.8203125 0.7584650109375 0.8203125 0.7629796843750001 0.81640625 0.7674943562500001 0.8125 0.7720090296875 0.8125 0.7765237015625 0.80859375 0.7787810390625001 0.796875 0.7832957109375001 0.79296875 0.7945823921875 0.79296875 0.7968397296874999 0.78515625 0.799097065625 0.7734375 0.7923250562499999 0.76953125 0.7832957109375001 0.78125 0.7742663656250001 0.78125 0.7652370203125 0.78515625 0.7584650109375 0.78125
0 0.32731377031250003 0.3984375 0.32957110625 0.40625 0.33634311562499997 0.39453125 0.3431151234375 0.37890625 0.347629796875 0.359375 0.347629796875 0.33984375 0.3453724609375 0.32421875 0.3431151234375 0.3125 0.3408577875 0.30859375 0.33634311562499997 0.3046875 0.334085778125 0.30859375 0.32957110625 0.3125 0.334085778125 0.3359375 0.334085778125 0.3671875 0.32957110625 0.3828125 0.32731377031250003 0.3984375
3 0.6207674937500001 0.4296875 0.6072234765625 0.4765625 0.591422121875 0.5390625 0.5756207671875 0.59765625 0.5711060953125 0.66015625 0.5688487578125 0.69921875 0.53724605 0.77734375 0.516930021875 0.83984375 0.5191873593749999 0.92578125 0.5214446953125 0.99609375 0.9977426640625 0.99609375 0.9977426640625 0.8984375 0.9909706546875 0.5859375 0.9435665921874999 0.53515625 0.8848758468750001 0.45703125 0.8216704281249999 0.39453125 0.7584650109375 0.3359375 0.6862302484375 0.359375 0.6546275390625 0.38671875 0.6207674937500001 0.4296875
3 0.038374717187500004 0.39453125 0.027088035937499998 0.47265625 0.033860045312499996 0.5546875 0.07223476250000001 0.625 0.11060948125 0.70703125 0.15801354375 0.76953125 0.2031602703125 0.82421875 0.237020315625 0.82421875 0.27990970625 0.8359375 0.3160270875 0.84765625 0.3860045140625 0.890625 0.433408578125 0.890625 0.4853273140625 0.8671875 0.5327313765625 0.7578125 0.56207675 0.66015625 0.5823927765625 0.51953125 0.5959367953125 0.4765625 0.59819413125 0.43359375 0.591422121875 0.3828125 0.5575620765625 0.265625 0.5214446953125 0.1796875 0.48306997812499997 0.109375 0.43792325 0.0625 0.3747178328125 0.03125 0.318284425 0.00390625 0.273137696875 0 0.212189615625 0.0078125 0.1557562078125 0.0078125 0.1128668171875 0.06640625 0.0970654625 0.15234375 0.0767494359375 0.265625 0.0519187359375 0.35546875 0.038374717187500004 0.39453125
0 0.749435665625 0.9609375 0.7584650109375 0.9375 0.7629796843750001 0.921875 0.7652370203125 0.91796875 0.7629796843750001 0.9140625 0.760722346875 0.91015625 0.7539503390625 0.90625 0.74492099375 0.94140625 0.7404063203125 0.97265625 0.74266365625 0.984375 0.749435665625 0.9609375
0 0.6568848765624999 0.7578125 0.6568848765624999 0.76171875 0.6613995484374999 0.76953125 0.6749435671875 0.77734375 0.6794582390625 0.77734375 0.6772009031249999 0.765625 0.6681715578125 0.7578125 0.663656884375 0.75390625 0.6591422125 0.75390625 0.6568848765624999 0.7578125
0 0.8374717828125 0.8828125 0.835214446875 0.8984375 0.8442437921874999 0.91015625 0.8532731374999999 0.91796875 0.86681715625 0.91796875 0.8803611734375 0.92578125 0.8871331828125 0.9296875 0.8939051921875001 0.9296875 0.9006772015625 0.9296875 0.9029345375 0.921875 0.9029345375 0.91796875 0.9006772015625 0.91015625 0.8961625281250001 0.90234375 0.8803611734375 0.890625 0.8690744921875 0.8828125 0.8532731374999999 0.87109375 0.8419864562500001 0.875 0.8374717828125 0.8828125
0 0.4356659140625 0.48046875 0.44243792343750005 0.48828125 0.444695259375 0.4921875 0.44695259531250003 0.4921875 0.44695259531250003 0.48828125 0.44695259531250003 0.48046875 0.44243792343750005 0.47265625 0.43792325 0.46875 0.4356659140625 0.46875 0.4311512421875 0.4765625 0.4356659140625 0.48046875