0 0.503649634375 0.510869565625 0.4890510953125 0.5054347828125 0.47080292031250004 0.5054347828125 0.44160583906250006 0.510869565625 0.43065693437499997 0.5163043484375 0.4270073 0.5271739125 0.44160583906250006 0.5217391296875 0.467153284375 0.5163043484375 0.503649634375 0.5163043484375 0.503649634375 0.510869565625
3 0.9087591234374999 0.385869565625 0.9087591234374999 0.41847826093749996 0.9051094890625 0.4456521734375 0.9014598546875 0.4782608703125 0.8832116781250001 0.510869565625 0.8868613140624999 0.5217391296875 0.9051094890625 0.5434782609375 0.91605839375 0.5271739125 0.93430656875 0.510869565625 0.9379562046875 0.48369565156250005 0.945255475 0.4293478265625 0.9416058390625001 0.3804347828125 0.9379562046875 0.35326087031250003 0.93430656875 0.3315217390625 0.9233576640625 0.32065217343749997 0.9087591234374999 0.3315217390625 0.9014598546875 0.35326087031250003 0.9014598546875 0.3586956515625 0.9087591234374999 0.375 0.9087591234374999 0.385869565625
3 0.054744525 0.6576086953125 0.058394160937499995 0.70108695625 0.08394160625 0.70108695625 0.10218978125 0.711956521875 0.11678832187499999 0.7336956515625 0.15693430625 0.75 0.1605839421875 0.7065217390625 0.15693430625 0.625 0.1605839421875 0.6032608703125 0.1605839421875 0.586956521875 0.153284671875 0.586956521875 0.14233576718750002 0.5706521734375001 0.10583941562500002 0.565217390625 0.0802919703125 0.565217390625 0.058394160937499995 0.6032608703125 0.054744525 0.6576086953125
3 0.1788321171875 0.309782609375 0.1824817515625 0.3423913046875 0.17153284687499998 0.3695652171875 0.17518248125 0.413043478125 0.1788321171875 0.45652173906250004 0.19343065625 0.5 0.2007299265625 0.5217391296875 0.2189781015625 0.510869565625 0.2335766421875 0.4945652171875 0.237226278125 0.48369565156250005 0.22992700781250003 0.4293478265625 0.21532846718749998 0.35326087031250003 0.2007299265625 0.3423913046875 0.189781021875 0.32608695625 0.189781021875 0.30434782656250003 0.1788321171875 0.309782609375
3 0.5291970796875 0.6195652171875 0.5328467156250001 0.6521739125 0.5328467156250001 0.7065217390625 0.5401459859375 0.7336956515625 0.5620437953125 0.7554347828125 0.58394160625 0.7717391296875 0.605839415625 0.739130434375 0.62043795625 0.7065217390625 0.6313868609375 0.690217390625 0.6277372265625 0.635869565625 0.6277372265625 0.6032608703125 0.62043795625 0.5543478265624999 0.6131386859375 0.5217391296875 0.6131386859375 0.4945652171875 0.60218978125 0.489130434375 0.5620437953125 0.5 0.54744525625 0.510869565625 0.5328467156250001 0.5434782609375 0.5291970796875 0.5815217390625 0.5291970796875 0.6195652171875
0 0.26642335781250004 0.6086956515625 0.2518248171875 0.614130434375 0.255474453125 0.625 0.26642335781250004 0.625 0.26642335781250004 0.6086956515625
3 0.7846715328125 0.30434782656250003 0.7883211671875 0.3423913046875 0.7810218984375 0.42391304375 0.7773722625 0.440217390625 0.7992700734375 0.4728260875 0.8175182484375 0.48369565156250005 0.8394160578125 0.4782608703125 0.8503649640625 0.4728260875 0.8576642328125 0.4293478265625 0.864963503125 0.3913043484375 0.8686131390625 0.30434782656250003 0.864963503125 0.2826086953125 0.8576642328125 0.260869565625 0.8503649640625 0.2554347828125 0.8394160578125 0.2445652171875 0.8175182484375 0.2445652171875 0.8029197078125 0.2663043484375 0.791970803125 0.288043478125 0.7846715328125 0.30434782656250003
3 0.8613138687499999 0.6195652171875 0.8613138687499999 0.6521739125 0.8576642328125 0.6956521734375001 0.8540145984375 0.7173913046875 0.8576642328125 0.7336956515625 0.8686131390625 0.7554347828125 0.8759124093749999 0.7445652171875 0.8868613140624999 0.7228260875 0.8978102187499999 0.6956521734375001 0.8978102187499999 0.6576086953125 0.9014598546875 0.625 0.894160584375 0.6086956515625 0.8759124093749999 0.586956521875 0.8576642328125 0.5815217390625 0.8576642328125 0.6032608703125 0.8613138687499999 0.6086956515625 0.8613138687499999 0.6195652171875
0 0.894160584375 0.510869565625 0.8978102187499999 0.5163043484375 0.9014598546875 0.5217391296875 0.9087591234374999 0.5271739125 0.9087591234374999 0.5326086953125 0.912408759375 0.5271739125 0.9051094890625 0.5217391296875 0.9014598546875 0.510869565625 0.8978102187499999 0.5 0.894160584375 0.5 0.894160584375 0.5054347828125 0.894160584375 0.510869565625
3 0.7226277375 0.5978260875 0.7153284671875 0.625 0.7299270078125 0.6576086953125 0.744525546875 0.684782609375 0.762773721875 0.7173913046875 0.7810218984375 0.739130434375 0.7956204375 0.739130434375 0.8029197078125 0.7282608703125 0.8102189781250001 0.690217390625 0.8029197078125 0.6684782609375 0.791970803125 0.6195652171875 0.791970803125 0.57608695625 0.7883211671875 0.559782609375 0.7810218984375 0.5326086953125 0.7773722625 0.5217391296875 0.7664233578124999 0.510869565625 0.7518248171875 0.510869565625 0.7299270078125 0.5217391296875 0.726277371875 0.5326086953125 0.726277371875 0.5706521734375001 0.7226277375 0.5978260875
0 0.135036496875 0.364130434375 0.13868613125 0.364130434375 0.13868613125 0.3586956515625 0.135036496875 0.3586956515625 0.1277372265625 0.3586956515625 0.12408759062500001 0.3586956515625 0.11678832187499999 0.364130434375 0.1094890515625 0.3695652171875 0.10218978125 0.375 0.10218978125 0.3913043484375 0.1094890515625 0.385869565625 0.12043795625 0.375 0.135036496875 0.364130434375
3 0.6459854015625 0.538043478125 0.6459854015625 0.57608695625 0.6423357671875001 0.6086956515625 0.63868613125 0.6304347828125 0.6313868609375 0.6467391296875 0.635036496875 0.690217390625 0.6459854015625 0.6956521734375001 0.6569343062499999 0.711956521875 0.67518248125 0.7282608703125 0.6970802921875 0.7282608703125 0.708029196875 0.7065217390625 0.708029196875 0.6684782609375 0.7153284671875 0.6304347828125 0.726277371875 0.5923913046875 0.726277371875 0.5434782609375 0.7299270078125 0.5163043484375 0.7299270078125 0.5 0.7153284671875 0.489130434375 0.689781021875 0.489130434375 0.6605839421875 0.489130434375 0.6496350359374999 0.4945652171875 0.6496350359374999 0.510869565625 0.6459854015625 0.538043478125
3 0.7116788328125 0.385869565625 0.7153284671875 0.41847826093749996 0.726277371875 0.440217390625 0.7408759125 0.461956521875 0.7591240875 0.461956521875 0.773722628125 0.440217390625 0.7810218984375 0.41847826093749996 0.7883211671875 0.3315217390625 0.7846715328125 0.29891304375 0.7773722625 0.260869565625 0.762773721875 0.23913043437499998 0.7481751828125 0.23913043437499998 0.7335766421875001 0.23913043437499998 0.7116788328125 0.27173912968749997 0.7043795625 0.30434782656250003 0.7116788328125 0.3478260875 0.7116788328125 0.385869565625
3 0.058394160937499995 0.3478260875 0.054744525 0.375 0.051094890625 0.39673912968749997 0.054744525 0.4293478265625 0.054744525 0.4728260875 0.058394160937499995 0.4945652171875 0.0729927 0.5 0.087591240625 0.5163043484375 0.10218978125 0.5 0.10218978125 0.48369565156250005 0.10218978125 0.45652173906250004 0.09854014531250001 0.375 0.09124087656249999 0.35326087031250003 0.087591240625 0.3478260875 0.069343065625 0.3478260875 0.058394160937499995 0.3478260875
3 0.8613138687499999 0.40760869531250005 0.8540145984375 0.45108695625 0.8503649640625 0.4782608703125 0.8576642328125 0.4945652171875 0.87956204375 0.510869565625 0.9014598546875 0.4728260875 0.9087591234374999 0.434782609375 0.9087591234374999 0.385869565625 0.8978102187499999 0.35326087031250003 0.8686131390625 0.3478260875 0.8686131390625 0.35326087031250003 0.864963503125 0.375 0.8613138687499999 0.40760869531250005
3 0.4270073 0.35326087031250003 0.4270073 0.42391304375 0.43065693437499997 0.45652173906250004 0.45985401406250004 0.45652173906250004 0.48540145937499996 0.45108695625 0.514598540625 0.440217390625 0.5401459859375 0.4456521734375 0.554744525 0.45108695625 0.5583941609374999 0.40760869531250005 0.5583941609374999 0.3586956515625 0.54744525625 0.309782609375 0.5401459859375 0.2663043484375 0.518248175 0.2445652171875 0.503649634375 0.23913043437499998 0.4890510953125 0.23913043437499998 0.47080292031250004 0.22826087031250003 0.445255475 0.2554347828125 0.4233576640625 0.30434782656250003 0.4270073 0.35326087031250003
3 0.7956204375 0.635869565625 0.8029197078125 0.6793478265624999 0.8138686125 0.690217390625 0.8321167890625001 0.70108695625 0.8576642328125 0.6956521734375001 0.8576642328125 0.690217390625 0.8613138687499999 0.6467391296875 0.8613138687499999 0.6086956515625 0.8576642328125 0.5923913046875 0.8503649640625 0.57608695625 0.8430656937500001 0.559782609375 0.828467153125 0.5543478265624999 0.8175182484375 0.5543478265624999 0.8102189781250001 0.5706521734375001 0.7956204375 0.57608695625 0.791970803125 0.5923913046875 0.791970803125 0.6086956515625 0.7956204375 0.635869565625
3 0.3211678828125 0.2934782609375 0.3321167890625 0.3804347828125 0.346715328125 0.440217390625 0.3722627734375 0.461956521875 0.4014598546875 0.42391304375 0.40510948906250005 0.39673912968749997 0.4087591234375 0.3586956515625 0.40510948906250005 0.32065217343749997 0.4014598546875 0.2934782609375 0.3905109484375 0.2771739125 0.3722627734375 0.2663043484375 0.3540145984375 0.2663043484375 0.32481751875 0.2554347828125 0.3211678828125 0.2934782609375
0 0.11678832187499999 0.6521739125 0.11678832187499999 0.6413043484375 0.1277372265625 0.6195652171875 0.135036496875 0.6086956515625 0.13868613125 0.6086956515625 0.135036496875 0.5923913046875 0.13138686093750002 0.586956521875 0.12043795625 0.5923913046875 0.11313868593750001 0.6032608703125 0.10583941562500002 0.614130434375 0.10583941562500002 0.6521739125 0.11678832187499999 0.6521739125
0 0.8503649640625 0.4782608703125 0.8175182484375 0.46739130468749995 0.8029197078125 0.45108695625 0.7956204375 0.434782609375 0.7883211671875 0.4293478265625 0.7810218984375 0.440217390625 0.7956204375 0.46739130468749995 0.8175182484375 0.4782608703125 0.8503649640625 0.4782608703125
3 0.2189781015625 0.375 0.2335766421875 0.45108695625 0.2481751828125 0.5163043484375 0.273722628125 0.5217391296875 0.291970803125 0.489130434375 0.3138686125 0.440217390625 0.32846715312499997 0.4293478265625 0.32846715312499997 0.4021739125 0.32481751875 0.3586956515625 0.3175182484375 0.3315217390625 0.30656934375 0.315217390625 0.2883211671875 0.288043478125 0.28102189843750003 0.2826086953125 0.2591240875 0.2826086953125 0.244525546875 0.2771739125 0.2226277375 0.309782609375 0.2189781015625 0.336956521875 0.2189781015625 0.375
3 0.364963503125 0.6304347828125 0.3686131390625 0.6684782609375 0.364963503125 0.7173913046875 0.37591240937500003 0.7336956515625 0.383211678125 0.7554347828125 0.4087591234375 0.7554347828125 0.4197080296875 0.7445652171875 0.4270073 0.7228260875 0.43065693437499997 0.67391304375 0.4270073 0.586956521875 0.41605839375000003 0.54891304375 0.43065693437499997 0.5163043484375 0.4197080296875 0.5054347828125 0.412408759375 0.4728260875 0.4087591234375 0.46739130468749995 0.383211678125 0.46739130468749995 0.364963503125 0.46739130468749995 0.346715328125 0.48369565156250005 0.346715328125 0.5217391296875 0.3503649640625 0.5543478265624999 0.36131386875 0.5923913046875 0.364963503125 0.6304347828125
3 0.291970803125 0.5217391296875 0.28102189843750003 0.5434782609375 0.273722628125 0.586956521875 0.27007299218749997 0.625 0.26277372187500003 0.67391304375 0.26642335781250004 0.7173913046875 0.26642335781250004 0.739130434375 0.2883211671875 0.7336956515625 0.3321167890625 0.7336956515625 0.346715328125 0.7282608703125 0.36131386875 0.711956521875 0.3686131390625 0.6576086953125 0.36131386875 0.6413043484375 0.35766423281250004 0.614130434375 0.3394160578125 0.565217390625 0.32481751875 0.538043478125 0.310218978125 0.5217391296875 0.291970803125 0.5217391296875
3 0.8978102187499999 0.711956521875 0.9014598546875 0.711956521875 0.9051094890625 0.7173913046875 0.9087591234374999 0.739130434375 0.9233576640625 0.739130434375 0.93430656875 0.739130434375 0.9379562046875 0.7445652171875 0.9489051093749999 0.7445652171875 0.9598540140624999 0.739130434375 0.9598540140624999 0.7228260875 0.9598540140624999 0.6956521734375001 0.967153284375 0.6956521734375001 0.9708029203124999 0.684782609375 0.9708029203124999 0.6413043484375 0.96350365 0.635869565625 0.95255474375 0.6032608703125 0.9416058390625001 0.6032608703125 0.9197080296875001 0.6086956515625 0.9014598546875 0.6195652171875 0.9014598546875 0.6684782609375 0.8978102187499999 0.684782609375 0.8978102187499999 0.711956521875
3 0.4197080296875 0.565217390625 0.43065693437499997 0.6032608703125 0.43065693437499997 0.6521739125 0.43430656875 0.7173913046875 0.45255474375000004 0.7336956515625 0.45985401406250004 0.75 0.467153284375 0.7717391296875 0.4890510953125 0.7826086953125 0.5109489046875 0.7771739125 0.5218978109375 0.75 0.53649635 0.7282608703125 0.5291970796875 0.690217390625 0.5291970796875 0.625 0.5291970796875 0.5978260875 0.5218978109375 0.565217390625 0.514598540625 0.5326086953125 0.5109489046875 0.5163043484375 0.503649634375 0.5 0.4781021890625 0.5054347828125 0.4562043796875 0.5054347828125 0.43795620468749996 0.510869565625 0.4270073 0.5217391296875 0.4197080296875 0.538043478125 0.4197080296875 0.565217390625
3 0.9927007296875001 0.4782608703125 0.9963503656249999 0.45108695625 0.9963503656249999 0.40760869531250005 0.9927007296875001 0.39673912968749997 0.9927007296875001 0.375 0.9890510953125 0.35326087031250003 0.96350365 0.3478260875 0.9562043796875 0.364130434375 0.9489051093749999 0.364130434375 0.945255475 0.375 0.945255475 0.4021739125 0.945255475 0.4293478265625 0.9416058390625001 0.46739130468749995 0.9379562046875 0.5163043484375 0.95255474375 0.5326086953125 0.9708029203124999 0.538043478125 0.9890510953125 0.510869565625 0.9927007296875001 0.4782608703125
3 0.1678832109375 0.75 0.189781021875 0.7336956515625 0.21167883281250002 0.7336956515625 0.2518248171875 0.739130434375 0.26277372187500003 0.7173913046875 0.26277372187500003 0.684782609375 0.26642335781250004 0.6304347828125 0.27007299218749997 0.6086956515625 0.26642335781250004 0.586956521875 0.2591240875 0.5706521734375001 0.2408759125 0.559782609375 0.22627737187500002 0.565217390625 0.2189781015625 0.5815217390625 0.2043795625 0.559782609375 0.1970802921875 0.559782609375 0.1861313875 0.565217390625 0.17153284687499998 0.5815217390625 0.1605839421875 0.6032608703125 0.15693430625 0.6413043484375 0.1678832109375 0.75
0 0.6094890515625 0.4945652171875 0.5948905109375 0.4945652171875 0.569343065625 0.5 0.5583941609374999 0.5054347828125 0.5766423359374999 0.5054347828125 0.5985401453125 0.5 0.6094890515625 0.5054347828125 0.6094890515625 0.4945652171875
3 0.09854014531250001 0.3913043484375 0.10218978125 0.45108695625 0.12043795625 0.4945652171875 0.13868613125 0.5217391296875 0.15693430625 0.5217391296875 0.17518248125 0.5054347828125 0.1788321171875 0.48369565156250005 0.17518248125 0.461956521875 0.17153284687499998 0.4293478265625 0.1678832109375 0.3913043484375 0.1678832109375 0.375 0.153284671875 0.364130434375 0.1459854015625 0.364130434375 0.13868613125 0.3423913046875 0.12043795625 0.3478260875 0.10218978125 0.3586956515625 0.09854014531250001 0.3913043484375
3 0.5802919703125 0.30434782656250003 0.5766423359374999 0.32608695625 0.58394160625 0.35326087031250003 0.58394160625 0.3913043484375 0.58394160625 0.4293478265625 0.5948905109375 0.45108695625 0.616788321875 0.45108695625 0.6678832109374999 0.45108695625 0.7007299265625 0.45108695625 0.7043795625 0.4293478265625 0.708029196875 0.4021739125 0.7043795625 0.385869565625 0.7043795625 0.315217390625 0.7043795625 0.2934782609375 0.69343065625 0.27173912968749997 0.6824817515625 0.25 0.6678832109374999 0.22282608750000002 0.6459854015625 0.2173913046875 0.62043795625 0.22282608750000002 0.6131386859375 0.2445652171875 0.5912408765625 0.260869565625 0.5802919703125 0.30434782656250003