3 0.52586206875 0.9195121953125 0.52586206875 0.9365853656249999 0.537931034375 0.97317073125 0.5672413796875 0.97317073125 0.5948275859375001 0.9560975609375 0.5913793109375 0.9463414640625001 0.6068965515625 0.914634146875 0.6206896546875 0.8902439031249999 0.6172413796875 0.8658536578125 0.6068965515625 0.8609756093750001 0.5931034484375 0.8512195124999999 0.5827586203124999 0.8536585359375 0.5689655171875 0.8512195124999999 0.5551724140625 0.8414634140624999 0.5413793109375 0.8536585359375 0.536206896875 0.8682926828124999 0.52758620625 0.8780487812500001 0.52586206875 0.8804878046875 0.5293103453125 0.8902439031249999 0.52586206875 0.9195121953125
3 0.4413793109375 0.8804878046875 0.44827586249999996 0.87560975625 0.45 0.8658536578125 0.43793103437500003 0.8560975609374999 0.42758620625 0.8243902437499999 0.40344827656250004 0.8121951218750001 0.38103448281249996 0.8341463421875 0.358574090625 0.8318768249999999 0.3465517234375 0.87560975625 0.36896551718750004 0.9487804875 0.4051724140625 0.9634146343750001 0.41206896562499995 0.9634146343750001 0.439655171875 0.92195121875 0.4413793109375 0.8804878046875
3 0.8310344828125 0 0.8241379312499999 0.0073170734375 0.8034482765625001 0.041463414062499995 0.784482759375 0.0658536578125 0.789655171875 0.17317073125 0.8172413796875 0.1926829265625 0.8379310343749999 0.187804878125 0.8931034484374999 0.212195121875 0.9120689656250001 0.2292682921875 0.9379310343749999 0.2317073171875 0.963793103125 0.16341463437499998 0.9689655171875 0.10975609687500001 0.9482758625000001 0.0317073171875 0.9206896546875001 0 0.8310344828125 0
3 0.1913793109375 0.6414634140625 0.20517241406250003 0.609756096875 0.2534482765625 0.5926829265625 0.2689655171875 0.5682926828125 0.27241379375 0.514634146875 0.2465517234375 0.47073170781250007 0.2206896546875 0.45609756093750004 0.1689655171875 0.4829268296875 0.139655171875 0.5073170734375 0.136206896875 0.5073170734375 0.12758620625 0.5536585359374999 0.12931034531250002 0.609756096875 0.160344828125 0.6439024390625 0.1913793109375 0.6414634140625
3 0.43793103437500003 0.92195121875 0.44482758593750005 0.9292682921875001 0.44827586249999996 0.9560975609375 0.4551724140625 0.97317073125 0.48965517187499996 0.985365853125 0.5034482765625 0.9682926828125 0.52758620625 0.9121951218750001 0.5293103453125 0.8926829265625 0.52586206875 0.8731707312499999 0.5034482765625 0.8560975609374999 0.4913793109375 0.8414634140624999 0.4706896546875 0.8390243906249999 0.463793103125 0.8536585359375 0.45344827656250003 0.8609756093750001 0.44827586249999996 0.8707317078125 0.4413793109375 0.8829268296875 0.43793103437500003 0.92195121875
3 0.065517240625 0.43902439062500004 0.07586206875 0.47317073125000003 0.1068965515625 0.509756096875 0.136206896875 0.5121951218749999 0.165517240625 0.4829268296875 0.1948275859375 0.47317073125000003 0.22241379375 0.4585365859375 0.24482758593749998 0.42926829218749996 0.24482758593749998 0.3926829265625 0.2310344828125 0.3658536578125 0.23620689687500002 0.336585365625 0.213793103125 0.2804878046875 0.1982758625 0.2536585359375 0.165517240625 0.25121951249999996 0.1586206890625 0.24390243906250003 0.0965517234375 0.2585365859375 0.0706896546875 0.3 0.053448276562499994 0.37560975625 0.056896551562499995 0.41219512187499996 0.065517240625 0.43902439062500004
3 0.6068965515625 0.9195121953125 0.6172413796875 0.9414634140624999 0.637931034375 0.9487804875 0.6517241375 0.9414634140624999 0.67241379375 0.897560975 0.687931034375 0.87560975625 0.6982758625 0.8414634140624999 0.6896551718749999 0.8170731703125 0.67586206875 0.8121951218750001 0.67413793125 0.7804878046875 0.663793103125 0.7829268296875 0.6603448281250001 0.8048780484375 0.6482758625 0.809756096875 0.6206896546875 0.814634146875 0.6206896546875 0.8268292687500001 0.6068965515625 0.8292682921875001 0.6051724140625 0.8414634140624999 0.5982758625 0.8536585359375 0.6172413796875 0.8658536578125 0.6206896546875 0.887804878125 0.6068965515625 0.9195121953125
3 0.34827586250000003 0.8731707312499999 0.35 0.8560975609374999 0.363793103125 0.8170731703125 0.362068965625 0.797560975 0.3568965515625 0.763414634375 0.33275862031250003 0.7341463421875 0.3034482765625 0.7341463421875 0.286206896875 0.7292682921875 0.2586206890625 0.7707317078125 0.2586206890625 0.77804878125 0.26551724062500004 0.8829268296875 0.27586206875 0.9048780484375 0.313793103125 0.914634146875 0.34827586250000003 0.8731707312499999
3 0.22413793124999998 0.787804878125 0.26206896562500004 0.77804878125 0.26551724062500004 0.7560975609375 0.286206896875 0.7317073171875 0.286206896875 0.7341463421875 0.3068965515625 0.702439025 0.3051724140625 0.6804878046875 0.3068965515625 0.6487804875000001 0.3 0.6341463421875 0.29137931093749997 0.6146341468750001 0.25 0.597560975 0.23965517187500002 0.6 0.2034482765625 0.6170731703125 0.2034482765625 0.6195121953125 0.1810344828125 0.7170731703125 0.189655171875 0.7560975609375 0.20172413749999998 0.7707317078125 0.22413793124999998 0.787804878125
3 0.7172413796875 0.709756096875 0.736206896875 0.7195121953125 0.7482758625 0.7170731703125 0.7672413796875001 0.7463414640625 0.7689655171875 0.7536585359375 0.8 0.7512195125 0.8034482765625001 0.7439024390625 0.815517240625 0.72682926875 0.8241379312499999 0.67317073125 0.8241379312499999 0.6585365859375 0.815517240625 0.6048780484375 0.815517240625 0.597560975 0.787931034375 0.5682926828125 0.7517241375 0.5682926828125 0.7293103453125 0.57560975625 0.7258620687499999 0.57560975625 0.7034482765625001 0.6170731703125 0.7034482765625001 0.6487804875000001 0.7051724140625 0.67804878125 0.7172413796875 0.709756096875
3 0.8051724140625 0.590243903125 0.813793103125 0.587804878125 0.8517241375 0.5829268296875 0.8655172406249999 0.5341463421875 0.8517241375 0.47073170781250007 0.8413793109375 0.4439024390625 0.8189655171875 0.42682926875 0.8017241374999999 0.41951219531249995 0.7741379312500001 0.41951219531249995 0.7413793109375 0.4487804875 0.72758620625 0.47317073125000003 0.7293103453125 0.5170731703125 0.7586206890625 0.5634146343750001 0.7586206890625 0.5682926828125 0.786206896875 0.5682926828125 0.8051724140625 0.590243903125
3 0.75 0.4 0.7620689656249999 0.409756096875 0.813793103125 0.42195121875 0.8534482765625 0.45609756093750004 0.9051724140624999 0.4414634140625 0.9189655171875 0.312195121875 0.8896551718750001 0.21463414687500001 0.8327586203124999 0.1926829265625 0.7741379312500001 0.212195121875 0.75 0.2829268296875 0.7482758625 0.32195121875 0.739655171875 0.336585365625 0.7413793109375 0.3829268296875 0.75 0.4
3 0.02586206875 0.25609756093749997 0.07413793125 0.26829268281249996 0.1 0.2585365859375 0.1517241375 0.2463414640625 0.163793103125 0.2341463421875 0.17586206875 0.21463414687500001 0.186206896875 0.2 0.187931034375 0.1487804875 0.17241379375000002 0.10975609687500001 0.165517240625 0.058536585937499996 0.1482758625 0.0463414640625 0.0931034484375 0.039024390625 0.0517241375 0.0560975609375 0.027586206250000002 0.0951219515625 0.010344828125 0.11951219531249999 0.0034482765625000003 0.18292682968750001 0.02586206875 0.25609756093749997
3 0.6913793109374999 0.8170731703125 0.7 0.8439024390625001 0.6896551718749999 0.8707317078125 0.7 0.8853658531249999 0.7258620687499999 0.8902439031249999 0.7327586203124999 0.8804878046875 0.7482758625 0.8658536578125 0.7620689656249999 0.8463414640625 0.760344828125 0.8243902437499999 0.7672413796875001 0.7804878046875 0.765517240625 0.7414634140625 0.7465517234375 0.714634146875 0.736206896875 0.7170731703125 0.713793103125 0.709756096875 0.6948275859375 0.7170731703125 0.67586206875 0.7536585359375 0.67586206875 0.7804878046875 0.67586206875 0.7829268296875 0.67586206875 0.8073170734374999 0.6913793109374999 0.8170731703125