0 0.8083333328125001 0.60625 0.8125 0.625 0.8229166671874999 0.653125 0.81875 0.709375 0.8229166671874999 0.725 0.825 0.728125 0.8354166671875 0.721875 0.8416666671874999 0.70625 0.8458333328125001 0.68125 0.85 0.6625 0.8416666671874999 0.653125 0.8354166671875 0.640625 0.8354166671875 0.625 0.8333333328125001 0.615625 0.83125 0.60625 0.8291666671875 0.590625 0.8145833328125001 0.590625 0.8020833328125001 0.590625 0.79375 0.590625 0.8083333328125001 0.60625
0 0.7645833328125 0.521875 0.7583333328124999 0.521875 0.7583333328124999 0.528125 0.7645833328125 0.53125 0.78125 0.528125 0.7958333328125 0.525 0.8104166671874999 0.534375 0.8166666671874999 0.5375 0.8020833328125001 0.51875 0.79375 0.5125 0.7791666671875 0.51875 0.7645833328125 0.521875
0 0.475 0.378125 0.4770833328125 0.38125 0.48125 0.384375 0.48333333281249996 0.384375 0.48333333281249996 0.378125 0.48333333281249996 0.371875 0.48125 0.36875 0.4791666671875 0.371875 0.475 0.378125
0 0.45416666718750004 0.409375 0.45208333281249996 0.4125 0.45208333281249996 0.421875 0.4583333328125 0.421875 0.46666666718750005 0.41875 0.47291666718750003 0.41875 0.475 0.409375 0.4791666671875 0.403125 0.48125 0.39375 0.47291666718750003 0.39375 0.46666666718750005 0.4 0.4604166671875 0.40625 0.45416666718750004 0.409375
1 0.45 0.425 0.4583333328125 0.425 0.4770833328125 0.425 0.4791666671875 0.4125 0.48333333281249996 0.396875 0.49375 0.384375 0.49583333281249997 0.36875 0.49791666718750005 0.346875 0.49583333281249997 0.3375 0.4916666671875 0.33125 0.48541666718750004 0.328125 0.4770833328125 0.334375 0.4625 0.35625 0.45416666718750004 0.365625 0.45 0.425
3 0.45208333281249996 0.44375 0.4625 0.453125 0.4770833328125 0.453125 0.48541666718750004 0.45625 0.49375 0.465625 0.5041666671875 0.465625 0.5104166671875 0.471875 0.5229166671875001 0.478125 0.5375 0.478125 0.5458333328125 0.46875 0.5625 0.46875 0.5875 0.4625 0.6 0.453125 0.6041666671875 0.4375 0.6 0.384375 0.5916666671875 0.3375 0.5770833328125 0.309375 0.5583333328125 0.29375 0.5416666671875 0.2875 0.5229166671875001 0.290625 0.5020833328125 0.309375 0.475 0.334375 0.45416666718750004 0.365625 0.45 0.43125 0.45208333281249996 0.44375
0 0.7479166671875 0.471875 0.7666666671875 0.478125 0.7791666671875 0.475 0.7916666671875 0.453125 0.8145833328125001 0.440625 0.825 0.434375 0.8458333328125001 0.40625 0.85625 0.390625 0.8645833328125001 0.378125 0.8645833328125001 0.371875 0.8645833328125001 0.325 0.85625 0.275 0.84375 0.278125 0.8354166671875 0.3 0.8229166671874999 0.334375 0.8104166671874999 0.3625 0.79375 0.378125 0.76875 0.371875 0.7416666671875001 0.35 0.73125 0.34375 0.7375 0.421875 0.7166666671875 0.4375 0.7208333328125 0.453125 0.7479166671875 0.471875
0 0.12291666718750001 0.578125 0.1270833328125 0.58125 0.1291666671875 0.58125 0.1291666671875 0.575 0.125 0.56875 0.12291666718750001 0.571875 0.1208333328125 0.575 0.12291666718750001 0.578125
3 0.7208333328125 0.51875 0.7354166671875 0.54375 0.76875 0.53125 0.7958333328125 0.525 0.83125 0.553125 0.8625 0.565625 0.8791666671874999 0.54375 0.8833333328125 0.453125 0.8645833328125001 0.378125 0.8625 0.3625 0.8645833328125001 0.325 0.8541666671874999 0.271875 0.8416666671874999 0.28125 0.8229166671874999 0.325 0.8125 0.365625 0.7895833328124999 0.378125 0.76875 0.36875 0.7520833328125 0.353125 0.7270833328124999 0.3375 0.7270833328124999 0.34375 0.7375 0.428125 0.7145833328125 0.434375 0.71875 0.478125 0.7208333328125 0.51875
3 0.6291666671875 0.721875 0.6395833328125 0.778125 0.6604166671875 0.796875 0.675 0.83125 0.7104166671875001 0.884375 0.7270833328124999 0.9 0.7666666671875 0.853125 0.7729166671875001 0.775 0.7625 0.68125 0.7375 0.621875 0.7166666671875 0.575 0.6958333328124999 0.565625 0.6791666671875001 0.55 0.65625 0.546875 0.6520833328125 0.546875 0.6354166671875 0.565625 0.6354166671875 0.590625 0.6375 0.6125 0.6291666671875 0.721875
3 0.5916666671875 0.81875 0.6166666671875001 0.803125 0.6270833328125 0.759375 0.6291666671875 0.70625 0.6375 0.609375 0.6333333328124999 0.58125 0.63125 0.565625 0.6104166671875 0.546875 0.5979166671875 0.54375 0.58125 0.546875 0.5604166671875 0.559375 0.5479166671875 0.615625 0.5708333328124999 0.78125 0.5916666671875 0.81875
3 0.7875 0.721875 0.8041666671875 0.73125 0.8291666671875 0.7625 0.8208333328125 0.71875 0.8208333328125 0.65 0.8104166671874999 0.6125 0.7895833328124999 0.5875 0.7645833328125 0.590625 0.7416666671875001 0.5875 0.725 0.571875 0.7208333328125 0.575 0.7458333328125 0.640625 0.7604166671875 0.675 0.76875 0.71875 0.7875 0.721875
3 0.81875 0.64375 0.81875 0.71875 0.8291666671875 0.75625 0.8416666671874999 0.784375 0.85625 0.765625 0.8625 0.734375 0.86875 0.70625 0.8729166671874999 0.66875 0.8729166671874999 0.609375 0.8375 0.58125 0.81875 0.5875 0.7979166671875 0.5875 0.7916666671875 0.590625 0.8083333328125001 0.609375 0.81875 0.64375
0 0.0416666671875 0.565625 0.0458333328125 0.55625 0.0479166671875 0.53125 0.0416666671875 0.521875 0.0375 0.51875 0.03125 0.509375 0.029166667187500002 0.5375 0.0270833328125 0.55625 0.03125 0.571875 0.0416666671875 0.565625
0 0.6333333328124999 0.640625 0.6292974578125 0.72235145625 0.64375 0.775 0.6583333328125 0.7875 0.6583333328125 0.73125 0.6375 0.721875 0.64375 0.66875 0.6333333328124999 0.640625
3 0.43125 0.7375 0.45 0.73125 0.46458333281249997 0.715625 0.48333333281249996 0.65625 0.4875 0.584375 0.4875 0.56875 0.46875 0.534375 0.43333333281249997 0.534375 0.40625 0.534375 0.40625 0.5375 0.3916666671875 0.546875 0.4 0.60625 0.39791666718749996 0.703125 0.43125 0.7375
3 0.35625 0.71875 0.3875 0.70625 0.3916666671875 0.7 0.3875 0.65625 0.4 0.60625 0.39791666718749996 0.58125 0.39375 0.546875 0.3708333328125 0.54375 0.3604166671875 0.546875 0.3229166671875 0.528125 0.2979166671875 0.53125 0.2958333328125 0.5375 0.2916666671875 0.553125 0.2958333328125 0.725 0.3229166671875 0.740625 0.35625 0.71875
3 0.0229166671875 0.5375 0.0229166671875 0.5625 0.029166667187500002 0.6125 0.054166667187499996 0.64375 0.0958333328125 0.64375 0.1291666671875 0.65625 0.15625 0.653125 0.18125 0.5625 0.1916666671875 0.4875 0.20208333281250002 0.446875 0.16875 0.446875 0.1458333328125 0.446875 0.1354166671875 0.446875 0.1291666671875 0.421875 0.1125 0.421875 0.060416667187499995 0.421875 0.0354166671875 0.46875 0.0229166671875 0.50625 0.0229166671875 0.5375
3 0.175 0.815625 0.2104166671875 0.796875 0.2375 0.753125 0.25625 0.721875 0.2833333328125 0.7125 0.2979166671875 0.703125 0.29375 0.634375 0.2916666671875 0.55 0.28125 0.528125 0.23333333281250002 0.546875 0.2166666671875 0.534375 0.2125 0.534375 0.1916666671875 0.578125 0.1770833328125 0.73125 0.1770833328125 0.784375 0.175 0.815625
3 0.48333333281249996 0.65 0.5208333328125 0.6875 0.5583333328125 0.721875 0.5520833328125 0.66875 0.5479166671875 0.640625 0.55625 0.575 0.5625 0.559375 0.55625 0.546875 0.5479166671875 0.525 0.53125 0.521875 0.49583333281249997 0.521875 0.49375 0.525 0.4875 0.5375 0.48125 0.546875 0.4895833328125 0.571875 0.48333333281249996 0.65
3 0.1875 0.375 0.20833333281250002 0.384375 0.2208333328125 0.384375 0.23333333281250002 0.384375 0.24583333281250003 0.365625 0.25625 0.3625 0.25625 0.340625 0.2375 0.3125 0.23958333281250002 0.275 0.23541666718749998 0.253125 0.21875 0.23125 0.20397012499999997 0.228478775 0.1833333328125 0.265625 0.1708333328125 0.309375 0.1625 0.371875 0.1708333328125 0.390625 0.1833333328125 0.390625 0.1875 0.375
3 0.2708333328125 0.409375 0.2833333328125 0.421875 0.30625 0.425 0.3395833328125 0.465625 0.375 0.475 0.41875 0.471875 0.43125 0.41875 0.42291666718750004 0.390625 0.42083333281249996 0.359375 0.4 0.3125 0.3854166671875 0.3 0.36666666718749996 0.28125 0.3458333328125 0.26875 0.3479166671875 0.265625 0.3125 0.2875 0.2916666671875 0.321875 0.275 0.353125 0.2708333328125 0.409375
3 0.7375 0.428125 0.7291666671875 0.34375 0.7125 0.271875 0.7 0.24375 0.6666666671875 0.253125 0.64375 0.278125 0.6333333328124999 0.29375 0.6354166671875 0.3 0.6145833328125 0.35625 0.61875 0.434375 0.6625 0.453125 0.7375 0.428125
0 0.0625 0.484375 0.07291666718749999 0.48125 0.08333333281250001 0.478125 0.0895833328125 0.478125 0.09375 0.471875 0.09375 0.465625 0.0895833328125 0.4625 0.08333333281250001 0.4625 0.07083333281250001 0.46875 0.0625 0.475 0.060416667187499995 0.48125 0.0625 0.484375