3 0.969555034375 0.2579505296875 0.976580796875 0.28975265 0.96487119375 0.498233215625 0.9836065578125 0.57597173125 0.9929742390625 0.6113074203125 0.9976580796875 0.6148409890625001 0.9976580796875 0.204946996875 0.995316159375 0.204946996875 0.9789227171875 0.2508833921875 0.969555034375 0.2579505296875
3 0.653395784375 0.3816254421875 0.6510538640625 0.4558303890625 0.6604215453125 0.5724381625 0.679156909375 0.653710246875 0.716627634375 0.71378091875 0.7681498828125 0.7455830390625 0.8290398124999999 0.7385159015625 0.8992974234375 0.6749116609375 0.9344262296875 0.5901060078125 0.96487119375 0.4805653703125 0.9718969562499999 0.3886925796875 0.9789227171875 0.2968197875 0.96487119375 0.2473498234375 0.911007025 0.14840989375 0.878220140625 0.12720848125 0.8454332546875 0.1095406359375 0.7915690859375 0.1095406359375 0.721311475 0.13780918749999999 0.7189695546875 0.13780918749999999 0.68384075 0.1696113078125 0.6557377046874999 0.23674911718749997 0.6463700234374999 0.2473498234375 0.653395784375 0.3816254421875
0 0.62997658125 0.48409894062500003 0.6370023421875 0.501766784375 0.6440281031249999 0.515901059375 0.6510538640625 0.505300353125 0.6463700234374999 0.4487632515625 0.64871194375 0.4098939921875 0.6463700234374999 0.3886925796875 0.6416861828125 0.3816254421875 0.6370023421875 0.3922261484375 0.62997658125 0.4134275625 0.6252927406250001 0.43462897500000003 0.6276346609375001 0.4593639578125 0.62997658125 0.48409894062500003
0 0.3793911 0.8692579500000001 0.3840749421875 0.8763250890625001 0.3864168625 0.8763250890625001 0.3887587828125 0.87279151875 0.3840749421875 0.8657243812500001 0.3793911 0.8621908125 0.3770491796875 0.8657243812500001 0.3793911 0.8692579500000001
0 0.40749414531249994 0.85159010625 0.4121779859375 0.84452296875 0.4121779859375 0.8374558296875 0.40983606562499997 0.8303886921875 0.405152225 0.8303886921875 0.40281030468749995 0.8409894 0.400468384375 0.8480565375 0.400468384375 0.85159010625 0.40749414531249994 0.85159010625
0 0.320843090625 0.802120140625 0.3255269328125 0.7950530031249999 0.32786885312499997 0.784452296875 0.3302107734375 0.773851590625 0.3302107734375 0.770318021875 0.32786885312499997 0.7632508828125 0.32318501093749996 0.7632508828125 0.31850117031249997 0.777385159375 0.31615925 0.7950530031249999 0.31850117031249997 0.802120140625 0.320843090625 0.802120140625
3 0 0.99646643125 0.1334894609375 0.99646643125 0.156908665625 0.8904593640625 0.15925058593750002 0.85159010625 0.16627634687499998 0.798586571875 0.1451990625 0.7385159015625 0.1428571421875 0.6007067140625 0.14754098437500002 0.508833921875 0.1545667453125 0.43462897500000003 0.14754098437500002 0.374558303125 0.1077283375 0.31095406406250004 0.0819672125 0.2685512375 0.02810304375 0.24028268593750002 0 0.24028268593750002 0 0.99646643125
1 0.2224824359375 0.508833921875 0.22482435625 0.56890459375 0.229508196875 0.6077738515625 0.257611240625 0.6289752656250001 0.26463700156250003 0.643109540625 0.28805620625 0.6961130734375 0.2997658078125 0.6961130734375 0.31850117031249997 0.6784452296875 0.31147540937499996 0.6254416968750001 0.320843090625 0.5795053 0.365339578125 0.5371024734375001 0.3934426234375 0.508833921875 0.4168618265625 0.501766784375 0.3840749421875 0.494699646875 0.3583138171875 0.4805653703125 0.3489461359375 0.4699646640625 0.33255269374999996 0.4558303890625 0.30679156875 0.44522968125 0.26229508125 0.4734982328125 0.2459016390625 0.487632509375 0.2224824359375 0.508833921875
3 0.156908665625 0.4734982328125 0.152224825 0.5477031796875 0.156908665625 0.5865724375 0.152224825 0.6607773859375 0.152224825 0.7420494703125 0.1920374703125 0.85865724375 0.24355971875 0.9045936390625 0.31147540937499996 0.929328621875 0.3817330203125 0.915194346875 0.39578454375 0.9045936390625 0.468384075 0.915194346875 0.54098360625 0.8904593640625 0.5831381734375001 0.8268551234375 0.6065573765625001 0.7031802125 0.6440281031249999 0.5936395765625 0.6604215453125 0.5547703187499999 0.6557377046874999 0.5194346296875 0.64871194375 0.4522968203125 0.653395784375 0.371024734375 0.6463700234374999 0.2473498234375 0.6182669796875 0.19081272031250002 0.5948477750000001 0.1590106 0.5690866515625 0.11660777343749999 0.5386416859375001 0.1060070671875 0.473067915625 0.0989399296875 0.428571428125 0.12014134218750001 0.391100703125 0.1519434625 0.3723653390625 0.16254417031249999 0.3489461359375 0.15547703125 0.2903981265625 0.1696113078125 0.2552693203125 0.1837455828125 0.185011709375 0.24028268593750002 0.185011709375 0.2438162546875 0.152224825 0.3321554765625 0.1498829046875 0.39575971718749997 0.156908665625 0.4275618375 0.156908665625 0.4734982328125
0 0.40983606562499997 0.5618374562499999 0.4168618265625 0.5583038874999999 0.41920374687499995 0.5547703187499999 0.41920374687499995 0.5477031796875 0.4121779859375 0.5477031796875 0.40983606562499997 0.5477031796875 0.40749414531249994 0.5547703187499999 0.40983606562499997 0.5618374562499999
0 0.30913348906250004 0.5229681984375001 0.31615925 0.5335689046875001 0.32786885312499997 0.5441696109375 0.31850117031249997 0.5547703187499999 0.3044496484375 0.5583038874999999 0.2903981265625 0.5653710249999999 0.28571428593750003 0.56890459375 0.2810304453125 0.57597173125 0.2716627640625 0.5936395765625 0.2669789234375 0.6148409890625001 0.2763466046875 0.6219081265625 0.28805620625 0.6254416968750001 0.29742388750000004 0.6042402828125 0.30210772812500003 0.5865724375 0.3138173296875 0.5795053 0.3302107734375 0.56890459375 0.34426229531249997 0.5512367484375 0.346604215625 0.5300353359375001 0.34426229531249997 0.505300353125 0.3348946140625 0.4805653703125 0.3302107734375 0.4664310953125 0.320843090625 0.4593639578125 0.31147540937499996 0.4522968203125 0.30210772812500003 0.4628975265625 0.2997658078125 0.48409894062500003 0.30210772812500003 0.505300353125 0.30679156875 0.508833921875 0.30913348906250004 0.5229681984375001
1 0.6018735359375 0.367491165625 0.58548009375 0.342756184375 0.5644028109375 0.346289753125 0.5433255265625 0.3780918734375 0.5480093671875 0.42402826875 0.5644028109375 0.4593639578125 0.580796253125 0.47703180156249997 0.6018735359375 0.494699646875 0.6206089 0.487632509375 0.6370023421875 0.508833921875 0.6440281031249999 0.5229681984375001 0.653395784375 0.5583038874999999 0.658079625 0.5477031796875 0.653395784375 0.501766784375 0.64871194375 0.44522968125 0.6510538640625 0.4063604234375 0.6463700234374999 0.3886925796875 0.6416861828125 0.3816254421875 0.6346604218749999 0.3886925796875 0.6135831375 0.3816254421875 0.6018735359375 0.367491165625