3 0.11000000000000001 0.4924924921875 0.13 0.48048048125 0.11000000000000001 0.4294294296875 0.11599999999999999 0.36936936875000004 0.10600000000000001 0.3573573578125 0.08399999999999999 0.3573573578125 0.08399999999999999 0.36336336406249997 0.086 0.4234234234375 0.094 0.465465465625 0.10200000000000001 0.48648648593750005 0.11000000000000001 0.4924924921875
3 0.158 0.6486486484375 0.162 0.68168168125 0.16999999999999998 0.69369369375 0.186 0.68168168125 0.20400000000000001 0.6636636640625 0.20400000000000001 0.6366366359375 0.21400000000000002 0.603603603125 0.21800000000000003 0.5735735734375 0.21400000000000002 0.552552553125 0.20600000000000002 0.54354354375 0.18 0.552552553125 0.182 0.5495495499999999 0.16 0.5615615609375 0.158 0.6486486484375
0 0.42000000000000004 0.372372371875 0.42400000000000004 0.3603603609375 0.43200000000000005 0.3573573578125 0.43600000000000005 0.3513513515625 0.44400000000000006 0.3513513515625 0.45199999999999996 0.3543543546875 0.45599999999999996 0.3573573578125 0.462 0.3573573578125 0.46399999999999997 0.3543543546875 0.47000000000000003 0.3543543546875 0.47800000000000004 0.3513513515625 0.472 0.3453453453125 0.46399999999999997 0.3363363359375 0.45599999999999996 0.3363363359375 0.44800000000000006 0.3393393390625 0.442 0.3393393390625 0.43200000000000005 0.3423423421875 0.43 0.3483483484375 0.42400000000000004 0.3483483484375 0.42000000000000004 0.3543543546875 0.42000000000000004 0.3603603609375 0.41600000000000004 0.3603603609375 0.414 0.3603603609375 0.41200000000000003 0.36936936875000004 0.41600000000000004 0.375375375 0.42000000000000004 0.372372371875
3 0.724 0.4264264265625 0.71 0.453453453125 0.736 0.46846846875 0.758 0.46846846875 0.766 0.471471471875 0.782 0.453453453125 0.784 0.4084084078125 0.786 0.3603603609375 0.784 0.3123123125 0.776 0.291291290625 0.758 0.291291290625 0.756 0.291291290625 0.734 0.32432432499999997 0.73 0.3483483484375 0.72 0.37837837812499997 0.724 0.4264264265625
3 0.8140000000000001 0.6216216218749999 0.8240000000000001 0.609609609375 0.828 0.5915915921875 0.8380000000000001 0.5675675671875 0.834 0.5495495499999999 0.826 0.5375375375 0.806 0.525525525 0.782 0.5165165171874999 0.764 0.5045045046875 0.75 0.5135135140625 0.774 0.5285285281250001 0.8 0.6126126125 0.8140000000000001 0.6216216218749999
3 0.504 0.47747747812499997 0.5780000000000001 0.48048048125 0.596 0.471471471875 0.608 0.471471471875 0.618 0.453453453125 0.622 0.40540540468749997 0.614 0.36636636562499997 0.604 0.3303303296875 0.5820000000000001 0.309309309375 0.55 0.303303303125 0.55 0.3003003 0.508 0.3363363359375 0.49800000000000005 0.36336336406249997 0.49800000000000005 0.39939939999999996 0.504 0.47747747812499997
3 0.162 0.47747747812499997 0.16799999999999998 0.48648648593750005 0.202 0.4894894890625 0.21400000000000002 0.46846846875 0.20800000000000002 0.4294294296875 0.20400000000000001 0.384384384375 0.15 0.3483483484375 0.15 0.3513513515625 0.146 0.375375375 0.146 0.4234234234375 0.162 0.459459459375 0.162 0.47747747812499997
3 0.094 0.5585585578125001 0.088 0.6126126125 0.094 0.61861861875 0.10800000000000001 0.624624625 0.11599999999999999 0.603603603125 0.12 0.5645645640625 0.132 0.5465465468749999 0.15 0.534534534375 0.158 0.5285285281250001 0.152 0.522522521875 0.132 0.5165165171874999 0.11000000000000001 0.5165165171874999 0.10200000000000001 0.53153153125 0.094 0.5585585578125001
3 0.618 0.37837837812499997 0.622 0.41141141093750005 0.616 0.453453453125 0.612 0.465465465625 0.626 0.471471471875 0.6679999999999999 0.459459459375 0.6940000000000001 0.45645645625000003 0.71 0.45645645625000003 0.724 0.4324324328125 0.724 0.39939939999999996 0.714 0.36336336406249997 0.708 0.3303303296875 0.6900000000000001 0.2822822828125 0.688 0.2882882890625 0.6599999999999999 0.2852852859375 0.634 0.3333333328125 0.622 0.372372371875 0.618 0.37837837812499997
3 0.8880000000000001 0.603603603125 0.906 0.6216216218749999 0.9099999999999999 0.609609609375 0.9119999999999999 0.5855855859375 0.916 0.54354354375 0.9099999999999999 0.53153153125 0.9099999999999999 0.51951951875 0.898 0.5075075078125 0.892 0.5135135140625 0.8800000000000001 0.525525525 0.8619999999999999 0.5285285281250001 0.866 0.53153153125 0.89 0.5585585578125001 0.8880000000000001 0.603603603125
3 0.646 0.615615615625 0.654 0.624624625 0.6679999999999999 0.6636636640625 0.678 0.69369369375 0.712 0.696696696875 0.724 0.6876876875 0.728 0.6426426421875 0.728 0.609609609375 0.726 0.552552553125 0.71 0.54354354375 0.6980000000000001 0.53153153125 0.67 0.53153153125 0.654 0.534534534375 0.6519999999999999 0.53153153125 0.6599999999999999 0.5495495499999999 0.646 0.615615615625
3 0.526 0.696696696875 0.54 0.7057057062500001 0.558 0.696696696875 0.562 0.6876876875 0.564 0.6546546546875 0.576 0.597597596875 0.5780000000000001 0.5765765765624999 0.5780000000000001 0.5465465468749999 0.572 0.534534534375 0.5519999999999999 0.5375375375 0.53 0.540540540625 0.518 0.5375375375 0.49800000000000005 0.54354354375 0.504 0.6546546546875 0.506 0.678678678125 0.526 0.696696696875
3 0.836 0.5855855859375 0.85 0.6006006 0.8640000000000001 0.6276276281250001 0.8800000000000001 0.624624625 0.8880000000000001 0.609609609375 0.89 0.5675675671875 0.876 0.552552553125 0.858 0.525525525 0.8480000000000001 0.525525525 0.8240000000000001 0.5375375375 0.8240000000000001 0.540540540625 0.8380000000000001 0.5615615609375 0.836 0.5855855859375
3 0.5700000000000001 0.6276276281250001 0.6 0.6696696703125 0.622 0.675675675 0.638 0.6426426421875 0.65 0.5915915921875 0.6599999999999999 0.5555555562500001 0.65 0.5285285281250001 0.634 0.53153153125 0.6 0.53153153125 0.5780000000000001 0.53153153125 0.576 0.53153153125 0.58 0.5705705703125 0.5700000000000001 0.6276276281250001
3 0.21400000000000002 0.47447447499999995 0.21800000000000003 0.48648648593750005 0.236 0.4894894890625 0.27799999999999997 0.48348348281250003 0.29 0.47447447499999995 0.27599999999999997 0.4234234234375 0.27999999999999997 0.390390390625 0.266 0.372372371875 0.262 0.3513513515625 0.244 0.3303303296875 0.21400000000000002 0.31831831875 0.21400000000000002 0.321321321875 0.198 0.3393393390625 0.20400000000000001 0.3873873875 0.20800000000000002 0.4354354359375 0.21400000000000002 0.47447447499999995
3 0.27 0.6306306312500001 0.284 0.675675675 0.29 0.7057057062500001 0.31 0.708708709375 0.32999999999999996 0.678678678125 0.352 0.6366366359375 0.344 0.5645645640625 0.354 0.5465465468749999 0.33199999999999996 0.5465465468749999 0.31 0.5645645640625 0.306 0.5615615609375 0.27599999999999997 0.5945945953125 0.27 0.6306306312500001
3 0.146 0.42042042031250004 0.144 0.372372371875 0.11918181875 0.358039859375 0.11599999999999999 0.372372371875 0.11200000000000002 0.4324324328125 0.13 0.48648648593750005 0.158 0.48048048125 0.162 0.459459459375 0.146 0.42042042031250004
3 0.352 0.6276276281250001 0.352 0.6516516515624999 0.39 0.69369369375 0.41200000000000003 0.6726726734375 0.43 0.6426426421875 0.42400000000000004 0.5735735734375 0.43200000000000005 0.5495495499999999 0.43200000000000005 0.5375375375 0.372 0.540540540625 0.354 0.54354354375 0.346 0.5675675671875 0.352 0.6276276281250001
3 0.43 0.6456456453125 0.45199999999999996 0.69369369375 0.48 0.68168168125 0.504 0.6516516515624999 0.49800000000000005 0.5675675671875 0.49800000000000005 0.5555555562500001 0.496 0.5375375375 0.48 0.540540540625 0.47000000000000003 0.552552553125 0.434 0.5495495499999999 0.43 0.552552553125 0.42400000000000004 0.5735735734375 0.43 0.6456456453125
0 0.4 0.372372371875 0.40199999999999997 0.37837837812499997 0.40199999999999997 0.384384384375 0.40599999999999997 0.3873873875 0.40800000000000003 0.38138138125 0.40599999999999997 0.375375375 0.404 0.36936936875000004 0.40199999999999997 0.36636636562499997 0.40199999999999997 0.3573573578125 0.398 0.3543543546875 0.394 0.3543543546875 0.396 0.36336336406249997 0.4 0.372372371875
3 0.73 0.609609609375 0.746 0.6306306312500001 0.764 0.6576576578125 0.786 0.6546546546875 0.798 0.6126126125 0.794 0.597597596875 0.786 0.5675675671875 0.772 0.5285285281250001 0.764 0.5285285281250001 0.742 0.5135135140625 0.73 0.525525525 0.714 0.51951951875 0.7 0.5285285281250001 0.696 0.53153153125 0.726 0.5555555562500001 0.73 0.609609609375
3 0.784 0.453453453125 0.826 0.4624624625 0.8400000000000001 0.4144144140625 0.844 0.38138138125 0.844 0.3393393390625 0.842 0.321321321875 0.834 0.31831831875 0.828 0.32432432499999997 0.806 0.3573573578125 0.79 0.375375375 0.786 0.39339339375 0.784 0.453453453125
3 0.828 0.45645645625000003 0.85 0.4624624625 0.8699999999999999 0.45045045000000006 0.876 0.41741741718750003 0.874 0.390390390625 0.8699999999999999 0.31531531562500004 0.866 0.31831831875 0.858 0.3363363359375 0.8460000000000001 0.3393393390625 0.844 0.3873873875 0.828 0.45645645625000003
3 0.12 0.5915915921875 0.11000000000000001 0.609609609375 0.10800000000000001 0.624624625 0.11599999999999999 0.6516516515624999 0.144 0.6546546546875 0.158 0.6516516515624999 0.16 0.5675675671875 0.18 0.5465465468749999 0.16799999999999998 0.5495495499999999 0.152 0.5465465468749999 0.132 0.540540540625 0.132 0.54354354375 0.118 0.5705705703125 0.12 0.5915915921875
3 0.9119999999999999 0.36636636562499997 0.9099999999999999 0.3363363359375 0.898 0.3123123125 0.892 0.3333333328125 0.8720000000000001 0.3363363359375 0.876 0.4264264265625 0.8720000000000001 0.43843843906249996 0.8720000000000001 0.4414414421875 0.884 0.44744744687500004 0.898 0.43843843906249996 0.906 0.4144144140625 0.9119999999999999 0.36636636562499997
3 0.20400000000000001 0.6396396390625 0.20800000000000002 0.6636636640625 0.21800000000000003 0.696696696875 0.242 0.68168168125 0.252 0.6546546546875 0.27 0.6306306312500001 0.27 0.615615615625 0.27599999999999997 0.5915915921875 0.292 0.5825825828125 0.31 0.5675675671875 0.304 0.5555555562500001 0.27599999999999997 0.5555555562500001 0.258 0.5465465468749999 0.238 0.5645645640625 0.21800000000000003 0.5555555562500001 0.21600000000000003 0.552552553125 0.21800000000000003 0.5765765765624999 0.20400000000000001 0.6396396390625
3 0.27599999999999997 0.4144144140625 0.292 0.47447447499999995 0.296 0.47747747812499997 0.306 0.48048048125 0.33799999999999997 0.47447447499999995 0.374 0.47447447499999995 0.386 0.44744744687500004 0.384 0.390390390625 0.368 0.3603603609375 0.35 0.3363363359375 0.33799999999999997 0.3303303296875 0.32799999999999996 0.31531531562500004 0.308 0.31831831875 0.306 0.32432432499999997 0.29 0.3363363359375 0.284 0.36636636562499997 0.27999999999999997 0.39339339375 0.27599999999999997 0.4144144140625
0 0.434 0.39939939999999996 0.44000000000000006 0.39939939999999996 0.45 0.40540540468749997 0.458 0.40540540468749997 0.45999999999999996 0.402402403125 0.462 0.39939939999999996 0.454 0.39339339375 0.446 0.39339339375 0.438 0.396396396875 0.434 0.39939939999999996