3 0.25696594375 0.44842105312499997 0.284829721875 0.4842105265625 0.3049535609375 0.5136842109375 0.3188854484375 0.5157894734374999 0.340557275 0.5136842109375 0.3622291015625 0.5136842109375 0.379256965625 0.46105263125 0.382352940625 0.4063157890625 0.366873065625 0.3578947375 0.3421052625 0.3347368421875 0.3157894734375 0.309473684375 0.28173374687499997 0.3052631578125 0.25541795624999997 0.3157894734375 0.25386996875 0.311578946875 0.23219814218749998 0.34315789531249996 0.2368421046875 0.4 0.24148606875 0.429473684375 0.25696594375 0.44842105312499997
3 0.6176470593750001 0.7957894734375001 0.6346749218750001 0.8021052624999999 0.6517027859375 0.829473684375 0.6857585140625 0.8252631578124999 0.705882353125 0.8063157890625 0.7352941171875 0.7536842109374999 0.7337461296875001 0.7242105265625 0.7383900921875 0.70105263125 0.7352941171875 0.671578946875 0.715170278125 0.66105263125 0.6795665640624999 0.66105263125 0.6470588234375 0.6378947375 0.6393188859375 0.64 0.6176470593750001 0.6673684203125 0.616099071875 0.6968421046875 0.6238390093749999 0.7305263156249999 0.6176470593750001 0.7957894734375001
3 0.547987615625 0.47789473750000006 0.5557275546875 0.5263157890625 0.57585139375 0.5515789468750001 0.5959752328125 0.5536842109375 0.620743034375 0.5536842109375 0.6439628484375 0.5031578953125 0.6625387 0.47789473750000006 0.6532507734374999 0.4568421046875 0.6532507734374999 0.41894736874999994 0.6362229109374999 0.389473684375 0.6006191953125 0.36 0.58978328125 0.34105263125 0.58823529375 0.3473684203125 0.551083590625 0.3852631578125 0.5371517031249999 0.4021052625 0.5371517031249999 0.46105263125 0.547987615625 0.47789473750000006
3 0.040247678125000005 0.3157894734375 0.05727554218749999 0.370526315625 0.07739938125 0.42315789531250003 0.09287925625 0.44842105312499997 0.122291021875 0.46736842031250003 0.1486068109375 0.48 0.18266253906250002 0.45473684218750005 0.210526315625 0.4421052625 0.2260061921875 0.429473684375 0.2306501546875 0.39789473750000004 0.23219814218749998 0.3473684203125 0.23219814218749998 0.288421053125 0.22755417968749997 0.24210526250000003 0.2198142421875 0.2021052625 0.1934984515625 0.1768421046875 0.1733746125 0.1663157890625 0.1362229109375 0.168421053125 0.08513931875 0.18105263124999998 0.08049535625000001 0.18105263124999998 0.07739938125 0.2 0.0526315796875 0.23157894687499997 0.049535603125 0.271578946875 0.040247678125000005 0.3157894734375
3 0.07430340625000001 0.17473684218750002 0.1006191953125 0.1768421046875 0.133126934375 0.170526315625 0.1702786375 0.17473684218750002 0.204334365625 0.149473684375 0.22755417968749997 0.0968421046875 0.23219814218749998 0.0547368421875 0.213622290625 0.0126315796875 0.208978328125 0.0021052625 0.05727554218749999 0.0021052625 0.0232198140625 0.04 0.0216718265625 0.0821052625 0.027863776562499998 0.12 0.07430340625000001 0.17473684218750002
3 0.6408668734375 0.61894736875 0.6640866875 0.6442105265625 0.671826625 0.6526315796875 0.715170278125 0.6631578953124999 0.74613003125 0.6357894734375 0.7476780187500001 0.5852631578125 0.7476780187500001 0.5368421046875 0.74148606875 0.49473684218749997 0.7275541796875 0.4652631578125 0.6934984515625 0.46105263125 0.6919504640625 0.46315789531249996 0.6671826624999999 0.48 0.6393188859375 0.5031578953125 0.6238390093749999 0.5578947375000001 0.6408668734375 0.61894736875
3 0.5247678015624999 0.8231578953125 0.5557275546875 0.8336842109375 0.5727554171875 0.8252631578124999 0.58204334375 0.8336842109375 0.59287925625 0.82105263125 0.6068111453125 0.8 0.6176470593750001 0.789473684375 0.620743034375 0.768421053125 0.620743034375 0.7242105265625 0.616099071875 0.6926315796875 0.5944272453125 0.6863157890625 0.5681114546875 0.6757894734375001 0.5371517031249999 0.6652631578125 0.540247678125 0.671578946875 0.5185758515625001 0.70105263125 0.5232198140625 0.7578947375 0.5201238390625 0.7873684203125 0.5247678015624999 0.8231578953125
3 0.199690403125 0.7936842109375 0.21671826562500002 0.8484210531249999 0.22910216718749998 0.8757894734375 0.24922600625000002 0.8968421046874999 0.291021671875 0.9031578953125001 0.3049535609375 0.8947368421874999 0.32198142343749997 0.8400000000000001 0.3095975234375 0.8252631578124999 0.3095975234375 0.8 0.3235294125 0.770526315625 0.328173375 0.7494736843750001 0.3095975234375 0.7347368421875 0.2801857578125 0.72 0.25386996875 0.7073684203124999 0.24922600625000002 0.7052631578125 0.218266253125 0.7747368421874999 0.199690403125 0.7936842109375
3 0.5108359140625 0.9094736843750001 0.5 0.94105263125 0.5 0.9578947375 0.509287925 0.9789473687499999 0.5448916406250001 0.9578947375 0.5913312687500001 0.90105263125 0.58668730625 0.8757894734375 0.58513931875 0.8484210531249999 0.5681114546875 0.8252631578124999 0.5572755421875 0.8315789468749999 0.535603715625 0.8315789468749999 0.5201238390625 0.82105263125 0.5201238390625 0.8 0.5185758515625001 0.7726315796875001 0.5061919500000001 0.7852631578125 0.48452012343749995 0.7831578953125 0.47832817343749995 0.78105263125 0.5015479875 0.8568421046875001 0.5108359140625 0.9094736843750001
3 0.4040247671875 0.8652631578125 0.40866873125 0.911578946875 0.42414860625 0.9263157890624999 0.452012384375 0.928421053125 0.4860681109375 0.9347368421875 0.5 0.9326315796875001 0.5108359140625 0.911578946875 0.509287925 0.890526315625 0.5046439625 0.8631578953125001 0.4953560375 0.8357894734375 0.49071207499999997 0.8084210531249999 0.4876160984375 0.7873684203125 0.4767801859375 0.76 0.45510835937499994 0.7557894734375 0.44117647031249996 0.76 0.4334365328125 0.7642105265625 0.41950464375 0.7936842109375 0.41486068125 0.7957894734375001 0.4272445828125 0.8315789468749999 0.4040247671875 0.8652631578125
3 0.75077399375 0.27999999999999997 0.75541795625 0.3473684203125 0.7678018578125 0.3831578953125 0.794117646875 0.410526315625 0.8235294124999999 0.4252631578125 0.8297213625 0.4421052625 0.8544891640625 0.44000000000000006 0.873065015625 0.43578947343749996 0.9148606812500001 0.38105263125 0.9287925703125 0.34105263125 0.9380804953125 0.3031578953125 0.9427244578125 0.250526315625 0.9303405578125 0.2042105265625 0.9102167187499999 0.1578947375 0.8900928796875001 0.14105263125 0.8591331265625 0.14105263125 0.8235294124999999 0.130526315625 0.8173374609374999 0.1326315796875 0.7770897828125001 0.16 0.75696594375 0.1936842109375 0.75386996875 0.2442105265625 0.75077399375 0.27999999999999997
3 0.1455108359375 0.57894736875 0.1795665640625 0.62105263125 0.201238390625 0.6378947375 0.2260061921875 0.648421053125 0.25232198125 0.6463157890625 0.287925696875 0.62105263125 0.30340557343749996 0.6 0.3049535609375 0.5557894734375 0.3080495359375 0.52 0.24148606875 0.429473684375 0.22910216718749998 0.43157894687500004 0.1640866875 0.46736842031250003 0.1470588234375 0.5136842109375 0.1455108359375 0.57894736875
3 0.1470588234375 0.791578946875 0.1857585140625 0.8021052624999999 0.213622290625 0.77894736875 0.2306501546875 0.7473684203125 0.24613003125000002 0.7242105265625 0.25386996875 0.7052631578125 0.2383900921875 0.6547368421875001 0.199690403125 0.6357894734375 0.1733746125 0.6126315796874999 0.171826625 0.610526315625 0.133126934375 0.631578946875 0.11609907187499999 0.7052631578125 0.122291021875 0.7621052625 0.1470588234375 0.791578946875
0 0.1393188859375 0.09052631562499999 0.1486068109375 0.0821052625 0.15634675 0.07368421093750001 0.16099071250000002 0.0631578953125 0.16099071250000002 0.05894736874999999 0.1578947375 0.05894736874999999 0.1501547984375 0.0547368421875 0.13777089843749998 0.0631578953125 0.131578946875 0.0757894734375 0.13467492187500002 0.08631578906250001 0.1393188859375 0.09052631562499999
0 0.8359133125 0.250526315625 0.8374613 0.2526315796875 0.8421052625 0.2547368421875 0.84365325 0.2547368421875 0.8467492265625 0.248421053125 0.8452012390625001 0.2442105265625 0.8405572749999999 0.24210526250000003 0.8374613 0.24631578906249998 0.8359133125 0.250526315625
0 0.8513931890625 0.23578947343749998 0.8544891640625 0.24 0.8575851390624999 0.24210526250000003 0.8622291015625001 0.24210526250000003 0.8653250781249999 0.2378947375 0.866873065625 0.23157894687499997 0.8637770890625 0.2273684203125 0.8591331265625 0.2273684203125 0.8544891640625 0.229473684375 0.8513931890625 0.23578947343749998
0 0.6501547984375 0.2863157890625 0.6501547984375 0.2821052625 0.6470588234375 0.2778947375 0.6455108359375 0.27999999999999997 0.6455108359375 0.2842105265625 0.6470588234375 0.2863157890625 0.6501547984375 0.2863157890625
0 0.6362229109374999 0.2842105265625 0.6377708984375 0.2863157890625 0.6393188859375 0.2863157890625 0.6439628484375 0.2842105265625 0.6424148609375 0.27999999999999997 0.6393188859375 0.27578947343750004 0.6362229109374999 0.27999999999999997 0.6362229109374999 0.2842105265625
0 0.125386996875 0.24631578906249998 0.125386996875 0.248421053125 0.126934984375 0.2526315796875 0.130030959375 0.2547368421875 0.133126934375 0.2568421046875 0.1362229109375 0.25894736875 0.13777089843749998 0.25894736875 0.13777089843749998 0.2526315796875 0.1362229109375 0.24631578906249998 0.133126934375 0.24631578906249998 0.128482971875 0.2442105265625 0.125386996875 0.24631578906249998
3 0.6068111453125 0.370526315625 0.6439628484375 0.3936842109375 0.65634675 0.43157894687500004 0.6950464390625 0.41684210468750005 0.710526315625 0.39789473750000004 0.7383900921875 0.38105263125 0.7476780187500001 0.351578946875 0.74613003125 0.26105263125 0.716718265625 0.22315789531250002 0.6842105265625 0.21263157968750002 0.6470588234375 0.2252631578125 0.6346749218750001 0.23578947343749998 0.6037151703125 0.2821052625 0.5913312687500001 0.32 0.58978328125 0.34105263125 0.6068111453125 0.370526315625
3 0.283281734375 0.6252631578125001 0.29876160937499996 0.6631578953124999 0.3111455109375 0.6778947375000001 0.33126935 0.6842105265625 0.36532507812500004 0.6842105265625 0.382352940625 0.6863157890625 0.3993808046875 0.6421052625 0.39783281718749997 0.6273684203125 0.40866873125 0.610526315625 0.40866873125 0.57894736875 0.4040247671875 0.528421053125 0.36996904062499997 0.4842105265625 0.371517028125 0.48631578906249995 0.3560371515625 0.5136842109375 0.3095975234375 0.5157894734374999 0.30340557343749996 0.6 0.283281734375 0.6252631578125001
3 0.707430340625 0.46315789531249996 0.7275541796875 0.47157894687499996 0.74613003125 0.4968421046875 0.7476780187500001 0.530526315625 0.75077399375 0.57894736875 0.7693498453125 0.591578946875 0.787925696875 0.5978947375 0.8281733750000001 0.5852631578125 0.8482972140625 0.57894736875 0.871517028125 0.5221052625 0.8622291015625001 0.488421053125 0.8482972140625 0.4442105265625 0.8328173375000001 0.4442105265625 0.8235294124999999 0.42315789531250003 0.789473684375 0.4021052625 0.7708978328125 0.38736842031249996 0.7600619187500001 0.3726315796875 0.7616099078125 0.368421053125 0.74303405625 0.3957894734375 0.718266253125 0.42105263125 0.712074303125 0.43157894687500004 0.707430340625 0.46315789531249996
3 0.3080495359375 0.810526315625 0.3095975234375 0.8252631578124999 0.3235294125 0.8400000000000001 0.340557275 0.850526315625 0.3513931890625 0.8631578953125001 0.36996904062499997 0.869473684375 0.3931888546875 0.869473684375 0.41950464375 0.850526315625 0.42879257031250007 0.8336842109375 0.42414860625 0.8084210531249999 0.41486068125 0.7747368421874999 0.40712074375 0.751578946875 0.3993808046875 0.7326315796875 0.382352940625 0.711578946875 0.377708978125 0.7073684203124999 0.3529411765625 0.7263157890625 0.328173375 0.74105263125 0.32507739999999996 0.7621052625 0.3080495359375 0.810526315625