3 0.05403645781250001 0.51171875 0.06705729218749999 0.5029296875 0.080078125 0.4677734375 0.08333333281250001 0.4287109375 0.08203125 0.40234375 0.07552083281250001 0.3828125 0.07356770781250001 0.34765625 0.07161458281250001 0.310546875 0.06705729218749999 0.2841796875 0.05338541718749999 0.259765625 0.0403645828125 0.25 0.0240885421875 0.25 0.0045572921875 0.259765625 0.001953125 0.2646484375 0.0013020828125 0.4267578125 0.001953125 0.5263671875 0.0260416671875 0.52734375 0.05403645781250001 0.51171875
0 0.796875 0.576171875 0.7936197921875 0.5703125 0.7923177078125 0.5732421875 0.7942708328125 0.5791015625 0.7975260421875 0.5791015625 0.796875 0.576171875
0 0.1419270828125 0.41015625 0.1451822921875 0.416015625 0.1471354171875 0.41796875 0.1490885421875 0.419921875 0.1497395828125 0.4189453125 0.1510416671875 0.4150390625 0.150390625 0.4091796875 0.1497395828125 0.404296875 0.1484375 0.400390625 0.1458333328125 0.3974609375 0.1432291671875 0.396484375 0.140625 0.3994140625 0.1412760421875 0.40234375 0.1412760421875 0.40625 0.1419270828125 0.41015625
1 0.3190104171875 0.54296875 0.3333333328125 0.5595703125 0.3561197921875 0.57421875 0.3782552078125 0.5810546875 0.3912760421875 0.58984375 0.4108072921875 0.5703125 0.4186197921875 0.544921875 0.4225260421875 0.509765625 0.427734375 0.470703125 0.4290364578125 0.4326171875 0.42578125 0.3994140625 0.4186197921875 0.3837890625 0.4166666671875 0.384765625 0.412109375 0.384765625 0.3893229171875 0.396484375 0.3587239578125 0.390625 0.3307291671875 0.3818359375 0.3040364578125 0.3798828125 0.2845052078125 0.375 0.2747395828125 0.3759765625 0.2747395828125 0.3876953125 0.26953125 0.4208984375 0.2604166671875 0.5244140625 0.2662760421875 0.5341796875 0.271484375 0.5537109375 0.2838541671875 0.5576171875 0.3040364578125 0.5517578125 0.3190104171875 0.54296875
0 0.216796875 0.41796875 0.21744791718749998 0.419921875 0.21809895781250002 0.423828125 0.21875 0.4296875 0.21744791718749998 0.43359375 0.216796875 0.439453125 0.21614583281250002 0.4423828125 0.21614583281250002 0.4443359375 0.216796875 0.4443359375 0.21744791718749998 0.4423828125 0.21875 0.4384765625 0.21940104218749998 0.4306640625 0.22005208281250002 0.427734375 0.220703125 0.423828125 0.22005208281250002 0.421875 0.21940104218749998 0.4189453125 0.21744791718749998 0.41796875 0.216796875 0.41796875
0 0.5364583328125 0.3916015625 0.537109375 0.3935546875 0.541015625 0.3955078125 0.5442708328125 0.3955078125 0.544921875 0.3935546875 0.5423177078125 0.3916015625 0.5397135421875 0.390625 0.5377604171875 0.390625 0.5364583328125 0.3916015625
0 0.5670572921875 0.376953125 0.5670572921875 0.3798828125 0.5696614578125 0.380859375 0.5703125 0.3798828125 0.5716145828125 0.375 0.5703125 0.3701171875 0.568359375 0.3681640625 0.5670572921875 0.37109375 0.5670572921875 0.376953125
0 0.787109375 0.5576171875 0.7884114578125 0.5595703125 0.7897135421875 0.5576171875 0.7864583328125 0.5517578125 0.7845052078125 0.5478515625 0.7845052078125 0.5537109375 0.787109375 0.5576171875
3 0.4329427078125 0.421875 0.431640625 0.4384765625 0.431640625 0.4609375 0.4309895828125 0.4921875 0.4264322921875 0.51953125 0.419921875 0.55078125 0.4147135421875 0.568359375 0.4134114578125 0.583984375 0.421875 0.6171875 0.431640625 0.6689453125 0.4440104171875 0.68359375 0.4700520828125 0.712890625 0.4869791671875 0.7138671875 0.5052083328125 0.7138671875 0.529296875 0.7138671875 0.55078125 0.7138671875 0.5638020828125 0.7138671875 0.5950520828125 0.7109375 0.62109375 0.693359375 0.642578125 0.6591796875 0.650390625 0.6513671875 0.66015625 0.6416015625 0.6731770828125 0.6201171875 0.6959635421875 0.5458984375 0.6979166671875 0.5146484375 0.69921875 0.4775390625 0.6946614578125 0.4462890625 0.681640625 0.4091796875 0.6686197921875 0.3779296875 0.66015625 0.365234375 0.6471354171875 0.3486328125 0.62109375 0.333984375 0.59765625 0.3310546875 0.5768229171875 0.3310546875 0.5618489578125 0.3359375 0.5475260421875 0.3359375 0.517578125 0.3310546875 0.5032552078125 0.3310546875 0.4915364578125 0.3330078125 0.4869791671875 0.337890625 0.4557291671875 0.357421875 0.4440104171875 0.376953125 0.44140625 0.396484375 0.4329427078125 0.421875
0 0.2779947921875 0.4052734375 0.28125 0.3935546875 0.2819010421875 0.390625 0.2779947921875 0.3798828125 0.2740885421875 0.3994140625 0.26953125 0.40625 0.2721354171875 0.4130859375 0.2779947921875 0.4052734375
0 0.2766927078125 0.4794921875 0.2747395828125 0.4736328125 0.26953125 0.470703125 0.2688802078125 0.4755859375 0.267578125 0.48828125 0.271484375 0.4873046875 0.2766927078125 0.4794921875
3 0.2662760421875 0.4306640625 0.2662760421875 0.4736328125 0.26171875 0.5068359375 0.259765625 0.529296875 0.2662760421875 0.5654296875 0.271484375 0.595703125 0.2890625 0.623046875 0.3053385421875 0.63671875 0.3216145828125 0.642578125 0.3444010421875 0.6396484375 0.3658854171875 0.623046875 0.3821614578125 0.6103515625 0.3990885421875 0.5927734375 0.4055989578125 0.578125 0.4147135421875 0.5634765625 0.4212239578125 0.5458984375 0.4231770828125 0.5146484375 0.4283854171875 0.4873046875 0.431640625 0.4560546875 0.4309895828125 0.4169921875 0.421875 0.3896484375 0.419921875 0.376953125 0.41015625 0.376953125 0.40234375 0.357421875 0.3958333328125 0.34765625 0.37109375 0.3310546875 0.357421875 0.3251953125 0.3352864578125 0.3232421875 0.3138020828125 0.3251953125 0.2975260421875 0.3359375 0.2942708328125 0.3408203125 0.2923177078125 0.34375 0.2747395828125 0.3701171875 0.2747395828125 0.3896484375 0.2662760421875 0.4111328125 0.2662760421875 0.4306640625
3 0.080078125 0.458984375 0.078125 0.4736328125 0.06380208281250001 0.5048828125 0.0625 0.5244140625 0.06901041718749999 0.546875 0.08528645781250001 0.576171875 0.1015625 0.59375 0.1276041671875 0.607421875 0.15234375 0.6123046875 0.1881510421875 0.6181640625 0.22005208281250002 0.5888671875 0.23567708281250002 0.5732421875 0.2513020828125 0.5322265625 0.2643229171875 0.4931640625 0.2662760421875 0.47265625 0.2610677078125 0.423828125 0.2578125 0.3974609375 0.24869791718749998 0.3720703125 0.23697916718749998 0.3505859375 0.22005208281250002 0.3408203125 0.20377604218749998 0.3330078125 0.1907552078125 0.326171875 0.1666666671875 0.3330078125 0.1419270828125 0.337890625 0.140625 0.337890625 0.1009114578125 0.3720703125 0.09114583281250001 0.3974609375 0.08203125 0.412109375 0.080078125 0.458984375
0 0.7389322921875 0.54296875 0.736328125 0.537109375 0.73828125 0.5283203125 0.7350260421875 0.525390625 0.7337239578125 0.533203125 0.7350260421875 0.5400390625 0.7376302078125 0.546875 0.7389322921875 0.54296875
3 0.6979166671875 0.4658203125 0.7005208328125 0.4931640625 0.6959635421875 0.5361328125 0.6809895828125 0.5927734375 0.681640625 0.6103515625 0.6861979171875 0.6298828125 0.7037760421875 0.6689453125 0.7200520828125 0.7109375 0.7552083328125 0.740234375 0.78125 0.7451171875 0.8033854171874999 0.7451171875 0.8365885421874999 0.7275390625 0.8580729171874999 0.7158203125 0.8854166671874999 0.7001953125 0.9114583328125001 0.67578125 0.9296875 0.6474609375 0.9459635421874999 0.6171875 0.94921875 0.578125 0.9505208328125001 0.5556640625 0.9505208328125001 0.5244140625 0.9459635421874999 0.490234375 0.939453125 0.455078125 0.9375 0.4287109375 0.921875 0.396484375 0.9114583328125001 0.3720703125 0.892578125 0.353515625 0.859375 0.34375 0.8385416671874999 0.34375 0.8268229171874999 0.3505859375 0.8118489578125001 0.3583984375 0.7890625 0.36328125 0.7643229171875 0.36328125 0.7467447921875 0.3671875 0.7252604171875 0.376953125 0.7174479171875 0.38671875 0.7076822921875 0.40234375 0.69140625 0.4267578125 0.69140625 0.4287109375 0.6946614578125 0.4482421875 0.6979166671875 0.4658203125