3 0.0883333328125 0.2625 0.0783333328125 0.28500000000000003 0.06833333281250001 0.3225 0.06 0.335 0.0516666671875 0.35750000000000004 0.0416666671875 0.39 0.031666667187500004 0.4225 0.0266666671875 0.4525 0.031666667187500004 0.63 0.0666666671875 0.7075 0.10166666718749999 0.7525000000000001 0.1416666671875 0.77 0.19 0.7925 0.2416666671875 0.8074999999999999 0.3066666671875 0.805 0.3433333328125 0.7825 0.3966666671875 0.705 0.4066666671875 0.6775 0.42000000000000004 0.645 0.43166666718749996 0.6174999999999999 0.44333333281250004 0.5725 0.4483333328125 0.53 0.4516666671875 0.45499999999999996 0.4483333328125 0.41 0.4483333328125 0.355 0.425 0.27 0.40499999999999997 0.2425 0.38333333281250004 0.20750000000000002 0.355 0.1825 0.3283333328125 0.1775 0.305 0.1875 0.2816666671875 0.195 0.26 0.195 0.2266666671875 0.185 0.20833333281250002 0.1825 0.1833333328125 0.1825 0.1616666671875 0.1825 0.13999999999999999 0.1875 0.13999999999999999 0.19 0.1183333328125 0.2125 0.10833333281249999 0.225 0.0933333328125 0.24 0.0883333328125 0.2625
3 0.7016666671875 0.3775 0.6916666671875 0.42000000000000004 0.6866666671874999 0.4525 0.6799999999999999 0.4875 0.6733333328125 0.5275000000000001 0.67 0.5825 0.6799999999999999 0.6325000000000001 0.6933333328125 0.6950000000000001 0.7116666671874999 0.74 0.725 0.765 0.7466666671875 0.7849999999999999 0.7983333328125 0.7975 0.8316666671874999 0.8 0.8783333328125 0.775 0.9099999999999999 0.745 0.9283333328125 0.7075 0.9400000000000001 0.6575 0.9466666671875 0.6125 0.9466666671875 0.5725 0.9400000000000001 0.53 0.9366666671875 0.49749999999999994 0.95 0.42750000000000005 0.9366666671875 0.395 0.9083333328125001 0.35750000000000004 0.8966666671875 0.34500000000000003 0.8816666671875 0.3225 0.86 0.305 0.8283333328125 0.305 0.805 0.3075 0.7816666671875 0.315 0.76 0.3175 0.7666666671875 0.3175 0.745 0.325 0.7283333328125 0.3325 0.7150000000000001 0.35 0.7016666671875 0.3775
3 0.9583333328125001 0.42000000000000004 0.9516666671875 0.4375 0.9400000000000001 0.475 0.9366666671875 0.5175 0.9366666671875 0.5349999999999999 0.945 0.5625 0.9466666671875 0.5875 0.9466666671875 0.6275000000000001 0.9466666671875 0.6625 0.9533333328125 0.705 0.96 0.735 0.97 0.765 0.9783333328125 0.795 0.9833333328125 0.8125 0.9916666671875 0.8300000000000001 0.9983333328124999 0.835 0.9983333328124999 0.34750000000000003 0.9933333328125 0.3525 0.9916666671875 0.3625 0.9683333328125 0.39 0.9583333328125001 0.42000000000000004
3 0.4533333328125 0.4225 0.4483333328125 0.485 0.45 0.5325 0.43666666718749997 0.5900000000000001 0.44333333281250004 0.61 0.4483333328125 0.6375 0.4583333328125 0.67 0.465 0.7025 0.48333333281249996 0.73 0.4966666671875 0.7575000000000001 0.5083333328124999 0.78 0.5166666671875 0.7975 0.5483333328125 0.8125 0.5666666671875 0.825 0.5933333328125 0.8175000000000001 0.6366666671875 0.7849999999999999 0.65 0.7525000000000001 0.6666666671875 0.7125 0.675 0.655 0.6716666671875 0.6224999999999999 0.665 0.5599999999999999 0.6666666671875 0.52 0.6799999999999999 0.4875 0.6866666671874999 0.45999999999999996 0.6900000000000001 0.41500000000000004 0.6866666671874999 0.39 0.6766666671875 0.365 0.6599999999999999 0.335 0.6433333328125 0.315 0.6233333328125 0.2925 0.5933333328125 0.275 0.5683333328125 0.2725 0.545 0.27749999999999997 0.53 0.28500000000000003 0.5083333328124999 0.3025 0.4733333328125 0.3125 0.45 0.35750000000000004 0.4483333328125 0.3625 0.4516666671875 0.3775 0.4533333328125 0.4225
0 0.025 0.5650000000000001 0.025 0.5475 0.0233333328125 0.5525 0.02 0.5650000000000001 0.0166666671875 0.5775 0.0233333328125 0.5725 0.025 0.5650000000000001
0 0.02 0.265 0.0216666671875 0.265 0.0233333328125 0.2575 0.0266666671875 0.25 0.03 0.25 0.0333333328125 0.24500000000000002 0.0333333328125 0.24 0.034999999999999996 0.2375 0.038333332812499996 0.2375 0.04 0.23500000000000001 0.038333332812499996 0.2325 0.0333333328125 0.2325 0.031666667187500004 0.2325 0.03 0.23500000000000001 0.0283333328125 0.2375 0.0266666671875 0.2375 0.0233333328125 0.2375 0.025 0.2425 0.0233333328125 0.24500000000000002 0.0216666671875 0.25 0.0183333328125 0.255 0.0183333328125 0.26 0.02 0.265
0 0.525 0.5175 0.51 0.525 0.5 0.5349999999999999 0.49833333281250003 0.5425 0.5133333328125 0.5349999999999999 0.5233333328125 0.5275000000000001 0.5316666671875 0.525 0.54 0.53 0.5516666671875 0.53 0.5650000000000001 0.5349999999999999 0.5833333328125 0.5375 0.5866666671874999 0.54 0.5900000000000001 0.5349999999999999 0.5650000000000001 0.525 0.55 0.52 0.5366666671875 0.5175 0.525 0.5175
0 0.1833333328125 0.5425 0.1833333328125 0.545 0.1866666671875 0.545 0.1866666671875 0.5425 0.1866666671875 0.5349999999999999 0.185 0.53 0.1833333328125 0.5349999999999999 0.1816666671875 0.5375 0.1816666671875 0.54 0.1833333328125 0.5425
0 0.37 0.5225 0.37333333281250003 0.5225 0.37333333281250003 0.5175 0.37333333281250003 0.515 0.375 0.5125 0.375 0.5075000000000001 0.37333333281250003 0.51 0.3716666671875 0.5125 0.36833333281249997 0.515 0.365 0.515 0.36833333281249997 0.5175 0.36833333281249997 0.5225 0.37 0.5225
0 0.25666666718750003 0.5125 0.2616666671875 0.515 0.2633333328125 0.5175 0.265 0.52 0.2666666671875 0.5175 0.2683333328125 0.5125 0.265 0.5125 0.26 0.51 0.25666666718750003 0.51 0.25666666718750003 0.5125
1 0.595 0.5225 0.5983333328125 0.5475 0.6133333328125 0.5650000000000001 0.6266666671875 0.5725 0.6416666671875 0.5625 0.6516666671875 0.545 0.6616666671875 0.5075000000000001 0.6733333328125 0.47000000000000003 0.6799999999999999 0.425 0.6766666671875 0.4025 0.6733333328125 0.395 0.6616666671875 0.395 0.6483333328125 0.41 0.625 0.45999999999999996 0.6 0.49749999999999994 0.595 0.5225
3 0 0.65 0.031666667187500004 0.5900000000000001 0.0266666671875 0.4425 0.034999999999999996 0.41500000000000004 0.045 0.3775 0.0533333328125 0.35 0.06833333281250001 0.3225 0.08 0.28500000000000003 0.0966666671875 0.24 0.1116666671875 0.22749999999999998 0.1183333328125 0.20750000000000002 0.1166666671875 0.1875 0.1066666671875 0.16999999999999998 0.08 0.13999999999999999 0.0716666671875 0.125 0.05500000000000001 0.1125 0.038333332812499996 0.1 0.0166666671875 0.0975 0.0033333328125 0.0975 0 0.0975 0 0.65