3 0.7 0.36444444374999996 0.73 0.36444444374999996 0.7466666671875 0.36444444374999996 0.7633333328125 0.35111111093749997 0.7766666671875 0.31555555625 0.7833333328125 0.29333333281249996 0.7766666671875 0.257777778125 0.76 0.23555555625000002 0.74 0.21777777812500002 0.7233333328125 0.21777777812500002 0.7066666671874999 0.222222221875 0.6900000000000001 0.23555555625000002 0.6766666671875 0.2488888890625 0.6666666671875 0.27999999999999997 0.67 0.3111111109375 0.6766666671875 0.342222221875 0.7 0.36444444374999996
0 0.2 0.52444444375 0.1966666671875 0.5288888890625 0.1933333328125 0.5377777781249999 0.1966666671875 0.5466666671875 0.2 0.5466666671875 0.2066666671875 0.542222221875 0.2066666671875 0.5288888890625 0.21000000000000002 0.52 0.2133333328125 0.5066666671875 0.2166666671875 0.4888888890625 0.2166666671875 0.48 0.21000000000000002 0.48 0.21000000000000002 0.4933333328125 0.2033333328125 0.502222221875 0.2033333328125 0.51555555625 0.2 0.52444444375
3 0.7266666671875 0.40444444375 0.7333333328125 0.41333333281250006 0.74 0.41333333281250006 0.7433333328125 0.41333333281250006 0.7466666671875 0.40888888906250004 0.75 0.4 0.75 0.3866666671875 0.7466666671875 0.377777778125 0.74 0.382222221875 0.73 0.3866666671875 0.7233333328125 0.39555555625 0.7266666671875 0.40444444375
3 0.7433333328125 0.43555555625000003 0.74 0.44000000000000006 0.74 0.44888888906249996 0.74 0.4533333328125 0.7433333328125 0.457777778125 0.75 0.457777778125 0.7533333328125 0.457777778125 0.7566666671875 0.462222221875 0.76 0.457777778125 0.7566666671875 0.4533333328125 0.7566666671875 0.44444444375 0.75 0.44444444375 0.75 0.44888888906249996 0.7466666671875 0.44444444375 0.7433333328125 0.43555555625000003
3 0.7966666671875 0.502222221875 0.7933333328125001 0.5066666671875 0.8 0.52 0.8 0.52444444375 0.7966666671875 0.5288888890625 0.79 0.5333333328125 0.79 0.5466666671875 0.7866666671875 0.5555555562500001 0.7866666671875 0.56444444375 0.7966666671875 0.5733333328125 0.8066666671875 0.5733333328125 0.8133333328125 0.5733333328125 0.8166666671874999 0.5688888890625 0.8166666671874999 0.5555555562500001 0.8133333328125 0.5511111109375 0.8066666671875 0.5466666671875 0.8066666671875 0.5377777781249999 0.8033333328125 0.52444444375 0.8066666671875 0.51555555625 0.8066666671875 0.5111111109375 0.8033333328125 0.502222221875 0.8 0.4933333328125 0.7933333328125001 0.4933333328125 0.79 0.497777778125 0.7933333328125001 0.497777778125 0.7966666671875 0.502222221875
3 0.1533333328125 0.542222221875 0.1666666671875 0.5599999999999999 0.1833333328125 0.5733333328125 0.21000000000000002 0.5733333328125 0.22999999999999998 0.5688888890625 0.24666666718750002 0.5599999999999999 0.25666666718750003 0.542222221875 0.2633333328125 0.52 0.25666666718750003 0.497777778125 0.25 0.48444444375 0.23333333281250002 0.46666666718750005 0.22000000000000003 0.457777778125 0.2066666671875 0.44888888906249996 0.1966666671875 0.44000000000000006 0.1866666671875 0.43555555625000003 0.18 0.44000000000000006 0.1666666671875 0.44444444375 0.1533333328125 0.462222221875 0.1433333328125 0.4933333328125 0.14666666718750002 0.5288888890625 0.1533333328125 0.542222221875
3 0.10333333281249998 0.6533333328125 0.11333333281249999 0.6888888890625 0.1166666671875 0.7111111109375 0.13333333281249998 0.7288888890624999 0.1433333328125 0.7511111109375 0.16 0.7511111109375 0.1833333328125 0.742222221875 0.1966666671875 0.7288888890624999 0.2133333328125 0.7111111109375 0.22999999999999998 0.6888888890625 0.24333333281249997 0.6711111109375001 0.24666666718750002 0.6533333328125 0.2366666671875 0.6266666671875 0.2233333328125 0.6 0.21000000000000002 0.5733333328125 0.1966666671875 0.5733333328125 0.1866666671875 0.5733333328125 0.1766666671875 0.5688888890625 0.1666666671875 0.5599999999999999 0.1533333328125 0.5466666671875 0.13333333281249998 0.5555555562500001 0.1166666671875 0.5688888890625 0.1066666671875 0.6133333328125 0.10333333281249998 0.6533333328125
0 0.24666666718750002 0.44888888906249996 0.25666666718750003 0.44444444375 0.2633333328125 0.43555555625000003 0.2633333328125 0.4266666671875 0.26 0.42222222187499997 0.25666666718750003 0.40888888906250004 0.2533333328125 0.40888888906250004 0.24333333281249997 0.4266666671875 0.24333333281249997 0.44000000000000006 0.24666666718750002 0.44888888906249996
3 0.7466666671875 0.7333333328125 0.7633333328125 0.7688888890625 0.7766666671875 0.7911111109375 0.7933333328125001 0.8 0.82 0.7866666671875 0.8400000000000001 0.7733333328125 0.8633333328124999 0.75555555625 0.8733333328124999 0.7466666671875 0.8699999999999999 0.7066666671874999 0.8666666671875 0.657777778125 0.8633333328124999 0.617777778125 0.8566666671875 0.59555555625 0.8333333328125001 0.5911111109375 0.8099999999999999 0.59555555625 0.7966666671875 0.6 0.7833333328125 0.6 0.7566666671875 0.6266666671875 0.7366666671875 0.662222221875 0.74 0.6933333328125 0.7466666671875 0.7333333328125
3 0.7333333328125 0.5555555562500001 0.75 0.5822222218750001 0.7733333328125 0.59555555625 0.8 0.59555555625 0.8266666671875 0.5866666671874999 0.8466666671875 0.5822222218750001 0.8533333328125 0.5599999999999999 0.8533333328125 0.52444444375 0.85 0.4888888890625 0.8433333328125 0.4711111109375 0.82 0.462222221875 0.8033333328125 0.46666666718750005 0.7866666671875 0.48444444375 0.76 0.497777778125 0.74 0.52444444375 0.7333333328125 0.5555555562500001
3 0.6900000000000001 0.44888888906249996 0.6933333328125 0.4711111109375 0.7166666671875 0.48444444375 0.7433333328125 0.48444444375 0.7666666671875 0.4888888890625 0.7833333328125 0.48444444375 0.7966666671875 0.4711111109375 0.8133333328125 0.44888888906249996 0.82 0.40444444375 0.8133333328125 0.377777778125 0.8 0.36444444374999996 0.7866666671875 0.35555555625 0.7733333328125 0.35555555625 0.7533333328125 0.36444444374999996 0.73 0.377777778125 0.7066666671874999 0.3911111109375 0.6900000000000001 0.41333333281250006 0.6900000000000001 0.44888888906249996
3 0.52 0.16 0.5466666671875 0.19555555625 0.5666666671875 0.2133333328125 0.58 0.21777777812500002 0.5900000000000001 0.20444444375 0.6066666671875 0.177777778125 0.61 0.15111111093750001 0.62 0.12 0.6233333328125 0.102222221875 0.62 0.07555555625 0.6133333328125 0.062222221875 0.5966666671875 0.057777778125 0.5666666671875 0.062222221875 0.5466666671875 0.062222221875 0.52 0.0711111109375 0.5133333328125 0.07555555625 0.5066666671875 0.08444444375 0.5033333328125 0.097777778125 0.51 0.11555555625 0.5066666671875 0.1288888890625 0.52 0.16
3 0.6466666671875 0.257777778125 0.6666666671875 0.2488888890625 0.6866666671874999 0.23555555625000002 0.7066666671874999 0.21777777812500002 0.7133333328125 0.1866666671875 0.7 0.15111111093750001 0.6866666671874999 0.13333333281249998 0.6666666671875 0.12 0.65 0.1111111109375 0.6366666671875 0.1111111109375 0.6233333328125 0.11555555625 0.6166666671875001 0.1288888890625 0.61 0.16 0.61 0.19555555625 0.61 0.2311111109375 0.6266666671875 0.257777778125 0.6466666671875 0.257777778125
3 0.43 0.20444444375 0.45999999999999996 0.2133333328125 0.4733333328125 0.2 0.4966666671875 0.16 0.5033333328125 0.137777778125 0.51 0.11555555625 0.5 0.0933333328125 0.49000000000000005 0.08444444375 0.4733333328125 0.07555555625 0.4566666671875 0.0711111109375 0.43666666718749997 0.0666666671875 0.42000000000000004 0.062222221875 0.4066666671875 0.062222221875 0.4 0.057777778125 0.39 0.0711111109375 0.3866666671875 0.08 0.38333333281250004 0.1066666671875 0.3966666671875 0.1288888890625 0.41 0.177777778125 0.43 0.20444444375
3 0.32 0.12444444375 0.3 0.142222221875 0.29333333281249996 0.15555555625 0.29 0.177777778125 0.29333333281249996 0.19555555625 0.30333333281249997 0.20888888906249997 0.32 0.2266666671875 0.3466666671875 0.24444444375000002 0.3633333328125 0.2488888890625 0.38333333281250004 0.24 0.3966666671875 0.222222221875 0.3966666671875 0.19555555625 0.4033333328125 0.1688888890625 0.4 0.137777778125 0.39 0.12 0.38 0.1066666671875 0.37 0.097777778125 0.3466666671875 0.1111111109375 0.32 0.12444444375
3 0.2366666671875 0.29333333281249996 0.24 0.31555555625 0.25 0.3333333328125 0.2633333328125 0.35111111093749997 0.27999999999999997 0.35111111093749997 0.3066666671875 0.342222221875 0.3266666671875 0.3288888890625 0.3366666671875 0.32 0.3433333328125 0.30222222187500003 0.3433333328125 0.2666666671875 0.32999999999999996 0.23555555625000002 0.3133333328125 0.2133333328125 0.3 0.20444444375 0.2866666671875 0.19555555625 0.2766666671875 0.19555555625 0.27 0.19555555625 0.25666666718750003 0.20444444375 0.24 0.2266666671875 0.23333333281250002 0.2488888890625 0.23333333281250002 0.2711111109375 0.2366666671875 0.29333333281249996
3 0.2 0.35111111093749997 0.1933333328125 0.377777778125 0.1933333328125 0.4 0.1966666671875 0.4266666671875 0.2033333328125 0.44444444375 0.2166666671875 0.457777778125 0.2266666671875 0.462222221875 0.24 0.457777778125 0.25666666718750003 0.4711111109375 0.27999999999999997 0.47555555624999996 0.29 0.4711111109375 0.30333333281249997 0.4533333328125 0.3066666671875 0.44444444375 0.31 0.4311111109375 0.3133333328125 0.41777777812499994 0.31 0.40444444375 0.30333333281249997 0.3911111109375 0.2966666671875 0.382222221875 0.29 0.3688888890625 0.27999999999999997 0.36 0.2666666671875 0.35555555625 0.24666666718750002 0.337777778125 0.23333333281250002 0.3333333328125 0.2133333328125 0.3333333328125 0.2 0.35111111093749997
0 0.1533333328125 0.67555555625 0.14666666718750002 0.6888888890625 0.15 0.7022222218749999 0.1533333328125 0.71555555625 0.16 0.737777778125 0.16999999999999998 0.737777778125 0.1833333328125 0.7288888890624999 0.1933333328125 0.7111111109375 0.2066666671875 0.7111111109375 0.2133333328125 0.7066666671874999 0.2166666671875 0.6933333328125 0.1966666671875 0.6888888890625 0.18 0.6711111109375001 0.16999999999999998 0.662222221875 0.1533333328125 0.67555555625