3 0.37162162187500003 0.86328125 0.421171171875 0.88671875 0.46846846875 0.90234375 0.5180180187500001 0.9140625 0.5585585578125001 0.8828125 0.6013513515625 0.84765625 0.6216216218749999 0.8125 0.6576576578125 0.734375 0.671171171875 0.67578125 0.66891891875 0.609375 0.6599099093749999 0.53125 0.646396396875 0.46875 0.6216216218749999 0.39453125 0.5878378375 0.37109375 0.5450450453125 0.359375 0.5090090093749999 0.34765625 0.47747747812499997 0.328125 0.44369369374999995 0.30859375 0.4166666671875 0.296875 0.396396396875 0.30078125 0.3626126125 0.328125 0.353603603125 0.33984375 0.346846846875 0.40234375 0.3445945953125 0.45703125 0.328828828125 0.51171875 0.31081081093749996 0.5390625 0.2927927921875 0.59375 0.29954955 0.6875 0.3130630625 0.76953125 0.340090090625 0.83203125 0.37162162187500003 0.86328125
0 0.4549549546875 0.56640625 0.4572072078125 0.5703125 0.4639639640625 0.57421875 0.46846846875 0.57421875 0.46846846875 0.58203125 0.4729729734375 0.5859375 0.47747747812499997 0.5859375 0.47972972968749994 0.58203125 0.47972972968749994 0.578125 0.47972972968749994 0.5703125 0.47747747812499997 0.56640625 0.4707207203125 0.5625 0.466216215625 0.56640625 0.4617117109375 0.5625 0.4549549546875 0.56640625
1 0.4324324328125 0.49609375 0.4234234234375 0.515625 0.40990990937499994 0.5390625 0.40765765781249996 0.57421875 0.41216216250000004 0.609375 0.41216216250000004 0.65234375 0.40540540468749997 0.69921875 0.3986486484375 0.72265625 0.385135134375 0.74609375 0.37837837812499997 0.76953125 0.3761261265625 0.78515625 0.385135134375 0.80859375 0.40765765781249996 0.828125 0.4301801796875 0.83984375 0.459459459375 0.84375 0.4729729734375 0.84765625 0.49549549531250003 0.84765625 0.5 0.80859375 0.5022522515625 0.765625 0.515765765625 0.72265625 0.522522521875 0.6953125 0.533783784375 0.6640625 0.5518018015624999 0.640625 0.55630630625 0.60546875 0.55630630625 0.57421875 0.55630630625 0.546875 0.5382882890625 0.5390625 0.5270270265625 0.52734375 0.5270270265625 0.50390625 0.5270270265625 0.45703125 0.522522521875 0.4453125 0.5135135140625 0.4296875 0.5045045046875 0.41796875 0.48873873906250004 0.4140625 0.475225225 0.4296875 0.459459459375 0.44140625 0.44369369374999995 0.4609375 0.4324324328125 0.49609375
0 0.4617117109375 0.5234375 0.4639639640625 0.52734375 0.46846846875 0.5390625 0.4707207203125 0.5390625 0.475225225 0.5390625 0.47747747812499997 0.53515625 0.48198198124999997 0.53515625 0.48648648593750005 0.53125 0.48648648593750005 0.52734375 0.484234234375 0.51953125 0.48198198124999997 0.515625 0.47972972968749994 0.515625 0.4707207203125 0.515625 0.466216215625 0.51171875 0.4639639640625 0.5078125 0.466216215625 0.5 0.466216215625 0.49609375 0.4617117109375 0.4921875 0.4549549546875 0.50390625 0.45045045000000006 0.51171875 0.45045045000000006 0.5234375 0.4617117109375 0.5234375
0 0.574324325 0.578125 0.58108108125 0.578125 0.5833333328125 0.57421875 0.5833333328125 0.5703125 0.578828828125 0.56640625 0.574324325 0.56640625 0.5675675671875 0.5703125 0.565315315625 0.57421875 0.574324325 0.578125
3 0.6554054046875 0.99609375 0.8828828828124999 0.99609375 0.8828828828124999 0.98828125 0.909909909375 0.90625 0.9144144140625 0.859375 0.9301801796875001 0.8125 0.9346846843750001 0.75390625 0.9369369375 0.65625 0.927927928125 0.62890625 0.903153153125 0.61328125 0.871621621875 0.58984375 0.83108108125 0.57421875 0.7860360359375 0.546875 0.7432432437500001 0.53125 0.7229729734375 0.53515625 0.7139639640625 0.54296875 0.6891891890624999 0.5703125 0.677927928125 0.58984375 0.66891891875 0.62109375 0.671171171875 0.6640625 0.6599099093749999 0.7265625 0.6396396390625 0.76953125 0.6193693687499999 0.80859375 0.6216216218749999 0.828125 0.6418918921875 0.94921875 0.6554054046875 0.99609375
0 0.5360360359375 0.4609375 0.5382882890625 0.45703125 0.533783784375 0.453125 0.53153153125 0.46484375 0.53153153125 0.46875 0.533783784375 0.46875 0.5360360359375 0.4609375
3 0.20045045 0.65234375 0.23873873906249998 0.640625 0.2635135140625 0.6171875 0.297297296875 0.578125 0.3130630625 0.53515625 0.33108108125 0.50390625 0.3445945953125 0.453125 0.34909909843750003 0.36328125 0.3423423421875 0.32421875 0.328828828125 0.2578125 0.29954955 0.2109375 0.25 0.1796875 0.22297297343750003 0.171875 0.18468468437500002 0.16796875 0.1666666671875 0.171875 0.16216216249999998 0.21875 0.1418918921875 0.28125 0.128378378125 0.32421875 0.10810810781249999 0.34375 0.096846846875 0.359375 0.10360360312500001 0.48046875 0.121621621875 0.57421875 0.1554054046875 0.625 0.20045045 0.65234375
3 0 0 0 0.3515625 0 0.3671875 0.0630630625 0.359375 0.0855855859375 0.3515625 0.11036036093749998 0.33984375 0.13063063125000002 0.3203125 0.16216216249999998 0.21875 0.1666666671875 0.140625 0.159909909375 0.10546875 0.14414414375 0.05859375 0.13063063125000002 0.03125 0.114864865625 0.01171875 0.0990990984375 0 0 0
0 0.8175675671875 0.859375 0.8175675671875 0.84765625 0.8175675671875 0.83984375 0.8153153156249999 0.83203125 0.8130630625 0.83203125 0.8130630625 0.83984375 0.8130630625 0.8515625 0.8108108109375 0.859375 0.8130630625 0.8671875 0.8175675671875 0.859375
0 0.871621621875 0.84375 0.8738738734375 0.83984375 0.871621621875 0.8359375 0.8693693687499999 0.828125 0.864864865625 0.83203125 0.864864865625 0.83984375 0.8693693687499999 0.84375 0.871621621875 0.84375
0 0.8153153156249999 0.72265625 0.8153153156249999 0.71484375 0.8175675671875 0.70703125 0.8175675671875 0.703125 0.8175675671875 0.69921875 0.8175675671875 0.69140625 0.8153153156249999 0.69140625 0.8130630625 0.69921875 0.8108108109375 0.70703125 0.8130630625 0.71875 0.8153153156249999 0.72265625