0 0.3591331265625 0.905 0.3529411765625 0.905 0.3591331265625 0.9125 0.371517028125 0.9175000000000001 0.377708978125 0.925 0.380804953125 0.9275 0.383900928125 0.9349999999999999 0.3962848296875 0.9400000000000001 0.3900928796875 0.9349999999999999 0.38699690468750003 0.9275 0.3900928796875 0.93 0.3931888546875 0.925 0.380804953125 0.9175000000000001 0.371517028125 0.9125 0.371517028125 0.9075 0.3591331265625 0.905
1 0.46439628437499997 0.43499999999999994 0.4767801859375 0.44000000000000006 0.4798761609375 0.44749999999999995 0.4736842109375 0.45999999999999996 0.46439628437499997 0.47750000000000004 0.452012384375 0.485 0.44891640937500005 0.49749999999999994 0.461300309375 0.52 0.4736842109375 0.53 0.547987615625 0.525 0.5541795671874999 0.5225 0.5696594421875 0.5225 0.58204334375 0.52 0.58823529375 0.515 0.5913312687500001 0.505 0.57585139375 0.4925 0.5665634671875 0.48250000000000004 0.5603715171875 0.475 0.5448916406250001 0.4625 0.5294117640625 0.4525 0.5170278640625 0.44000000000000006 0.5170278640625 0.425 0.5263157890625 0.41 0.5448916406250001 0.39249999999999996 0.5696594421875 0.3775 0.57894736875 0.37 0.5603715171875 0.3725 0.5263157890625 0.375 0.49845201250000004 0.3825 0.4303405578125 0.39249999999999996 0.4334365328125 0.40499999999999997 0.4303405578125 0.42000000000000004 0.4365325078125 0.43499999999999994 0.44582043281250006 0.43499999999999994 0.46439628437499997 0.43499999999999994
0 0.4396284828125 0.28250000000000003 0.4396284828125 0.2925 0.4427244578125 0.2925 0.452012384375 0.28250000000000003 0.46439628437499997 0.26749999999999996 0.4705882359375 0.2575 0.4736842109375 0.25 0.4705882359375 0.2425 0.467492259375 0.2375 0.46439628437499997 0.24 0.45820433437499997 0.24 0.45510835937499994 0.255 0.452012384375 0.265 0.4427244578125 0.275 0.4396284828125 0.28250000000000003
3 0.3900928796875 0.15 0.3962848296875 0.1625 0.4272445828125 0.17250000000000001 0.44891640937500005 0.195 0.4736842109375 0.2 0.5139318890625 0.20249999999999999 0.541795665625 0.2125 0.5665634671875 0.20750000000000002 0.58204334375 0.1825 0.5944272453125 0.1375 0.5913312687500001 0.1 0.57894736875 0.0725 0.5603715171875 0.0475 0.5294117640625 0.03 0.5046439625 0.0225 0.46439628437499997 0.0375 0.41486068125 0.0725 0.38699690468750003 0.11750000000000001 0.3900928796875 0.15
3 0.40247677968750006 0.41 0.377708978125 0.43499999999999994 0.371517028125 0.4725 0.3900928796875 0.5075000000000001 0.41795665625 0.5225 0.452012384375 0.5325 0.49845201250000004 0.5275000000000001 0.5727554171875 0.525 0.5913312687500001 0.525 0.6130030953125 0.5125 0.631578946875 0.48 0.6439628484375 0.45 0.6439628484375 0.4325 0.631578946875 0.4125 0.619195046875 0.395 0.6037151703125 0.3825 0.5913312687500001 0.375 0.57894736875 0.37 0.5603715171875 0.3725 0.5263157890625 0.375 0.5015479875 0.38 0.467492259375 0.385 0.4303405578125 0.39249999999999996 0.40247677968750006 0.41
3 0.334365325 0.6375 0.33126935 0.6675 0.33126935 0.7 0.34365325 0.7325 0.371517028125 0.755 0.4055727546875 0.77 0.4427244578125 0.7725 0.4798761609375 0.775 0.5046439625 0.77 0.5665634671875 0.7575000000000001 0.6006191953125 0.7474999999999999 0.628482971875 0.7224999999999999 0.6377708984375 0.7 0.6501547984375 0.6625 0.671826625 0.64 0.6780185765625 0.6174999999999999 0.671826625 0.58 0.665634675 0.5599999999999999 0.6408668734375 0.5425 0.6130030953125 0.53 0.5944272453125 0.525 0.551083590625 0.525 0.45510835937499994 0.5325 0.4272445828125 0.5275000000000001 0.3900928796875 0.54 0.3591331265625 0.5625 0.340557275 0.5875 0.334365325 0.6375
3 0.328173375 0.915 0.340557275 0.945 0.36532507812500004 0.9675 0.40866873125 0.975 0.461300309375 0.975 0.5046439625 0.9724999999999999 0.5665634671875 0.97 0.5975232203124999 0.9550000000000001 0.628482971875 0.9324999999999999 0.6377708984375 0.9099999999999999 0.6439628484375 0.885 0.665634675 0.865 0.671826625 0.8275 0.66873065 0.8125 0.659442725 0.79 0.6439628484375 0.775 0.622291021875 0.7575000000000001 0.5975232203124999 0.7525000000000001 0.5727554171875 0.7575000000000001 0.4767801859375 0.775 0.3900928796875 0.77 0.34365325 0.795 0.3157894734375 0.8275 0.3157894734375 0.875 0.328173375 0.915
1 0.541795665625 0.5425 0.5448916406250001 0.5375 0.547987615625 0.5275000000000001 0.5448916406250001 0.5275000000000001 0.5201238390625 0.5275000000000001 0.48916408593750005 0.53 0.48916408593750005 0.5325 0.49845201250000004 0.5425 0.5170278640625 0.5475 0.5294117640625 0.5475 0.541795665625 0.5425
0 0.377708978125 0.65 0.380804953125 0.65 0.38699690468750003 0.65 0.383900928125 0.645 0.371517028125 0.6475 0.368421053125 0.6475 0.36532507812500004 0.6475 0.3611971109375 0.6458333328125 0.3622291015625 0.6475 0.36532507812500004 0.65 0.36532507812500004 0.6525000000000001 0.371517028125 0.655 0.374613003125 0.6525000000000001 0.377708978125 0.65
0 0.44582043281250006 0.6950000000000001 0.44582043281250006 0.6900000000000001 0.44891640937500005 0.6875 0.452012384375 0.6849999999999999 0.452012384375 0.6825 0.44891640937500005 0.6825 0.4427244578125 0.6825 0.4427244578125 0.6875 0.4396284828125 0.6950000000000001 0.44582043281250006 0.6975 0.44582043281250006 0.6950000000000001
0 0.46439628437499997 0.6825 0.46439628437499997 0.6849999999999999 0.4736842109375 0.6875 0.4767801859375 0.6900000000000001 0.4829721359375 0.6925 0.4860681109375 0.6925 0.49226006250000004 0.6900000000000001 0.4829721359375 0.6849999999999999 0.4767801859375 0.6825 0.4705882359375 0.6825 0.46439628437499997 0.6825
0 0.5201238390625 0.8775000000000001 0.5294117640625 0.8775000000000001 0.5232198140625 0.875 0.5139318890625 0.8699999999999999 0.5139318890625 0.865 0.5108359140625 0.8724999999999999 0.5139318890625 0.875 0.5201238390625 0.8775000000000001
0 0.4767801859375 0.9349999999999999 0.4767801859375 0.9375 0.4860681109375 0.9375 0.4953560375 0.9375 0.49845201250000004 0.9400000000000001 0.49845201250000004 0.9375 0.4953560375 0.9324999999999999 0.4829721359375 0.9324999999999999 0.4767801859375 0.9324999999999999 0.4767801859375 0.9349999999999999
0 0.452012384375 0.95 0.4396284828125 0.9475 0.4396284828125 0.9525 0.452012384375 0.9574999999999999 0.46439628437499997 0.96 0.4705882359375 0.9574999999999999 0.4767801859375 0.9550000000000001 0.49226006250000004 0.9550000000000001 0.5015479875 0.9525 0.5108359140625 0.9525 0.5170278640625 0.945 0.4953560375 0.9475 0.4798761609375 0.9475 0.467492259375 0.9475 0.452012384375 0.95
0 0.58513931875 0.8925000000000001 0.58513931875 0.8975 0.58823529375 0.9 0.5975232203124999 0.9 0.6068111453125 0.9025000000000001 0.616099071875 0.9025000000000001 0.616099071875 0.9 0.6068111453125 0.9 0.6006191953125 0.8975 0.5913312687500001 0.8949999999999999 0.58513931875 0.8925000000000001
0 0.4953560375 0.3525 0.49226006250000004 0.3375 0.4829721359375 0.325 0.4767801859375 0.32 0.461300309375 0.3175 0.45820433437499997 0.315 0.44582043281250006 0.3125 0.45510835937499994 0.33999999999999997 0.4736842109375 0.3525 0.48916408593750005 0.36 0.4953560375 0.3525
3 0.3157894734375 0.2725 0.3188854484375 0.305 0.340557275 0.3325 0.383900928125 0.365 0.4303405578125 0.3775 0.4860681109375 0.3825 0.547987615625 0.36 0.58513931875 0.3375 0.5975232203124999 0.3125 0.5944272453125 0.29 0.57894736875 0.2575 0.5541795671874999 0.22749999999999998 0.5170278640625 0.20750000000000002 0.4767801859375 0.20249999999999999 0.4334365328125 0.20750000000000002 0.374613003125 0.225 0.3374613 0.2425 0.3157894734375 0.2725