3 0.3203125 0.5763888890625 0.3203125 0.605902778125 0.3411458328125 0.6388888890625 0.3645833328125 0.6805555562500001 0.3893229171875 0.7048611109375 0.41796875 0.7083333328125 0.4466145828125 0.6927083328125 0.47265625 0.6631944437499999 0.4908854171875 0.6336805562500001 0.5091145828125 0.6024305562500001 0.5143229171875 0.578125 0.4908854171875 0.4583333328125 0.4895833328125 0.4392361109375 0.484375 0.4201388890625 0.4713541671875 0.390625 0.4596354171875 0.3732638890625 0.4388020828125 0.3541666671875 0.4166666671875 0.3454861109375 0.3958333328125 0.35069444375000003 0.375 0.359375 0.3541666671875 0.38194444375000003 0.3333333328125 0.40625 0.3203125 0.43402777812500004 0.31640625 0.4895833328125 0.3177083328125 0.5173611109375 0.3203125 0.5763888890625
0 0.09505208281250001 0.5 0.09505208281250001 0.5052083328125 0.09765625 0.5086805562500001 0.1028645828125 0.5086805562500001 0.1080729171875 0.5086805562500001 0.1106770828125 0.5104166671875 0.1119791671875 0.503472221875 0.1119791671875 0.5017361109375 0.1171875 0.5 0.1171875 0.4947916671875 0.1119791671875 0.4947916671875 0.1041666671875 0.4982638890625 0.09895833281250001 0.5 0.09505208281250001 0.5
0 0.9010416671874999 0.3958333328125 0.9036458328125001 0.39756944375000003 0.90625 0.3958333328125 0.9075520828125001 0.3923611109375 0.9075520828125001 0.390625 0.90625 0.3888888890625 0.9049479171874999 0.3888888890625 0.9049479171874999 0.3923611109375 0.9036458328125001 0.3923611109375 0.90234375 0.39409722187499996 0.9010416671874999 0.3958333328125
3 0.8736979171874999 0.3576388890625 0.8815104171874999 0.3923611109375 0.9088541671874999 0.42881944375 0.9153645828125001 0.44618055625 0.9192708328125001 0.46006944375 0.9557291671874999 0.4826388890625 0.9778645828125001 0.4861111109375 0.9908854171874999 0.4791666671875 0.9986979171874999 0.4635416671875 0.9986979171874999 0.25868055624999997 0.98046875 0.25347222187499996 0.9466145828125001 0.25 0.9205729171874999 0.2552083328125 0.8984375 0.26215277812500004 0.8723958328125001 0.2708333328125 0.86328125 0.28472222187499996 0.8671875 0.32465277812500004 0.8736979171874999 0.3576388890625
0 0.1393229171875 0.39930555624999997 0.1419270828125 0.39409722187499996 0.14453125 0.390625 0.1458333328125 0.38368055624999997 0.1471354171875 0.3802083328125 0.1458333328125 0.3767361109375 0.14453125 0.3767361109375 0.1432291671875 0.37847222187499996 0.1419270828125 0.38368055624999997 0.140625 0.390625 0.1380208328125 0.39756944375000003 0.1393229171875 0.39930555624999997
0 0.1783854171875 0.621527778125 0.1796875 0.6232638890625 0.1848958328125 0.6197916671875 0.1848958328125 0.612847221875 0.1861979171875 0.605902778125 0.1861979171875 0.5989583328125 0.1875 0.590277778125 0.1875 0.5868055562500001 0.1848958328125 0.5868055562500001 0.1822916671875 0.590277778125 0.1809895828125 0.6024305562500001 0.1809895828125 0.6111111109375 0.1796875 0.6180555562500001 0.1783854171875 0.621527778125
1 0.4283854171875 0.503472221875 0.4296875 0.5295138890625 0.4388020828125 0.5625 0.4505208328125 0.5850694437499999 0.4622395828125 0.5954861109375 0.4778645828125 0.59375 0.4934895828125 0.5729166671875 0.5130208328125 0.5763888890625 0.5052083328125 0.527777778125 0.4921875 0.47222222187499996 0.4856770828125 0.4375 0.4752604171875 0.42534722187499996 0.4557291671875 0.44618055625 0.4388020828125 0.4739583328125 0.4283854171875 0.503472221875
3 0.7122395828125 0.5104166671875 0.7161458328125 0.550347221875 0.7291666671875 0.5763888890625 0.7643229171875 0.6024305562500001 0.7955729171875 0.6076388890625 0.83203125 0.6006944437499999 0.8658854171874999 0.590277778125 0.890625 0.5572916671875 0.9088541671874999 0.527777778125 0.9153645828125001 0.5 0.9205729171874999 0.4670138890625 0.9114583328125001 0.43055555625 0.8854166671874999 0.39756944375000003 0.8658854171874999 0.37847222187499996 0.8424479171874999 0.3611111109375 0.8203125 0.34722222187499996 0.7981770828125 0.33680555624999997 0.7747395828125 0.33159722187499996 0.7565104171875 0.328125 0.7421875 0.3298611109375 0.7213541671875 0.34375 0.7174479171875 0.36284722187499996 0.7109375 0.39930555624999997 0.69921875 0.4479166671875 0.7005208328125 0.46180555625 0.7122395828125 0.5104166671875
3 0.5260416671875 0.5642361109375 0.51953125 0.5833333328125 0.5364583328125 0.6267361109375 0.5833333328125 0.6701388890625 0.6328125 0.668402778125 0.6783854171875 0.637152778125 0.6940104171875 0.6024305562500001 0.7109375 0.5798611109375 0.7161458328125 0.5572916671875 0.7135416671875 0.519097221875 0.7044270828125 0.47569444375 0.6966145828125 0.4548611109375 0.69140625 0.42534722187499996 0.6796875 0.38715277812500004 0.6627604171875 0.35243055624999997 0.6419270828125 0.3333333328125 0.6184895828125 0.32465277812500004 0.6028645828125 0.3229166671875 0.5794270828125 0.33159722187499996 0.5559895828125 0.3489583328125 0.5377604171875 0.37847222187499996 0.5182291671875 0.4114583328125 0.5169270828125 0.44965277812500004 0.5247395828125 0.5069444437499999 0.5260416671875 0.5642361109375
1 0.5455729171875 0.5850694437499999 0.5755208328125 0.5868055562500001 0.6002604171875 0.5711805562500001 0.62109375 0.543402778125 0.6223958328125 0.5243055562500001 0.6302083328125 0.5052083328125 0.6106770828125 0.46875 0.6002604171875 0.44444444375 0.58984375 0.43055555625 0.57421875 0.4236111109375 0.5572916671875 0.4079861109375 0.5403645828125 0.40625 0.5299479171875 0.40972222187499996 0.5221354171875 0.41493055625 0.5182291671875 0.43402777812500004 0.5234375 0.4739583328125 0.5247395828125 0.5381944437499999 0.5221354171875 0.5798611109375 0.5455729171875 0.5850694437499999
3 0.0494791671875 0.6180555562500001 0.07421875 0.6614583328125 0.1028645828125 0.690972221875 0.13671875 0.7100694437499999 0.1627604171875 0.715277778125 0.19921875 0.722222221875 0.24479166718749998 0.7118055562500001 0.2799479171875 0.6857638890625 0.3046875 0.6545138890625 0.3138020828125 0.6197916671875 0.3177083328125 0.5920138890625 0.3203125 0.5555555562500001 0.3190104171875 0.519097221875 0.3111979171875 0.49131944375 0.2994791671875 0.46006944375 0.2916666671875 0.43055555625 0.2799479171875 0.3958333328125 0.2591145828125 0.36284722187499996 0.23697916718749998 0.3385416671875 0.21744791718749998 0.32465277812500004 0.19140625 0.31944444375000003 0.1627604171875 0.33159722187499996 0.1328125 0.3385416671875 0.1028645828125 0.34375 0.078125 0.35590277812500004 0.05598958281250001 0.37847222187499996 0.04296875 0.4010416671875 0.03125 0.4322916671875 0.0260416671875 0.47222222187499996 0.0299479171875 0.5329861109375 0.03515625 0.578125 0.0494791671875 0.6180555562500001