1 0.197777778125 0.49000000000000005 0.22000000000000003 0.48333333281249996 0.2266666671875 0.46333333281250005 0.22000000000000003 0.43333333281249997 0.21555555625 0.4033333328125 0.20888888906249997 0.37666666718749997 0.2 0.37333333281250003 0.18222222187499998 0.37 0.16444444375 0.4 0.1688888890625 0.43 0.18 0.46333333281250005 0.197777778125 0.49000000000000005
1 0.06444444375 0.5766666671875 0.077777778125 0.62 0.1 0.6366666671875 0.1311111109375 0.6333333328124999 0.137777778125 0.6066666671875 0.142222221875 0.5566666671875 0.14444444375 0.52 0.137777778125 0.48666666718749996 0.1266666671875 0.46333333281250005 0.1111111109375 0.45 0.1066666671875 0.43333333281249997 0.097777778125 0.4233333328125 0.08 0.41333333281250006 0.06444444375 0.44333333281250004 0.0688888890625 0.48 0.0688888890625 0.5166666671875 0.06444444375 0.5766666671875
3 0.75555555625 0.5966666671875 0.76 0.6533333328125 0.7866666671875 0.7166666671875 0.8266666671875 0.7566666671875 0.8711111109375 0.76 0.917777778125 0.7433333328125 0.9577777781249999 0.7133333328125 0.9977777781249999 0.6833333328125 0.9977777781249999 0.26 0.9733333328124999 0.24333333281249997 0.9466666671875 0.22000000000000003 0.9199999999999999 0.1966666671875 0.8888888890625 0.19 0.8577777781249999 0.1966666671875 0.8333333328125001 0.22000000000000003 0.82 0.24 0.8177777781250001 0.2666666671875 0.8066666671875 0.2766666671875 0.7888888890625 0.29 0.777777778125 0.3166666671875 0.7711111109375001 0.3533333328125 0.76444444375 0.4933333328125 0.75555555625 0.5966666671875
1 0.7666666671875 0.5933333328125 0.7733333328125 0.5866666671874999 0.7933333328125001 0.5900000000000001 0.8177777781250001 0.5900000000000001 0.8333333328125001 0.5700000000000001 0.8488888890625 0.55 0.8666666671875 0.5733333328125 0.8888888890625 0.5900000000000001 0.9066666671875 0.5900000000000001 0.9133333328125 0.5666666671875 0.9133333328125 0.5433333328125001 0.89555555625 0.5133333328125 0.8688888890625 0.47000000000000003 0.8466666671875 0.44000000000000006 0.8333333328125001 0.42000000000000004 0.8288888890624999 0.4033333328125 0.82 0.38 0.8133333328125 0.38 0.8066666671875 0.37333333281250003 0.7911111109375 0.3566666671875 0.78 0.35 0.7733333328125 0.3633333328125 0.7688888890625 0.4766666671875 0.76444444375 0.5533333328125 0.76 0.5900000000000001 0.7666666671875 0.5933333328125
1 0.662222221875 0.74 0.682222221875 0.7466666671875 0.7022222218749999 0.7366666671875 0.7133333328125 0.7233333328125 0.717777778125 0.6966666671875 0.72 0.6799999999999999 0.7133333328125 0.67 0.7088888890625 0.6533333328125 0.68444444375 0.6799999999999999 0.662222221875 0.7066666671874999 0.6533333328125 0.7266666671875 0.662222221875 0.74
1 0.262222221875 0.5166666671875 0.282222221875 0.53 0.30222222187500003 0.5333333328125 0.31555555625 0.5133333328125 0.3266666671875 0.4933333328125 0.3333333328125 0.4733333328125 0.3266666671875 0.4533333328125 0.3111111109375 0.4533333328125 0.2866666671875 0.4733333328125 0.2666666671875 0.48333333281249996 0.25555555625 0.5033333328125 0.262222221875 0.5166666671875
1 0.5711111109375 0.3933333328125 0.5711111109375 0.41333333281250006 0.577777778125 0.42000000000000004 0.5866666671874999 0.4166666671875 0.5933333328125 0.4066666671875 0.5911111109375 0.3966666671875 0.5866666671874999 0.38 0.58444444375 0.37 0.5822222218750001 0.3533333328125 0.5822222218750001 0.3433333328125 0.577777778125 0.3366666671875 0.5688888890625 0.3333333328125 0.5599999999999999 0.3466666671875 0.562222221875 0.3633333328125 0.5688888890625 0.37 0.5711111109375 0.3933333328125
1 0.97555555625 0.43 0.9577777781249999 0.4533333328125 0.9488888890625 0.4933333328125 0.9533333328125 0.53 0.96 0.5700000000000001 0.97555555625 0.6 0.9911111109374999 0.5866666671874999 0.9977777781249999 0.58 0.9977777781249999 0.41 0.97555555625 0.43
1 0.44888888906249996 0.48666666718749996 0.45999999999999996 0.5233333328125 0.4733333328125 0.5599999999999999 0.48 0.5933333328125 0.497777778125 0.6633333328125001 0.5177777781249999 0.7266666671875 0.5288888890625 0.74 0.5466666671875 0.7333333328125 0.5533333328125 0.72 0.5488888890625 0.7 0.5288888890625 0.6599999999999999 0.5177777781249999 0.61 0.5088888890625001 0.5766666671875 0.5 0.5266666671875 0.4888888890625 0.49000000000000005 0.4688888890625 0.47000000000000003 0.46444444375 0.4266666671875 0.43333333281249997 0.3933333328125 0.42888888906249995 0.44333333281250004 0.43777777812499996 0.46333333281250005 0.44888888906249996 0.48666666718749996
3 0.0266666671875 0.5366666671875 0.0111111109375 0.5866666671874999 0.013333332812500001 0.67 0.037777778125 0.7333333328125 0.0733333328125 0.7866666671875 0.11777777812500001 0.8133333328125 0.17555555625000002 0.8333333328125001 0.2288888890625 0.8400000000000001 0.2866666671875 0.8266666671875 0.33555555625 0.7766666671875 0.36666666718749996 0.6866666671874999 0.36666666718749996 0.6266666671875 0.382222221875 0.5466666671875 0.38 0.4933333328125 0.3866666671875 0.41 0.3866666671875 0.3633333328125 0.382222221875 0.3333333328125 0.3711111109375 0.30333333281249997 0.357777778125 0.2733333328125 0.32444444375 0.24666666718750002 0.2888888890625 0.2233333328125 0.24666666718750002 0.2133333328125 0.197777778125 0.2233333328125 0.1488888890625 0.24333333281249997 0.11333333281249999 0.25666666718750003 0.0688888890625 0.2833333328125 0.035555556249999995 0.3366666671875 0.0333333328125 0.38 0.0266666671875 0.45 0.02444444375 0.4966666671875 0.0266666671875 0.5366666671875
3 0.37333333281250003 0.6433333328125 0.39555555625 0.7033333328125 0.43555555625000003 0.7466666671875 0.482222221875 0.77 0.5333333328125 0.7733333328125 0.562222221875 0.7733333328125 0.62 0.7833333328125 0.682222221875 0.7633333328125 0.7066666671874999 0.74 0.7244444437500001 0.71 0.7333333328125 0.6666666671875 0.74444444375 0.6266666671875 0.76 0.5366666671875 0.7666666671875 0.43333333281249997 0.7688888890625 0.36 0.76444444375 0.32 0.7488888890625 0.2733333328125 0.737777778125 0.24 0.7133333328125 0.21000000000000002 0.68444444375 0.16999999999999998 0.6511111109375001 0.14666666718750002 0.602222221875 0.1433333328125 0.5511111109375 0.1566666671875 0.5111111109375 0.1766666671875 0.4688888890625 0.2066666671875 0.442222221875 0.22999999999999998 0.40888888906250004 0.27 0.3888888890625 0.3166666671875 0.3866666671875 0.41333333281250006 0.382222221875 0.51 0.37555555625000003 0.5900000000000001 0.37333333281250003 0.6433333328125