3 0.6733333328125 0.5780346828125 0.6733333328125 0.6300578031249999 0.6866666671874999 0.687861271875 0.72 0.7283237 0.78 0.7225433531250001 0.8166666671874999 0.664739884375 0.8466666671875 0.606936415625 0.86 0.5375722546875 0.8699999999999999 0.4566473984375 0.8766666671875001 0.39884393125 0.86 0.3410404625 0.8366666671875 0.300578034375 0.8166666671874999 0.2716763 0.8 0.265895953125 0.7666666671875 0.2716763 0.7333333328125 0.28323699375 0.7066666671874999 0.300578034375 0.6866666671874999 0.317919075 0.6766666671875 0.35260115625 0.6766666671875 0.41040462499999997 0.6733333328125 0.49710982656249997 0.6733333328125 0.5780346828125
3 0 0.5317919078125 0.01 0.583815028125 0.0333333328125 0.63583815 0.0633333328125 0.64739884375 0.0933333328125 0.63583815 0.1166666671875 0.606936415625 0.1433333328125 0.5780346828125 0.14666666718750002 0.5606936421875 0.13999999999999999 0.5144508671875 0.14666666718750002 0.46820809218750004 0.1533333328125 0.4335260109375 0.1633333328125 0.39884393125 0.1666666671875 0.358381503125 0.16999999999999998 0.32947976875 0.18 0.30635838125000003 0.17333333281250002 0.289017340625 0.1533333328125 0.265895953125 0.1366666671875 0.2485549140625 0.12 0.2369942203125 0.09 0.2485549140625 0.0666666671875 0.28323699375 0.0433333328125 0.317919075 0.0366666671875 0.346820809375 0.0333333328125 0.36416185 0.0066666671875 0.36994219687499996 0 0.37572254374999997 0 0.5144508671875 0 0.5317919078125
0 0.5566666671875 0.41040462499999997 0.5633333328125001 0.41040462499999997 0.5633333328125001 0.39884393125 0.5599999999999999 0.38728323750000004 0.5599999999999999 0.37572254374999997 0.5566666671875 0.36994219687499996 0.5533333328125 0.36994219687499996 0.55 0.36994219687499996 0.5433333328125001 0.36994219687499996 0.54 0.39884393125 0.54 0.41040462499999997 0.55 0.41040462499999997 0.5566666671875 0.41040462499999997
0 0.5833333328125 0.4566473984375 0.5833333328125 0.4393063578125 0.5833333328125 0.42774566406250003 0.5766666671875 0.42774566406250003 0.5700000000000001 0.42774566406250003 0.5633333328125001 0.44508670468749995 0.5666666671875 0.4566473984375 0.5766666671875 0.46242774531249997 0.5833333328125 0.4566473984375
0 0.43333333281249997 0.38728323750000004 0.4266666671875 0.39884393125 0.42000000000000004 0.41618497187500003 0.42000000000000004 0.42774566406250003 0.4266666671875 0.4393063578125 0.43333333281249997 0.41618497187500003 0.44333333281250004 0.41618497187500003 0.45 0.41040462499999997 0.4566666671875 0.39884393125 0.46666666718750005 0.393063584375 0.4766666671875 0.393063584375 0.48 0.38728323750000004 0.4766666671875 0.36994219687499996 0.46333333281250005 0.36994219687499996 0.4533333328125 0.36994219687499996 0.44333333281250004 0.381502890625 0.43333333281249997 0.38728323750000004
3 0.38333333281250004 0.4393063578125 0.36 0.5086705203124999 0.3566666671875 0.5317919078125 0.36 0.606936415625 0.37333333281250003 0.664739884375 0.4066666671875 0.710982659375 0.44333333281250004 0.734104046875 0.47000000000000003 0.745664740625 0.51 0.7745664734375 0.5533333328125 0.7745664734375 0.5866666671874999 0.7514450859374999 0.6133333328125 0.699421965625 0.64 0.64739884375 0.6599999999999999 0.595375721875 0.6666666671875 0.5375722546875 0.6733333328125 0.47976878593750005 0.6733333328125 0.42196531718749997 0.6733333328125 0.358381503125 0.6799999999999999 0.335260115625 0.6666666671875 0.312138728125 0.65 0.2947976875 0.63 0.2716763 0.6166666671875001 0.2716763 0.5933333328125 0.2716763 0.5633333328125001 0.277456646875 0.5433333328125001 0.265895953125 0.5133333328125 0.254335259375 0.4966666671875 0.254335259375 0.47000000000000003 0.254335259375 0.44666666718750003 0.277456646875 0.43 0.312138728125 0.4066666671875 0.358381503125 0.38333333281250004 0.4393063578125
0 0.26 0.36994219687499996 0.24333333281249997 0.37572254374999997 0.24333333281249997 0.381502890625 0.25 0.38728323750000004 0.26 0.38728323750000004 0.2666666671875 0.381502890625 0.27 0.381502890625 0.2866666671875 0.37572254374999997 0.29333333281249996 0.381502890625 0.2966666671875 0.38728323750000004 0.30333333281249997 0.393063584375 0.3066666671875 0.39884393125 0.3133333328125 0.393063584375 0.31 0.381502890625 0.3 0.36994219687499996 0.2966666671875 0.358381503125 0.2966666671875 0.346820809375 0.30333333281249997 0.32947976875 0.3066666671875 0.323699421875 0.3066666671875 0.30635838125000003 0.3066666671875 0.300578034375 0.3 0.2947976875 0.2966666671875 0.289017340625 0.29333333281249996 0.300578034375 0.2966666671875 0.300578034375 0.2966666671875 0.312138728125 0.29333333281249996 0.335260115625 0.2866666671875 0.358381503125 0.27 0.36994219687499996 0.26 0.36994219687499996
0 0.2066666671875 0.4393063578125 0.21000000000000002 0.42774566406250003 0.2133333328125 0.42196531718749997 0.2133333328125 0.41618497187500003 0.21000000000000002 0.41040462499999997 0.21000000000000002 0.404624278125 0.2033333328125 0.39884393125 0.2033333328125 0.41618497187500003 0.2033333328125 0.42774566406250003 0.2033333328125 0.44508670468749995 0.2066666671875 0.4393063578125
0 0.1166666671875 0.358381503125 0.1233333328125 0.346820809375 0.1233333328125 0.335260115625 0.1166666671875 0.32947976875 0.11000000000000001 0.317919075 0.10333333281249998 0.317919075 0.10333333281249998 0.346820809375 0.1066666671875 0.37572254374999997 0.11000000000000001 0.37572254374999997 0.1166666671875 0.358381503125
0 0.07666666718750001 0.42196531718749997 0.06999999999999999 0.39884393125 0.06 0.38728323750000004 0.0533333328125 0.37572254374999997 0.0366666671875 0.36994219687499996 0.0366666671875 0.381502890625 0.0433333328125 0.39884393125 0.0566666671875 0.42196531718749997 0.06999999999999999 0.4335260109375 0.07666666718750001 0.42196531718749997
3 0.8666666671875 0.606936415625 0.9 0.687861271875 0.9333333328125001 0.7283237 0.97 0.734104046875 0.9966666671875 0.699421965625 0.9966666671875 0.358381503125 0.9833333328125 0.346820809375 0.9666666671874999 0.346820809375 0.9366666671875 0.36994219687499996 0.9133333328125 0.38728323750000004 0.8966666671875 0.404624278125 0.8766666671875001 0.4335260109375 0.8633333328124999 0.5202312140625 0.8666666671875 0.606936415625
3 0.15 0.4566473984375 0.14666666718750002 0.5144508671875 0.15 0.589595375 0.2066666671875 0.63583815 0.2766666671875 0.64739884375 0.32 0.6300578031249999 0.3533333328125 0.606936415625 0.3566666671875 0.583815028125 0.3566666671875 0.5202312140625 0.37 0.46820809218750004 0.3966666671875 0.393063584375 0.41333333281250006 0.3410404625 0.43333333281249997 0.300578034375 0.43333333281249997 0.277456646875 0.4233333328125 0.2254335265625 0.3966666671875 0.18497109843749998 0.38 0.1676300578125 0.3566666671875 0.1618497109375 0.3333333328125 0.1676300578125 0.3133333328125 0.1791907515625 0.3 0.2023121390625 0.29 0.2138728328125 0.2666666671875 0.2196531796875 0.25 0.2312138734375 0.2266666671875 0.24277456718749998 0.2 0.2716763 0.1866666671875 0.2947976875 0.16999999999999998 0.323699421875 0.1633333328125 0.393063584375 0.15 0.4566473984375
1 0.4033333328125 0.46242774531249997 0.4 0.4913294796875 0.41333333281250006 0.5086705203124999 0.43 0.5086705203124999 0.44333333281250004 0.5260115609375 0.45 0.5433526015625 0.45999999999999996 0.5491329484375 0.47000000000000003 0.5433526015625 0.48 0.49710982656249997 0.49000000000000005 0.4913294796875 0.5033333328125 0.49710982656249997 0.5133333328125 0.5086705203124999 0.54 0.5202312140625 0.5466666671875 0.5317919078125 0.5533333328125 0.5491329484375 0.5666666671875 0.5549132953125 0.58 0.5491329484375 0.6033333328125 0.5780346828125 0.6166666671875001 0.60115606875 0.63 0.6300578031249999 0.6366666671875 0.64739884375 0.6599999999999999 0.595375721875 0.67 0.5260115609375 0.6733333328125 0.4913294796875 0.6733333328125 0.4508670515625 0.67 0.41618497187500003 0.6433333328125 0.42774566406250003 0.6 0.41618497187500003 0.58 0.41618497187500003 0.5766666671875 0.38728323750000004 0.5700000000000001 0.37572254374999997 0.5666666671875 0.35260115625 0.5566666671875 0.32947976875 0.55 0.323699421875 0.5366666671875 0.317919075 0.5233333328125 0.2947976875 0.51 0.28323699375 0.48333333281249996 0.300578034375 0.47000000000000003 0.317919075 0.45 0.35260115625 0.4233333328125 0.38728323750000004 0.42000000000000004 0.41040462499999997 0.41333333281250006 0.4335260109375 0.4033333328125 0.46242774531249997