3 0.6683333328125001 0.6612466125 0.675 0.677506775 0.6883333328125001 0.6964769640624999 0.6983333328125 0.7046070453125 0.71 0.7073170734375 0.7150000000000001 0.6910569109375 0.7116666671874999 0.6666666671875 0.7150000000000001 0.6612466125 0.7266666671875 0.6666666671875 0.74 0.677506775 0.7466666671875 0.68563685625 0.7533333328125 0.6693766937500001 0.7516666671875 0.6558265578125 0.7516666671875 0.64498645 0.7566666671875 0.6395663953125 0.755 0.617886178125 0.7433333328125 0.5962059625 0.7366666671875 0.58807588125 0.7266666671875 0.58807588125 0.72 0.585365853125 0.7133333328125 0.5907859078125 0.7066666671874999 0.5962059625 0.7016666671875 0.6016260156250001 0.6983333328125 0.617886178125 0.6900000000000001 0.6287262874999999 0.6816666671875 0.6314363140625 0.675 0.6395663953125 0.6683333328125001 0.6612466125
1 0.42833333281249997 0.390243903125 0.4266666671875 0.414634146875 0.44166666718750003 0.42005420000000004 0.46333333281250005 0.42005420000000004 0.47000000000000003 0.414634146875 0.4783333328125 0.4092140921875 0.4683333328125 0.39566395625 0.45499999999999996 0.3848238484375 0.43666666718749997 0.37940379375 0.4183333328125 0.37669376718750003 0.4233333328125 0.382113821875 0.4266666671875 0.3848238484375 0.42833333281249997 0.390243903125
3 0.3166666671875 0.6558265578125 0.3066666671875 0.6693766937500001 0.305 0.68563685625 0.3083333328125 0.6964769640624999 0.32166666718750003 0.6964769640624999 0.3333333328125 0.6883468828125 0.3416666671875 0.6802168015625 0.34500000000000003 0.6585365859375 0.3466666671875 0.6422764234375 0.3366666671875 0.6314363140625 0.33166666718750004 0.6314363140625 0.3233333328125 0.6395663953125 0.3166666671875 0.6558265578125
3 0.43 0.585365853125 0.4233333328125 0.585365853125 0.41333333281250006 0.5989159890625 0.41 0.617886178125 0.41 0.6476964765625 0.41 0.6720867203124999 0.41166666718749995 0.6937669375 0.4216666671875 0.7154471546875001 0.42833333281249997 0.73441734375 0.43666666718749997 0.7398373984375 0.4483333328125 0.7262872625 0.4583333328125 0.70189701875 0.46333333281250005 0.6883468828125 0.47000000000000003 0.6802168015625 0.475 0.6666666671875 0.475 0.6395663953125 0.4733333328125 0.6233062328125001 0.4683333328125 0.6043360437499999 0.46333333281250005 0.593495934375 0.4566666671875 0.593495934375 0.445 0.58807588125 0.43 0.585365853125
3 0.27999999999999997 0.414634146875 0.2766666671875 0.4173441734375 0.2733333328125 0.422764228125 0.2766666671875 0.44715447187499996 0.28500000000000003 0.46612466093749994 0.29500000000000004 0.4688346890625 0.3066666671875 0.46612466093749994 0.3116666671875 0.4607046078125 0.3166666671875 0.44715447187499996 0.31 0.43360433593750003 0.305 0.4173441734375 0.29500000000000004 0.41192411875 0.27999999999999997 0.414634146875
3 0.6983333328125 0.4607046078125 0.7033333328125 0.47425474218749997 0.705 0.4905149046875 0.7150000000000001 0.5094850953125001 0.725 0.5094850953125001 0.7333333328125 0.5094850953125001 0.74 0.495934959375 0.745 0.4905149046875 0.7483333328125 0.4688346890625 0.75 0.430894309375 0.7416666671875001 0.4363143625 0.725 0.44715447187499996 0.71 0.455284553125 0.6983333328125 0.4607046078125
3 0.7 0.44173441718750006 0.71 0.44173441718750006 0.7133333328125 0.43902439062500004 0.7183333328125 0.42818428124999997 0.7183333328125 0.42005420000000004 0.7183333328125 0.4092140921875 0.705 0.41192411875 0.6900000000000001 0.4254742546875 0.6883333328125001 0.4363143625 0.7 0.44173441718750006
3 0.6116666671875 0.6233062328125001 0.6116666671875 0.6504065046874999 0.615 0.677506775 0.625 0.6991869921875 0.6316666671875 0.712737128125 0.6433333328125 0.7262872625 0.6533333328125 0.7154471546875001 0.6633333328125001 0.6910569109375 0.6666666671875 0.6747967484374999 0.6666666671875 0.6504065046874999 0.6683333328125001 0.6341463421875 0.6666666671875 0.617886178125 0.6633333328125001 0.6016260156250001 0.6466666671875 0.6043360437499999 0.6333333328124999 0.6043360437499999 0.62 0.609756096875 0.615 0.6151761515625 0.6116666671875 0.6233062328125001
3 0.3716666671875 0.612466125 0.36 0.612466125 0.3516666671875 0.6287262874999999 0.3483333328125 0.6422764234375 0.34500000000000003 0.6558265578125 0.3433333328125 0.6720867203124999 0.3416666671875 0.6829268296875 0.3433333328125 0.70189701875 0.3483333328125 0.7181571812499999 0.3516666671875 0.7317073171875 0.36666666718749996 0.73441734375 0.3783333328125 0.728997290625 0.3866666671875 0.7208672093749999 0.3966666671875 0.70189701875 0.4016666671875 0.6802168015625 0.4033333328125 0.6720867203124999 0.4016666671875 0.6612466125 0.3916666671875 0.64498645 0.38166666718750003 0.6260162609375 0.375 0.617886178125 0.3716666671875 0.612466125
3 0.2966666671875 0.617886178125 0.29 0.617886178125 0.2816666671875 0.6151761515625 0.2716666671875 0.6233062328125001 0.2683333328125 0.6314363140625 0.26 0.64498645 0.2533333328125 0.6639566390625 0.25166666718749997 0.677506775 0.26 0.6802168015625 0.2766666671875 0.6802168015625 0.2916666671875 0.6693766937500001 0.305 0.6585365859375 0.3133333328125 0.64498645 0.3283333328125 0.6341463421875 0.32999999999999996 0.6287262874999999 0.32166666718750003 0.62059620625 0.3133333328125 0.617886178125 0.305 0.617886178125 0.2966666671875 0.617886178125
3 0.5266666671875 0.3414634140625 0.52 0.3577235765625 0.515 0.37669376718750003 0.5133333328125 0.39566395625 0.515 0.430894309375 0.5166666671875 0.452574525 0.5233333328125 0.471544715625 0.5349999999999999 0.4823848234375 0.5483333328125 0.4823848234375 0.5666666671875 0.48509485156250004 0.5833333328125 0.48509485156250004 0.5966666671875 0.48509485156250004 0.6116666671875 0.47967479687500003 0.6166666671875001 0.46612466093749994 0.62 0.452574525 0.6216666671875 0.43902439062500004 0.6216666671875 0.41192411875 0.62 0.39566395625 0.6183333328125 0.37127371249999996 0.615 0.3577235765625 0.61 0.3360433609375 0.6 0.322493225 0.5883333328125 0.3170731703125 0.5733333328125 0.3089430890625 0.5533333328125 0.3116531171875 0.5383333328125001 0.32520325156249996 0.5266666671875 0.3414634140625
3 0.23500000000000001 0.4579945796875 0.22999999999999998 0.463414634375 0.2316666671875 0.4986449859375 0.23500000000000001 0.5149051484375 0.24666666718750002 0.528455284375 0.2533333328125 0.5420054203125 0.2633333328125 0.5365853656249999 0.2733333328125 0.5311653109375001 0.28500000000000003 0.5013550140625 0.2883333328125 0.495934959375 0.305 0.5067750671875 0.3166666671875 0.5094850953125001 0.3233333328125 0.4986449859375 0.3283333328125 0.47967479687500003 0.33166666718750004 0.471544715625 0.3266666671875 0.46612466093749994 0.3116666671875 0.4688346890625 0.29500000000000004 0.4769647703125 0.28500000000000003 0.4769647703125 0.2733333328125 0.47425474218749997 0.26 0.46612466093749994 0.24333333281249997 0.4579945796875 0.23500000000000001 0.4579945796875
3 0.63 0.4092140921875 0.6233333328125 0.43902439062500004 0.6216666671875 0.46612466093749994 0.63 0.48509485156250004 0.6416666671875 0.49322493281249996 0.655 0.504065040625 0.6633333328125001 0.5013550140625 0.6733333328125 0.4986449859375 0.6783333328125 0.4905149046875 0.6833333328125 0.47425474218749997 0.6866666671874999 0.4579945796875 0.6866666671874999 0.43360433593750003 0.6866666671874999 0.40108401093749996 0.6866666671874999 0.387533875 0.6833333328125 0.37669376718750003 0.6733333328125 0.36314363125 0.6666666671875 0.3577235765625 0.6533333328125 0.37127371249999996 0.64 0.390243903125 0.63 0.4092140921875
3 0.475 0.3089430890625 0.46166666718749994 0.30352303593749996 0.4516666671875 0.30352303593749996 0.43499999999999994 0.3116531171875 0.425 0.322493225 0.42000000000000004 0.33062330625 0.41500000000000004 0.3441734421875 0.41 0.3658536578125 0.41333333281250006 0.37669376718750003 0.4266666671875 0.3848238484375 0.42833333281249997 0.390243903125 0.4266666671875 0.4092140921875 0.4266666671875 0.4173441734375 0.43833333281250003 0.42005420000000004 0.4566666671875 0.422764228125 0.4716666671875 0.4173441734375 0.485 0.414634146875 0.5 0.41192411875 0.51 0.4092140921875 0.515 0.40108401093749996 0.5133333328125 0.390243903125 0.5116666671875 0.3658536578125 0.5066666671875 0.3523035234375 0.49833333281250003 0.3333333328125 0.48666666718749996 0.3170731703125 0.475 0.3089430890625
3 0.48333333281249996 0.5799458 0.4783333328125 0.5826558265624999 0.4766666671875 0.593495934375 0.4716666671875 0.6070460703125 0.475 0.6314363140625 0.475 0.6585365859375 0.48 0.677506775 0.48666666718749996 0.6991869921875 0.495 0.7154471546875001 0.5 0.7425474249999999 0.5166666671875 0.7479674796875 0.5283333328125 0.737127371875 0.5266666671875 0.7046070453125 0.5333333328125 0.677506775 0.54 0.6666666671875 0.5416666671875 0.6476964765625 0.5416666671875 0.6233062328125001 0.54 0.6016260156250001 0.54 0.593495934375 0.5366666671875 0.5799458 0.53 0.5745257453125 0.52 0.5772357718750001 0.5133333328125 0.5826558265624999 0.5016666671875 0.5799458 0.48333333281249996 0.5799458
3 0.355 0.36043360468749996 0.34500000000000003 0.3658536578125 0.335 0.37940379375 0.32999999999999996 0.39566395625 0.32999999999999996 0.42005420000000004 0.33166666718750004 0.44173441718750006 0.335 0.463414634375 0.33999999999999997 0.4823848234375 0.3483333328125 0.495934959375 0.3583333328125 0.5013550140625 0.36666666718749996 0.5013550140625 0.375 0.495934959375 0.38 0.49322493281249996 0.39 0.48509485156250004 0.395 0.4769647703125 0.4 0.4607046078125 0.4016666671875 0.452574525 0.40499999999999997 0.4363143625 0.41 0.42005420000000004 0.40499999999999997 0.4092140921875 0.39 0.3929539296875 0.3783333328125 0.37127371249999996 0.36833333281249997 0.36314363125 0.355 0.36043360468749996
3 0.5549999999999999 0.5907859078125 0.5466666671875 0.6016260156250001 0.545 0.6151761515625 0.545 0.6422764234375 0.5483333328125 0.6666666671875 0.5549999999999999 0.677506775 0.5616666671874999 0.6910569109375 0.5666666671875 0.7154471546875001 0.5716666671875 0.7425474249999999 0.5816666671874999 0.75067750625 0.5933333328125 0.745257453125 0.5933333328125 0.7100271 0.5966666671875 0.6802168015625 0.6016666671875 0.6693766937500001 0.6066666671875 0.65311653125 0.6066666671875 0.6341463421875 0.6083333328125 0.612466125 0.6083333328125 0.5962059625 0.605 0.5799458 0.6 0.5772357718750001 0.5833333328125 0.5772357718750001 0.5700000000000001 0.5772357718750001 0.5616666671874999 0.5799458 0.5549999999999999 0.5907859078125