0 0.3708333328125 0.54375 0.375 0.5625 0.3875 0.565625 0.3854166671875 0.546875 0.3791666671875 0.540625 0.3708333328125 0.54375
0 0.6020833328124999 0.6875 0.6 0.7 0.6 0.7125 0.6041666671875 0.725 0.6104166671875 0.7375 0.6125 0.7375 0.61875 0.7375 0.6229166671875 0.7375 0.6333333328124999 0.734375 0.625 0.721875 0.6229166671875 0.7125 0.6229166671875 0.703125 0.625 0.69375 0.6208333328125 0.690625 0.6145833328125 0.690625 0.6083333328125 0.690625 0.60625 0.684375 0.6020833328124999 0.6875
0 0.7104166671875001 0.63125 0.7041666671875 0.640625 0.7125 0.64375 0.7208333328125 0.64375 0.7208333328125 0.65 0.71875 0.65625 0.725 0.65625 0.7270833328124999 0.659375 0.7270833328124999 0.665625 0.7333333328125 0.66875 0.7395833328125 0.66875 0.7416666671875001 0.671875 0.74375 0.6875 0.75 0.703125 0.7520833328125 0.690625 0.75 0.671875 0.75 0.66875 0.7479166671875 0.6625 0.7458333328125 0.65 0.7416666671875001 0.64375 0.7395833328125 0.63125 0.74375 0.625 0.73125 0.6125 0.725 0.609375 0.7166666671875 0.615625 0.7104166671875001 0.63125
0 0.23541666718749998 0.3625 0.23541666718749998 0.3875 0.2375 0.40625 0.23958333281250002 0.425 0.2479166671875 0.4375 0.2541666671875 0.453125 0.25833333281250004 0.421875 0.2604166671875 0.390625 0.26875 0.35 0.275 0.33125 0.28125 0.309375 0.2791666671875 0.296875 0.27291666718749996 0.29375 0.26875 0.296875 0.2645833328125 0.303125 0.25833333281250004 0.303125 0.25625 0.303125 0.2520833328125 0.309375 0.2479166671875 0.315625 0.2416666671875 0.328125 0.2375 0.34375 0.23541666718749998 0.3625
0 0.525 0.553125 0.5291666671875 0.5625 0.5354166671875 0.559375 0.5375 0.54375 0.5333333328125 0.534375 0.5270833328125 0.521875 0.51875 0.525 0.5208333328125 0.540625 0.525 0.553125
1 0.2479166671875 0.29375 0.23333333281250002 0.29375 0.23125 0.29375 0.2270833328125 0.296875 0.21875 0.3125 0.2125 0.328125 0.20625 0.353125 0.1979166671875 0.378125 0.1979166671875 0.40625 0.1979166671875 0.446875 0.20625 0.475 0.2208333328125 0.490625 0.23333333281250002 0.5 0.2520833328125 0.490625 0.2666666671875 0.471875 0.2916666671875 0.459375 0.32083333281250004 0.45 0.3333333328125 0.44375 0.3458333328125 0.428125 0.34375 0.39375 0.3395833328125 0.35625 0.3395833328125 0.309375 0.3375 0.275 0.3270833328125 0.26875 0.30416666718749996 0.25625 0.2770833328125 0.259375 0.2625 0.28125 0.2479166671875 0.29375
0 0.7104166671875001 0.5875 0.7104166671875001 0.59375 0.7166666671875 0.596875 0.7229166671875 0.596875 0.73125 0.59375 0.7333333328125 0.59375 0.73125 0.584375 0.7291666671875 0.578125 0.7291666671875 0.56875 0.7229166671875 0.571875 0.7125 0.578125 0.70625 0.578125 0.7104166671875001 0.5875
0 0.3625 0.65 0.375 0.653125 0.3916666671875 0.65 0.40625 0.64375 0.4145833328125 0.64375 0.425 0.653125 0.4270833328125 0.6375 0.42291666718750004 0.63125 0.40625 0.625 0.39375 0.621875 0.3791666671875 0.625 0.36666666718749996 0.640625 0.3625 0.646875 0.3625 0.65
1 0.5479166671875 0.109375 0.5270833328125 0.109375 0.5 0.10625 0.4770833328125 0.10625 0.4604166671875 0.103125 0.4458333328125 0.109375 0.43958333281249995 0.11875 0.43333333281249997 0.13125 0.425 0.140625 0.42291666718750004 0.153125 0.42083333281249996 0.1625 0.41041666718750003 0.16875 0.4 0.165625 0.3958333328125 0.16875 0.3895833328125 0.18125 0.3854166671875 0.20625 0.3770833328125 0.23125 0.375 0.2625 0.3875 0.275 0.39791666718749996 0.303125 0.40208333281249997 0.334375 0.41041666718750003 0.353125 0.4270833328125 0.371875 0.4375 0.38125 0.45208333281249996 0.396875 0.46458333281249997 0.40625 0.48125 0.4125 0.4895833328125 0.425 0.5 0.4375 0.5145833328125 0.44375 0.5354166671875 0.434375 0.5458333328125 0.425 0.5625 0.40625 0.575 0.38125 0.5895833328125 0.35625 0.6041666671875 0.33125 0.6125 0.30625 0.6166666671875001 0.275 0.6104166671875 0.2375 0.6020833328124999 0.21875 0.59375 0.196875 0.5875 0.1875 0.5770833328125 0.16875 0.5791666671875 0.15625 0.5729166671875 0.134375 0.5625 0.115625 0.5479166671875 0.109375
3 0.3583333328125 0.11875 0.3125 0.1375 0.275 0.196875 0.2520833328125 0.225 0.2104166671875 0.278125 0.1854166671875 0.33125 0.1770833328125 0.4125 0.1708333328125 0.49375 0.1770833328125 0.5625 0.1916666671875 0.615625 0.19583333281249998 0.659375 0.2208333328125 0.696875 0.22916666718749998 0.721875 0.23333333281250002 0.746875 0.23125 0.778125 0.24583333281250003 0.796875 0.2833333328125 0.80625 0.3 0.81875 0.325 0.853125 0.35 0.8875 0.3729166671875 0.903125 0.40625 0.91875 0.4375 0.921875 0.45625 0.915625 0.48333333281249996 0.9 0.5208333328125 0.884375 0.5583333328125 0.859375 0.5833333328125 0.8625 0.6041666671875 0.878125 0.6395833328125 0.88125 0.6645833328124999 0.884375 0.6958333328124999 0.8875 0.71875 0.884375 0.7375 0.85625 0.7604166671875 0.834375 0.7791666671875 0.78125 0.7854166671875 0.75 0.79375 0.734375 0.8083333328125001 0.7125 0.8166666671874999 0.696875 0.8270833328125 0.671875 0.8333333328125001 0.634375 0.8375 0.59375 0.8375 0.5375 0.8354166671875 0.5 0.83125 0.459375 0.8208333328125 0.428125 0.8041666671875 0.38125 0.7895833328124999 0.365625 0.76875 0.321875 0.7479166671875 0.28125 0.7291666671875 0.24375 0.71875 0.21875 0.70625 0.20625 0.6791666671875001 0.1875 0.6541666671875 0.16875 0.6291666671875 0.15 0.6104166671875 0.1375 0.5770833328125 0.11875 0.5291666671875 0.1 0.43958333281249995 0.096875 0.40208333281249997 0.109375 0.3583333328125 0.11875
0 0.6125 0.640625 0.6104166671875 0.653125 0.6229166671875 0.653125 0.63125 0.65 0.64375 0.653125 0.6416666671875 0.6625 0.6458333328125 0.66875 0.6520833328125 0.653125 0.6604166671875 0.65 0.66875 0.659375 0.675 0.65625 0.68125 0.65 0.6875 0.646875 0.68125 0.6375 0.675 0.640625 0.6583333328125 0.64375 0.6395833328125 0.6375 0.63125 0.634375 0.6208333328125 0.640625 0.6125 0.640625
0 0.33541666718749996 0.703125 0.33541666718749996 0.709375 0.3375 0.709375 0.34375 0.71875 0.35 0.709375 0.3541666671875 0.696875 0.3604166671875 0.6875 0.3645833328125 0.675 0.3583333328125 0.671875 0.35208333281250004 0.675 0.3458333328125 0.684375 0.3375 0.69375 0.33541666718749996 0.703125