0 0.69892754375 0.584186375 0.6986659687500001 0.5817154953125 0.6981428203125 0.5799505828125 0.6968349468749999 0.5806565484374999 0.6942192 0.58100953125 0.696050221875 0.5838333921875 0.6976196703124999 0.5859512890625 0.6986659687500001 0.5859512890625 0.69892754375 0.584186375
3 0.7381637453125001 0.3632192015625 0.7303165046875 0.35615954843750003 0.7211613921875 0.34980585937500003 0.707036359375 0.34980585937500003 0.6902955796875 0.3551006 0.67303165 0.36110130625000003 0.6573371703124999 0.3614542890625 0.63719591875 0.3614542890625 0.6183625421875 0.360395340625 0.6031912109374999 0.36286622031250004 0.5908972015625 0.3759265796875 0.5809573640625 0.39181080156250003 0.5725869734375 0.4055771265625 0.56604760625 0.422520296875 0.5553230453125 0.4511118953125 0.5500915515625 0.46876103125 0.5498299765625 0.49276385468750006 0.5527072984375 0.5270031765625001 0.5553230453125 0.5513589828125001 0.5621239859375 0.5792446171875001 0.56683233125 0.6053653375 0.5704943765625 0.6360748328125 0.5801726390625 0.6569008125 0.6003138890625 0.6643134484375001 0.61783939375 0.6727850328125 0.65812189375 0.6780797734374999 0.6806173156249999 0.6770208265625001 0.6986659687500001 0.67207906875 0.732409103125 0.6657253796875 0.7535966515625 0.6650194140625 0.782631440625 0.6650194140625 0.7975411984375 0.6773738093749999 0.81114308125 0.6900811859375 0.8223907921875 0.7013766328125 0.8331153546875001 0.704906459375 0.84227046875 0.669961171875 0.8467172375 0.65090010625 0.8480251109375001 0.629015178125 0.8475019625 0.6145428875000001 0.8430551921875 0.5845393578125 0.8404394453125 0.5626544296875 0.836515825 0.546417225 0.8325922046875001 0.5351217796875 0.8273607109375 0.5262972109375 0.823698665625 0.5072361453124999 0.823698665625 0.49205788906250003 0.8168977249999999 0.46946699687500004 0.8061731625 0.44405224218750006 0.798849071875 0.430285915625 0.7970180484375 0.4260501234375 0.7666753859375001 0.405930109375 0.75961286875 0.3889869390625 0.7583049953125001 0.38545711250000003 0.74993460625 0.37769149375 0.7381637453125001 0.3632192015625
3 0.8359926765625 0.9039887046875 0.8255296890625001 0.8803388640625001 0.8119278046874999 0.870102365625 0.8053884390625001 0.8612777968750001 0.795710175 0.8655135890625001 0.7750457749999999 0.8732792093749999 0.755427675 0.8796328984375 0.7290086312499999 0.8873985171875001 0.7046821875 0.8881044828125001 0.6950039234375 0.9082244968750001 0.681140465625 0.9216378390625 0.6691080296874999 0.9442287328125 0.65812189375 0.9579950578125 0.6471357578125 0.9841157781250001 0.6494899296875001 0.9996470171875 0.8485482609374999 0.9996470171875 0.8634580171874999 0.9495234734375 0.85194873125 0.9230497703125 0.8359926765625 0.9039887046875
0 0.7036358875000001 0.5817154953125 0.7038974625 0.5792446171875001 0.7036358875000001 0.57818566875 0.7028511640625 0.5767737375 0.7023280140625 0.575714790625 0.7007585671875 0.575714790625 0.7010201406250001 0.580303565625 0.7025895890625 0.5824214609375 0.7033743140625 0.58277444375 0.7036358875000001 0.5817154953125
0 0.68820298125 0.424991175 0.6868951078125 0.42216731406249997 0.685587234375 0.42004941718750005 0.6837562125 0.41899046875 0.6824483390625 0.42040240000000006 0.6834946375000001 0.42640310625 0.686371959375 0.4281680203125 0.68846455625 0.4267560890625 0.68820298125 0.424991175
3 0.782631440625 0.6650194140625 0.7535966515625 0.6650194140625 0.732409103125 0.6657253796875 0.6986659687500001 0.67207906875 0.6746010984375 0.6869043421875001 0.6594297671875 0.6978468062500001 0.6416426890625 0.7102012 0.6267329328125 0.7356159546875001 0.6204551406250001 0.745852453125 0.6165315203125 0.7705612421875 0.6147004968750001 0.7949170484375 0.6165315203125 0.8228026828124999 0.625163484375 0.8528062125 0.632226 0.8658665718749999 0.6494899296875001 0.87716201875 0.6617839390625 0.877867984375 0.6832330625 0.8849276390625 0.7046821875 0.8881044828125001 0.7290086312499999 0.8873985171875001 0.755427675 0.8796328984375 0.7750457749999999 0.8732792093749999 0.795710175 0.8655135890625001 0.8053884390625001 0.8612777968750001 0.8119278046874999 0.870102365625 0.8255296890625001 0.8803388640625001 0.8417473187500001 0.8761030703125 0.8443630656250001 0.850688315625 0.8485482609374999 0.8235086484374999 0.8475019625 0.7956230140625 0.844886215625 0.7783268624999999 0.8252681140625 0.7190257671875 0.8202981953125 0.70702435625 0.81114308125 0.6900811859375 0.7975411984375 0.6773738093749999 0.782631440625 0.6650194140625
0 0.67826314375 0.524179315625 0.6819251890625 0.5245322984375 0.6834946375000001 0.5245322984375 0.6834946375000001 0.52347335 0.681663615625 0.522767384375 0.6793094421875 0.5224144015625 0.676170546875 0.52206141875 0.67826314375 0.524179315625
0 0.69840439375 0.5400635375 0.6970965203125 0.5397105546875001 0.6957886484375 0.5382986234375 0.6950039234375 0.5368866921875 0.6942192 0.5368866921875 0.6952654984375 0.541122484375 0.6973580953125 0.5421814328125001 0.6986659687500001 0.54182845 0.69840439375 0.5400635375
0 0.706513209375 0.5199435234374999 0.7088673812499999 0.519590540625 0.7106984046875 0.518884575 0.711744703125 0.518178609375 0.7104368296875 0.5171196609375001 0.7088673812499999 0.516766678125 0.7075595078125 0.5160607125000001 0.7023280140625 0.518178609375 0.701281715625 0.518884575 0.7028511640625 0.5199435234374999 0.706513209375 0.5199435234374999
0 0.7290086312499999 0.4895870109375 0.7279623328125 0.4874691140625 0.7256081609375 0.487822096875 0.7237771390625001 0.4888810453125 0.721946115625 0.4895870109375 0.7248234375 0.49241087187500004 0.7287470578125 0.49382280312500004 0.72979335625 0.4931168375 0.7290086312499999 0.4895870109375
3 0.5417211609375 0.09071655468749999 0.533089196875 0.10483586250000002 0.522626209375 0.1263678078125 0.5163484171875 0.138722203125 0.5085011765624999 0.163078009375 0.5014386609375 0.1839039890625 0.49646874218750003 0.2075538296875 0.5001307875000001 0.23226261875 0.5040544078125 0.25626544375 0.510070625 0.2869749375 0.51582526875 0.3166254859375 0.533089196875 0.34627603281249997 0.5540151718749999 0.3621602546875 0.57180225 0.37063183906249997 0.588804603125 0.366396046875 0.6031912109374999 0.36286622031250004 0.6183625421875 0.360395340625 0.63719591875 0.3614542890625 0.6573371703124999 0.3614542890625 0.67303165 0.36110130625000003 0.6902955796875 0.3551006 0.707036359375 0.34980585937500003 0.7211613921875 0.34980585937500003 0.7303165046875 0.35615954843750003 0.7381637453125001 0.3632192015625 0.74993460625 0.37769149375 0.7583049953125001 0.38545711250000003 0.7685064078125 0.3780444765625 0.7745226265625 0.36816095937500004 0.78001569375 0.354394634375 0.7821082921875 0.3430991875 0.783416165625 0.3272149671875 0.7842008890625001 0.31309565781250004 0.7839393140625 0.3000352984375 0.782631440625 0.290504765625 0.78080041875 0.279915284375 0.7789693953125 0.266148959375 0.775568925 0.25202965 0.7719068796874999 0.237557359375 0.7698142812500001 0.2312036703125 0.7648443625 0.2241440171875 0.758043421875 0.210024709375 0.7543813765625 0.1944934703125 0.752550353125 0.17896223125 0.7509809046875 0.1648429234375 0.7465341359375001 0.1482527359375 0.7407794921875 0.1291916703125 0.7360711484375 0.11966113593750001 0.7250850125 0.10907165625 0.714098875 0.099541121875 0.7025895890625 0.09071655468749999 0.690818728125 0.084362865625 0.6604760656249999 0.0836569015625 0.6513209515625 0.087186728125 0.6419042640625 0.0914225203125 0.62699450625 0.088951640625 0.6081611296875 0.0836569015625 0.5848809828125 0.0822449703125 0.563431859375 0.0818919875 0.5417211609375 0.09071655468749999