1 0.2491666671875 0.38725 0.2555 0.3915 0.2598333328125 0.39025 0.25866666718750003 0.376 0.2625 0.36775 0.2728333328125 0.35525 0.2756666671875 0.34700000000000003 0.2791666671875 0.33625 0.2771666671875 0.31375000000000003 0.2696666671875 0.30025 0.263 0.298 0.2515 0.298 0.2396666671875 0.307 0.2258333328125 0.31 0.21916666718750002 0.313 0.2108333328125 0.33375 0.2085 0.35675 0.2106666671875 0.3775 0.2256666671875 0.3995 0.2368333328125 0.40149999999999997 0.2491666671875 0.38725
3 0.7431666671875 0.44125 0.7266666671875 0.44975 0.7165 0.457 0.7111666671875 0.48274999999999996 0.7071666671875 0.51 0.702 0.53625 0.7 0.5545 0.7168333328125 0.57675 0.7351666671875 0.5940000000000001 0.7474999999999999 0.60075 0.7645 0.5934999999999999 0.7738333328125 0.5782499999999999 0.786 0.5495 0.7951666671875001 0.5025000000000001 0.807 0.46449999999999997 0.8171666671875 0.40575 0.8136666671875 0.39825 0.788 0.39775 0.7698333328125 0.40975 0.7566666671875 0.4245 0.7431666671875 0.44125
1 0.33799999999999997 0.3825 0.3356666671875 0.39175 0.3323333328125 0.40599999999999997 0.32999999999999996 0.425 0.333 0.43550000000000005 0.3373333328125 0.44925 0.3545 0.46849999999999997 0.34950000000000003 0.44875 0.355 0.43975 0.36066666718749996 0.409 0.3625 0.4 0.3645 0.38175 0.363 0.3645 0.35383333281249996 0.352 0.3483333328125 0.36425 0.343 0.37275 0.33799999999999997 0.3825
3 0.651 0.6837500000000001 0.678 0.68675 0.6983333328125 0.68475 0.7184999999999999 0.68175 0.724 0.663 0.7230000000000001 0.6245 0.7213333328125 0.6042500000000001 0.7091666671875 0.5860000000000001 0.6911666671875001 0.56875 0.6895 0.57625 0.6756666671875 0.58875 0.6681666671875 0.5945 0.6581666671875 0.604 0.65 0.60575 0.6268333328125 0.5974999999999999 0.6236666671875 0.60375 0.6183333328125 0.638 0.621 0.6635 0.622 0.6785 0.651 0.6837500000000001
3 0.2246666671875 0.48650000000000004 0.2146666671875 0.5002500000000001 0.2058333328125 0.5255 0.2068333328125 0.55675 0.2065 0.58875 0.20716666718750001 0.6207499999999999 0.21233333281250003 0.62975 0.2443333328125 0.6395 0.265 0.6505 0.29133333281249996 0.6535 0.30416666718749996 0.6535 0.32 0.644 0.3293333328125 0.63575 0.3331666671875 0.618 0.3321666671875 0.59375 0.3318333328125 0.5650000000000001 0.319 0.55175 0.3028333328125 0.53575 0.284 0.524 0.2665 0.5115000000000001 0.2463333328125 0.49974999999999997 0.2246666671875 0.48650000000000004
3 0.2866666671875 0.3075 0.2748333328125 0.3 0.263 0.298 0.2515 0.298 0.2396666671875 0.307 0.2258333328125 0.31 0.21916666718750002 0.313 0.2108333328125 0.33375 0.2085 0.35675 0.2065 0.37575 0.2048333328125 0.4125 0.21000000000000002 0.4415 0.21433333281250003 0.47000000000000003 0.2246666671875 0.48650000000000004 0.2463333328125 0.49974999999999997 0.2665 0.5115000000000001 0.284 0.524 0.3028333328125 0.53575 0.3226666671875 0.53225 0.3436666671875 0.5205 0.35750000000000004 0.50725 0.3676666671875 0.4925 0.3673333328125 0.48550000000000004 0.355 0.46875 0.34950000000000003 0.44875 0.355 0.43975 0.36066666718749996 0.409 0.3625 0.4 0.3645 0.38175 0.363 0.3645 0.35383333281249996 0.352 0.3428333328125 0.33849999999999997 0.31483333281250003 0.32175 0.3005 0.31225 0.2866666671875 0.3075
3 0.48166666718749995 0.6385 0.4928333328125 0.6679999999999999 0.5056666671875 0.6917500000000001 0.5195000000000001 0.7015 0.5356666671875 0.69975 0.5548333328124999 0.69625 0.5846666671875 0.68525 0.5943333328125 0.6695 0.5988333328125 0.65225 0.6031666671875 0.61675 0.6075 0.5885 0.5985 0.5815 0.5831666671875 0.56725 0.5811666671875 0.54725 0.5816666671874999 0.5345 0.5756666671875 0.52675 0.564 0.5237499999999999 0.5475 0.52225 0.5323333328125 0.529 0.5295 0.53275 0.5191666671874999 0.5389999999999999 0.5073333328125 0.5435 0.4971666671875 0.5395 0.48949999999999994 0.5505 0.4853333328125 0.587 0.481 0.628 0.48166666718749995 0.6385
3 0.8188333328124999 0.49800000000000005 0.7985 0.49474999999999997 0.7951666671875001 0.5025000000000001 0.786 0.5495 0.7738333328125 0.5782499999999999 0.7645 0.5934999999999999 0.7474999999999999 0.60075 0.7401666671875 0.6275000000000001 0.7388333328125001 0.6605000000000001 0.7388333328125001 0.6832499999999999 0.752 0.6872499999999999 0.7971666671875 0.673 0.8606666671875001 0.6345 0.8494999999999999 0.60575 0.8366666671875 0.5475 0.8293333328125 0.5145 0.8188333328124999 0.49800000000000005
0 0.4875 0.284 0.48250000000000004 0.2835 0.47933333281249996 0.28425 0.4743333328125 0.28900000000000003 0.4723333328125 0.2945 0.47066666718750005 0.29925 0.46966666718749994 0.30225 0.47583333281250006 0.3 0.4853333328125 0.29725 0.48733333281249996 0.2945 0.493 0.2955 0.49633333281249997 0.29375 0.49916666718749997 0.29175 0.5018333328125 0.29100000000000004 0.503 0.288 0.5031666671874999 0.28450000000000003 0.5045 0.28250000000000003 0.505 0.28025 0.5053333328125 0.27749999999999997 0.5045 0.274 0.5016666671875 0.271 0.49733333281250003 0.279 0.4928333328125 0.2855 0.48783333281249996 0.28700000000000003 0.4875 0.284
0 0.3858333328125 0.32 0.3845 0.327 0.38849999999999996 0.32875 0.389 0.33525 0.3868333328125 0.34375 0.3831666671875 0.3505 0.3798333328125 0.359 0.3765 0.3665 0.3785 0.36875 0.3823333328125 0.36124999999999996 0.3851666671875 0.3565 0.39016666718750004 0.3545 0.3955 0.353 0.40033333281249994 0.35025 0.40433333281249995 0.34675 0.4078333328125 0.34075 0.4103333328125 0.33775 0.41683333281249996 0.3305 0.41566666718749995 0.32625000000000004 0.41283333281249995 0.31975 0.4141666671875 0.3115 0.4158333328125 0.3075 0.4143333328125 0.30375 0.4145 0.2975 0.41516666718749995 0.28925 0.4135 0.28675 0.4113333328125 0.28275 0.4106666671875 0.282 0.4086666671875 0.28075 0.4011666671875 0.28975 0.3946666671875 0.30025 0.3883333328125 0.311 0.3858333328125 0.32
0 0.3421666671875 0.40525 0.3423333328125 0.4145 0.3431666671875 0.42175 0.346 0.42824999999999996 0.34950000000000003 0.43600000000000005 0.3508333328125 0.43425 0.3501666671875 0.42699999999999994 0.3488333328125 0.41900000000000004 0.348 0.413 0.353 0.41100000000000003 0.3556666671875 0.41075 0.358 0.40675 0.3586666671875 0.40275 0.3565 0.39925 0.3523333328125 0.399 0.3508333328125 0.39625 0.3511666671875 0.38975 0.3526666671875 0.38425 0.3531666671875 0.378 0.35383333281249996 0.373 0.3513333328125 0.36724999999999997 0.34750000000000003 0.3785 0.34249999999999997 0.387 0.3431666671875 0.39525 0.3421666671875 0.40525
3 0.4801666671875 0.25175000000000003 0.4683333328125 0.25025 0.45466666718750004 0.2525 0.4403333328125 0.256 0.4266666671875 0.266 0.4125 0.27599999999999997 0.403 0.28575 0.39249999999999996 0.29425 0.383 0.30575 0.37733333281250003 0.315 0.3673333328125 0.32275 0.3665 0.33199999999999996 0.3668333328125 0.35025 0.3671666671875 0.36675 0.36633333281249997 0.3785 0.3628333328125 0.40049999999999997 0.36266666718749996 0.4245 0.3645 0.44225000000000003 0.3668333328125 0.45949999999999996 0.375 0.48425 0.384 0.50275 0.394 0.5085 0.41200000000000003 0.51625 0.4403333328125 0.51775 0.4565 0.5197499999999999 0.46783333281250006 0.5205 0.47883333281249996 0.5247499999999999 0.4996666671875 0.53125 0.5125 0.532 0.5323333328125 0.529 0.5381666671875001 0.5135 0.5456666671875 0.502 0.5523333328125 0.49000000000000005 0.5546666671875 0.46925 0.5518333328125 0.45375 0.5533333328125 0.43949999999999995 0.5561666671875 0.421 0.5561666671875 0.40525 0.55 0.39249999999999996 0.5451666671875001 0.36625 0.5451666671875001 0.34049999999999997 0.541 0.3285 0.5286666671875 0.31225 0.522 0.303 0.5171666671875 0.29375 0.5096666671875 0.27949999999999997 0.5015 0.266 0.493 0.258 0.4801666671875 0.25175000000000003
3 0.5618333328125 0.34575 0.5523333328125 0.35750000000000004 0.549 0.37324999999999997 0.5548333328124999 0.39325 0.5581666671875001 0.40549999999999997 0.5611666671875 0.4225 0.5616666671874999 0.44425 0.5638333328125 0.4575 0.5676666671875 0.46125 0.571 0.4755 0.5730000000000001 0.49574999999999997 0.5768333328125 0.51725 0.5756666671875 0.52675 0.5816666671874999 0.5345 0.5811666671875 0.54725 0.5831666671875 0.56725 0.5985 0.5815 0.6174999999999999 0.59275 0.65 0.60575 0.6581666671875 0.604 0.6681666671875 0.5945 0.6756666671875 0.58875 0.6895 0.57625 0.6958333328124999 0.553 0.6990000000000001 0.5275000000000001 0.7025 0.501 0.7053333328125 0.47375 0.7025 0.44349999999999995 0.6990000000000001 0.42024999999999996 0.6961666671875 0.4025 0.6950000000000001 0.38725 0.6866666671874999 0.37225 0.6783333328125 0.36175 0.6653333328125 0.35325 0.6468333328125 0.341 0.629 0.3325 0.6056666671875 0.33375 0.5820000000000001 0.33725 0.5618333328125 0.34575
1 0.4136666671875 0.3585 0.41550000000000004 0.35025 0.41516666718749995 0.33975 0.4223333328125 0.34075 0.42933333281249997 0.34199999999999997 0.43566666718749997 0.3415 0.4415 0.34575 0.44566666718750003 0.354 0.4476666671875 0.35350000000000004 0.44683333281250004 0.34025 0.4465 0.32175 0.4538333328125 0.31074999999999997 0.45933333281250005 0.301 0.4681666671875 0.3025 0.4808333328125 0.29874999999999996 0.489 0.29674999999999996 0.49833333281250003 0.294 0.5041666671875 0.28925 0.5073333328125 0.282 0.5078333328125 0.27749999999999997 0.5021666671875 0.267 0.4915 0.25875 0.47983333281249996 0.252 0.46799999999999997 0.251 0.4415 0.256 0.4216666671875 0.26925 0.409 0.279 0.396 0.292 0.3835 0.30425 0.3778333328125 0.31575000000000003 0.36783333281249997 0.323 0.36633333281249997 0.33275 0.3676666671875 0.37525 0.3685 0.3755 0.3838333328125 0.37075 0.3933333328125 0.3655 0.4 0.36175 0.4136666671875 0.3585
1 0.561 0.41925 0.5626666671875 0.44299999999999995 0.5645 0.457 0.5673333328125 0.46175 0.571 0.47575 0.5735 0.49424999999999997 0.5783333328125 0.516 0.5755 0.52525 0.5811666671875 0.5347500000000001 0.5818333328125 0.54475 0.5815 0.55125 0.584 0.54525 0.588 0.5325 0.5896666671874999 0.5207499999999999 0.5881666671875 0.504 0.585 0.49024999999999996 0.5805 0.46875 0.577 0.43825000000000003 0.5728333328125 0.41775 0.567 0.40199999999999997 0.5596666671875 0.3785 0.5525 0.3795 0.5535 0.38625 0.557 0.40025000000000005 0.561 0.41925
0 0.5791666671875 0.49074999999999996 0.581 0.49450000000000005 0.5831666671875 0.49874999999999997 0.5843333328125 0.503 0.5848333328125 0.5005 0.5838333328124999 0.4965 0.583 0.4915 0.5816666671874999 0.48600000000000004 0.5805 0.479 0.579 0.47050000000000003 0.5773333328125 0.46449999999999997 0.5766666671875 0.47775 0.5778333328125 0.485 0.5795 0.485 0.5791666671875 0.49074999999999996
0 0.562 0.43674999999999997 0.5646666671875 0.457 0.5686666671875 0.462 0.5708333328124999 0.47350000000000003 0.5725 0.46875 0.5740000000000001 0.458 0.5745 0.44299999999999995 0.5745 0.43425 0.5723333328125 0.42125 0.5693333328125 0.41125 0.5658333328125 0.39875 0.5593333328125001 0.381 0.5531666671875 0.381 0.5555 0.39 0.5615 0.41675000000000006 0.562 0.43674999999999997
0 0.24900000000000003 0.377 0.2506666671875 0.379 0.2531666671875 0.382 0.256 0.3805 0.2568333328125 0.3745 0.2568333328125 0.368 0.25516666718750003 0.36324999999999996 0.25216666718749997 0.35875 0.2485 0.36025 0.24333333281249997 0.364 0.2395 0.373 0.23533333281250002 0.3795 0.23316666718749998 0.38225 0.22833333281249998 0.387 0.2346666671875 0.39449999999999996 0.23983333281250002 0.391 0.244 0.385 0.24900000000000003 0.377
0 0.4843333328125 0.49124999999999996 0.48666666718749996 0.49000000000000005 0.4886666671875 0.48825 0.49050000000000005 0.487 0.4928333328125 0.48600000000000004 0.4956666671875 0.485 0.49683333281250003 0.48475 0.49733333281250003 0.48674999999999996 0.49866666718749997 0.48624999999999996 0.4995 0.48525 0.4996666671875 0.4835 0.49833333281250003 0.48224999999999996 0.49783333281250003 0.48200000000000004 0.495 0.4835 0.4925 0.4845 0.49050000000000005 0.485 0.4886666671875 0.48600000000000004 0.48733333281249996 0.487 0.487 0.48724999999999996 0.4875 0.48525 0.4875 0.48475 0.4853333328125 0.48575 0.48383333281249996 0.48650000000000004 0.4813333328125 0.48674999999999996 0.47983333281249996 0.48875 0.4805 0.4915 0.4823333328125 0.492 0.4843333328125 0.49124999999999996
3 0.1258333328125 0.52925 0.13883333281250002 0.49850000000000005 0.1543333328125 0.47474999999999995 0.16899999999999998 0.44400000000000006 0.1785 0.4125 0.1843333328125 0.374 0.1796666671875 0.35150000000000003 0.1583333328125 0.35325 0.14566666718750002 0.34199999999999997 0.1338333328125 0.317 0.1203333328125 0.29525 0.1025 0.2725 0.0831666671875 0.265 0.0641666671875 0.26075 0.0468333328125 0.26425 0.039 0.27025 0.029833332812500002 0.30175 0.0211666671875 0.32775 0.0156666671875 0.3485 0.024666667187499998 0.39125 0.0295 0.4255 0.046 0.46399999999999997 0.0591666671875 0.495 0.0635 0.5115000000000001 0.0816666671875 0.534 0.099 0.5435 0.10933333281249999 0.5435 0.1258333328125 0.52925
3 0.8741666671875 0.4345 0.8538333328125001 0.44975 0.8400000000000001 0.46950000000000003 0.8310000000000001 0.5 0.8498333328125 0.5535 0.8714999999999999 0.5925 0.8808333328125 0.60975 0.9038333328125001 0.61125 0.9258333328124999 0.597 0.9426666671874999 0.5702499999999999 0.9561666671875001 0.5237499999999999 0.9798333328125001 0.457 0.9814999999999999 0.426 0.9710000000000001 0.41425 0.9564999999999999 0.39249999999999996 0.9331666671875001 0.386 0.9048333328125 0.41125 0.8741666671875 0.4345
3 0.3406666671875 0.61625 0.3433333328125 0.6447499999999999 0.3503333328125 0.6745 0.35950000000000004 0.6805 0.379 0.68275 0.394 0.68425 0.4108333328125 0.68825 0.4266666671875 0.69225 0.43983333281250003 0.68625 0.44966666718750004 0.6785 0.458 0.661 0.4648333328125 0.64325 0.4688333328125 0.627 0.47350000000000003 0.59925 0.4763333328125 0.57375 0.47933333281249996 0.542 0.47883333281249996 0.5247499999999999 0.46783333281250006 0.5205 0.4565 0.5197499999999999 0.4403333328125 0.51775 0.41200000000000003 0.51625 0.394 0.5085 0.3908333328125 0.512 0.37933333281250003 0.51825 0.3723333328125 0.53025 0.3581666671875 0.53525 0.34900000000000003 0.5455 0.343 0.56175 0.343 0.5845 0.3406666671875 0.61625