0 0.875179046875 0.838244321875 0.8757929203125 0.8403928796875 0.8782484140625 0.8419275624999999 0.8798854109375001 0.8425414359375001 0.8807039078125 0.840699815625 0.8790669125000001 0.8376304484375 0.877634540625 0.8354818906249999 0.8753836703125 0.8354818906249999 0.875179046875 0.838244321875
0 0.3153263765625 0.9671577656249999 0.3161448734375 0.963474525 0.31716799687499997 0.959484346875 0.3177818703125 0.956721915625 0.31737262187500004 0.9548802953125 0.31634949843750004 0.9533456109375 0.314712503125 0.96040515625 0.314712503125 0.964395334375 0.31430325312499996 0.9665438921874999 0.3153263765625 0.9671577656249999
0 0.23511356718749998 0.9106814 0.2359320640625 0.9122160828125001 0.2369551875 0.911909146875 0.2373644359375 0.9109883359375001 0.2377736859375 0.9085328421875 0.2359320640625 0.90761203125 0.235522815625 0.90791896875 0.23511356718749998 0.9091467156249999 0.23511356718749998 0.9106814
0 0.8964599953124999 0.838244321875 0.8960507468750001 0.8364027015625 0.894823 0.8388581953124999 0.8956414984375 0.8400859421875 0.8964599953124999 0.83977900625 0.8964599953124999 0.838244321875
0 0.1945979125 0.8956414984375 0.19623490937500002 0.8971761812500001 0.19848577812499998 0.89748311875 0.2005320234375 0.8965623078125 0.20401064062500002 0.8956414984375 0.20667075937499998 0.895948434375 0.209330878125 0.8962553718749999 0.2136279921875 0.895948434375 0.21690198437500002 0.8953345609375001 0.21812973125 0.8953345609375001 0.219971353125 0.8947206874999999 0.2216083484375 0.895027625 0.2230407203125 0.89441375 0.22385921875 0.8931860031250001 0.2240638421875 0.8916513203124999 0.2228360953125 0.8922651937499999 0.2201759765625 0.8922651937499999 0.21669736093749997 0.89195825625 0.2124002453125 0.89195825625 0.209535503125 0.89195825625 0.2074892578125 0.8916513203124999 0.206466134375 0.8904235734375 0.20544301250000002 0.8898096984375 0.20421526562499998 0.889195825 0.20196439531250002 0.8898096984375 0.2005320234375 0.891037446875 0.19766728125 0.8922651937499999 0.1956210359375 0.8931860031250001 0.1945979125 0.8956414984375
0 0.2404338046875 0.8612645796875 0.241047678125 0.86034376875 0.241047678125 0.8600368328125001 0.240843053125 0.859116021875 0.24063842812499997 0.8585021484375 0.23981992968750002 0.8588090859375 0.23941068125 0.8600368328125001 0.23941068125 0.8609576421874999 0.23981992968750002 0.8612645796875 0.2404338046875 0.8612645796875
0 0.26396562343749996 0.8769183546875 0.264374871875 0.87630448125 0.2649887453125 0.8756906078125001 0.2649887453125 0.8750767343750001 0.2649887453125 0.8738489875000001 0.2637609984375 0.8738489875000001 0.26273787656250003 0.8744628609375 0.262124003125 0.8753836703125 0.26294249999999997 0.8766114187499999 0.26396562343749996 0.8769183546875
0 0.30284428124999996 0.74493554375 0.303662778125 0.7464702265625001 0.3046859015625 0.7464702265625001 0.3055044 0.7455494171875 0.3057090234375 0.7440147328125 0.306322896875 0.7427869859375 0.3069367703125 0.741866175 0.3075506453125 0.740638428125 0.30734602031249997 0.7400245546875001 0.306732146875 0.7400245546875001 0.3055044 0.7403314921875 0.3046859015625 0.740945365625 0.303662778125 0.7421731125 0.30284428124999996 0.743400859375 0.30284428124999996 0.74493554375
0 0.262124003125 0.743093921875 0.26314712500000004 0.743707796875 0.264374871875 0.7440147328125 0.2651933703125 0.7440147328125 0.26580724375 0.743707796875 0.26560261875 0.7424800484375 0.264784121875 0.741866175 0.26335175 0.741866175 0.26253325156249996 0.741866175 0.262124003125 0.743093921875
0 0.2782893390625 0.7440147328125 0.2789032125 0.7446286062499999 0.2795170859375 0.7446286062499999 0.2799263359375 0.7443216703125 0.280130959375 0.743400859375 0.2797217109375 0.743093921875 0.2791078375 0.7424800484375 0.27849396406250004 0.743093921875 0.2782893390625 0.7440147328125
0 0.2969101703125 0.57888275 0.296091671875 0.5782688765625 0.295887046875 0.57888275 0.296296296875 0.5801104968749999 0.2969101703125 0.5810313078125 0.2977286671875 0.5819521171875001 0.298751790625 0.582565990625 0.2997749125 0.583179865625 0.3005934109375 0.5834868015625 0.30100265937500004 0.582565990625 0.2999795375 0.5819521171875001 0.298751790625 0.5807243703125 0.29793329218750003 0.5798035609375 0.2969101703125 0.57888275
0 0.966850828125 0.7851442609375 0.9678739515625001 0.793431553125 0.9713525687500001 0.795887046875 0.9740126874999999 0.8017188453124999 0.9768774296875 0.7995702890625 0.972171065625 0.793124615625 0.9711479437499999 0.7848373234375 0.9709433187500001 0.775322284375 0.9691016984375 0.769490484375 0.9701248203124999 0.748925721875 0.9717618171875 0.7427869859375 0.972171065625 0.7372621234375 0.9754450578125 0.7283609578125 0.9766728046875001 0.7243707796875001 0.982811540625 0.7203806015625001 0.9887456515625 0.7151626765625 0.9916103953125001 0.7087170046875 0.982606915625 0.7136279921875001 0.9770820546874999 0.714241865625 0.9731941890625 0.7139349296875 0.9703294453125 0.7127071828125 0.9652138328125 0.7136279921875001 0.96071209375 0.7160834875 0.9600982203124999 0.7206875390625 0.9633722125 0.720994475 0.9676693265624999 0.720994475 0.969510946875 0.7228360953124999 0.9703294453125 0.7271332109374999 0.96869245 0.7332719453125 0.9650092078125001 0.7516881515625 0.9637814609375001 0.7716390421875 0.9666462046875001 0.7783916515625 0.966850828125 0.7851442609375
0 0.2821772046875 0.745856353125 0.282995703125 0.745856353125 0.284428075 0.745856353125 0.285451196875 0.746163290625 0.285451196875 0.74493554375 0.2846326984375 0.7446286062499999 0.2823818296875 0.7443216703125 0.2819725796875 0.74493554375 0.2821772046875 0.745856353125
3 0.972580315625 0.49232658125000006 0.967055453125 0.48158379375000004 0.9629629625 0.47728667968750005 0.9525271125 0.467157765625 0.9433190093749999 0.4610190296875 0.9369756499999999 0.45641497812500004 0.9296091671875001 0.45518723124999994 0.9228565578125 0.4530386734375 0.9138530796875 0.45488029531249996 0.9075097203125001 0.45764272500000003 0.9032126046875 0.46562308124999996 0.9007571109375 0.474831184375 0.8987108656249999 0.48189073125000004 0.8942091265625001 0.496009821875 0.8874565171875 0.50245549375 0.8807039078125 0.51289134375 0.874974421875 0.52394106875 0.8708819312499999 0.530386740625 0.866994065625 0.5386740328124999 0.8641293234375 0.5478821359375 0.8631062 0.572130140625 0.866789440625 0.5911602203124999 0.8680171890624999 0.601289134375 0.8741559234375 0.61817065625 0.8809085328125 0.6289134437499999 0.8886842640625 0.6375076734375 0.8966646203125 0.6424186625 0.905463475 0.6470227140625 0.916922446875 0.6494782078125 0.926335175 0.6494782078125 0.93943114375 0.648557396875 0.9492531203125001 0.6479435234375 0.9590750968749999 0.64978514375 0.9625537140624999 0.6507059546875 0.9678739515625001 0.6494782078125 0.9731941890625 0.6454880296875001 0.9807652953125 0.6335174953125 0.9860855328125 0.627378759375 0.9885410265625 0.6206261515625 0.9901780234374999 0.612031921875 0.99181501875 0.6009821984375 0.990791896875 0.5902394109375 0.9916103953125001 0.5745856359375 0.985471659375 0.543278084375 0.9819930421875 0.5291589937500001 0.9783098015625 0.5159607125 0.9764681812499999 0.50798035625 0.972580315625 0.49232658125000006
3 0.8588090859375 0.78146101875 0.8493963578124999 0.7860650703125 0.842029875 0.7922038062500001 0.8334356453125 0.7995702890625 0.8275015343750001 0.8035604671875 0.8211581750000001 0.8096992015625 0.814610190625 0.822590546875 0.811540821875 0.8321055859375001 0.8099038265624999 0.85267035 0.811540821875 0.866789440625 0.8135870671875001 0.8796807859375001 0.816861059375 0.8922651937499999 0.819521178125 0.9020871703125 0.8256599140624999 0.92357274375 0.82893390625 0.9324739109375001 0.8377327609374999 0.940761203125 0.8453038671875 0.9456721921875 0.8543073453125001 0.9490484953125 0.861878453125 0.9530386734375 0.872518928125 0.9579496625000001 0.8798854109375001 0.961632903125 0.8911397578125 0.96286065 0.9034172296874999 0.9600982203124999 0.9154900749999999 0.9585635359375001 0.9249028031250001 0.954266421875 0.9347247796874999 0.9496623703125 0.9439328828125 0.9435236343750001 0.9508901171874999 0.935543278125 0.9555964796875 0.9287906687499999 0.9600982203124999 0.9205033765625 0.96050746875 0.905463475 0.9629629625 0.8916513203124999 0.967260078125 0.8759975437499999 0.9688970734375 0.8627992640625 0.9674647015625 0.8548189078125 0.9627583390625001 0.8443830578125 0.957642725 0.8333333328125001 0.9523224875 0.8308778390624999 0.9478207484375 0.8293431546875001 0.9210149375000001 0.8136893796875 0.9048496015625 0.7995702890625 0.9005524859375 0.79742173125 0.8897073875 0.7900552484375 0.8788622875 0.782995703125 0.8710865562500001 0.7786985875 0.8588090859375 0.78146101875
3 0.443216696875 0.4030079796875 0.4348270921875 0.41375076718750003 0.422344996875 0.42295887031249996 0.40945365312500004 0.4416820140625 0.3998363 0.44996930625 0.3914466953125 0.4610190296875 0.388377328125 0.4732965015625 0.388377328125 0.48526703437499996 0.39001432343750003 0.49754450625 0.39246981718749996 0.5049109890625 0.39697155781250004 0.516881521875 0.4057704109375 0.53130755 0.4114998984375 0.5374462859375 0.41661551093750004 0.5441988953125 0.4282791078125 0.543585021875 0.443216696875 0.5420503375 0.45815428750000003 0.5420503375 0.474728871875 0.532842234375 0.48270922812499995 0.5263965625 0.4915080828125 0.5178023328125 0.4968283203125 0.50798035625 0.5015346843749999 0.49754450625 0.506445671875 0.484346225 0.5084919171875 0.467157765625 0.5072641703125 0.4585635359375 0.4998976875 0.44198895 0.48823409062499995 0.41896869218750005 0.47902598750000003 0.4057704109375 0.4640883984375 0.39564149843749996 0.4559034171875 0.395027625 0.443216696875 0.4030079796875
3 0.8534888484375 0.37783916562500003 0.8438714953125 0.3720073671875 0.8334356453125 0.367403315625 0.8291385312499999 0.36556169375 0.8217720484375001 0.3649478203125 0.8131778187500001 0.36586863125 0.806629834375 0.37077961875 0.7996726 0.3769183546875 0.793124615625 0.3839779 0.7900552484375 0.3901166359375 0.7882136281250001 0.398403928125 0.788009003125 0.41375076718750003 0.7851442609375 0.422651934375 0.7839165125 0.4324739109375 0.7759361578124999 0.44567219218750004 0.77614078125 0.45488029531249996 0.78187026875 0.4683855125 0.785758134375 0.4849600984375 0.7939431140625001 0.503683240625 0.8025373437500001 0.5174953953125 0.812154696875 0.5251688156250001 0.8246367921875001 0.526089625 0.838142009375 0.5242480046875 0.8483732343750001 0.5242480046875 0.8571720890625001 0.526089625 0.8676079390625 0.5230202578125 0.8807039078125 0.51289134375 0.8874565171875 0.50245549375 0.8942091265625001 0.496009821875 0.8987108656249999 0.48189073125000004 0.9007571109375 0.474831184375 0.8999386125 0.45917740937499996 0.8983016171875 0.44996930625 0.8929813796875001 0.43830570937499996 0.882954778125 0.42019643906250004 0.8743605484374999 0.40362185312500004 0.8655616937499999 0.3913443828125 0.8612645796875 0.3839779 0.8534888484375 0.37783916562500003
3 0.4100675265625 0.280540209375 0.4022917953125 0.27685696718749997 0.3943114390625 0.275322284375 0.3822385921875 0.275322284375 0.36996112187499997 0.2731737265625 0.3609576421875 0.2744014734375 0.35236341250000003 0.2783916515625 0.34499693124999997 0.28023327187499997 0.33517495468749997 0.2891344390625 0.3319009625 0.2949662375 0.32883159375000004 0.296193984375 0.3216697359375 0.29742173125 0.3165541234375 0.3007980359375 0.31287088125 0.3044812765625 0.306527521875 0.3109269484375 0.303662778125 0.31829343125 0.301616534375 0.3262737875 0.3005934109375 0.3360957640625 0.29752404375 0.3508287296875 0.298547165625 0.3627992640625 0.298547165625 0.3713934921875 0.30284428124999996 0.37231430312499997 0.3110292609375 0.369551871875 0.3241252296875 0.36586863125 0.32862696874999997 0.36034376875 0.3402905671875 0.35911602187499997 0.3492940453125 0.3597298953125 0.3640270109375 0.3609576421875 0.37303048906249997 0.3588090859375 0.3889912015625 0.3572744015625 0.398813178125 0.35604665468749996 0.4072027828125 0.354205034375 0.41313689374999996 0.35021485625 0.41661551093750004 0.3465316140625 0.42111725 0.3403928796875 0.42398199375 0.337016575 0.42848373281249996 0.33394720625 0.4309392265625 0.324739103125 0.4311438515625 0.322590546875 0.4311438515625 0.3106200125 0.422344996875 0.30171884531250004 0.41600163749999997 0.2949662375 0.41313689374999996 0.2848373234375 0.4100675265625 0.280540209375
3 0.999795375 0.9996930624999999 0.999795375 0.9324739109375001 0.9952936359375 0.9294045421874999 0.9864947828125 0.926335175 0.9766728046875001 0.9229588703125 0.9691016984375 0.9232658078125 0.9600982203124999 0.9205033765625 0.9555964796875 0.9287906687499999 0.9508901171874999 0.935543278125 0.9439328828125 0.9435236343750001 0.9347247796874999 0.9496623703125 0.9249028031250001 0.954266421875 0.9154900749999999 0.9585635359375001 0.9034172296874999 0.9600982203124999 0.8911397578125 0.96286065 0.8798854109375001 0.961632903125 0.877839165625 0.9680785765625 0.8678125640625 0.97084100625 0.862083078125 0.9757519953125 0.8596275828125 0.9877225296875001 0.8569674640624999 0.9987722531250001 0.9474115 0.9996930624999999 0.999795375 0.9996930624999999
3 0.6155105375 0.279005525 0.6054839375000001 0.27010435781250003 0.5913648453125 0.2648864328125 0.582770615625 0.264272559375 0.5733578875 0.268569675 0.5586249234375 0.2786985875 0.547370575 0.28852056406250004 0.5310006140625 0.2992633515625 0.5244526296875 0.309085328125 0.5152445265625001 0.3201350515625 0.50255780625 0.337937384375 0.4953959484375 0.3517495390625 0.490484959375 0.3649478203125 0.4859832203125 0.3861264578125 0.4872109671875 0.40208717031249996 0.48700634374999996 0.4152854515625 0.48823409062499995 0.41896869218750005 0.4998976875 0.44198895 0.5072641703125 0.4585635359375 0.514630653125 0.4588704734375 0.5256803765625 0.46040515624999995 0.5377532234375 0.46286065 0.5498260687500001 0.46470227187499996 0.56067116875 0.46562308124999996 0.5694700218750001 0.46562308124999996 0.5782688765625 0.4640883984375 0.5887047265625001 0.45672191562500003 0.5981174546875 0.4422958875 0.6034376921875 0.4309392265625 0.608962553125 0.4106814 0.6110087984375 0.3980969921875 0.6189891546874999 0.3876611421875 0.6267648859375 0.38060159531250004 0.625127890625 0.3720073671875 0.624923265625 0.36065070625 0.6265602625 0.3529772859375 0.6306527515625 0.343155309375 0.6343359937499999 0.335481890625 0.638019234375 0.3271945984375 0.6367914875 0.31675874843749996 0.6310620015625 0.30233271875 0.6243093921875 0.28882750156250003 0.6155105375 0.279005525
3 0.99222426875 0.6556169421875 0.9834254140625 0.6556169421875 0.975240434375 0.653775321875 0.9731941890625 0.6454880296875001 0.9678739515625001 0.6494782078125 0.9625537140624999 0.6507059546875 0.9590750968749999 0.64978514375 0.9492531203125001 0.6479435234375 0.93943114375 0.648557396875 0.926335175 0.6494782078125 0.916922446875 0.6494782078125 0.905463475 0.6470227140625 0.8958461218749999 0.6543891953125 0.89216288125 0.6614487421875 0.885819521875 0.6715776546875001 0.88152240625 0.684469 0.8786576625 0.695825659375 0.8755882953125 0.7308164515625 0.8790669125000001 0.7492326578124999 0.88152240625 0.7615101296875 0.8905258843749999 0.7817679562500001 0.9048496015625 0.7995702890625 0.9210149375000001 0.8136893796875 0.9478207484375 0.8293431546875001 0.9600982203124999 0.8333333328125001 0.975240434375 0.8376304484375 0.9948843875 0.8416206265625 0.999795375 0.8437691828125 0.999795375 0.6503990171875 0.99222426875 0.6556169421875
3 0.3519541640625 0.47575199531249995 0.345815428125 0.467157765625 0.33517495468749997 0.4597912828125 0.3257622265625 0.44996930625 0.31819111875 0.43984039218750004 0.30795989375 0.4416820140625 0.29036218593749996 0.44444444375 0.2772662171875 0.4524248 0.2674442390625 0.46562308124999996 0.26048700625 0.4840392875 0.25537139375 0.5055248625 0.2520974015625 0.5248618781250001 0.2523020265625 0.5506445671875 0.25312052343749997 0.569674646875 0.2586453859375 0.5911602203124999 0.2707182328125 0.6037446281250001 0.2795170859375 0.6178637203124999 0.28933906249999997 0.624923265625 0.306527521875 0.6289134437499999 0.3175772453125 0.6325966843749999 0.32883159375000004 0.6430325359375 0.33988131718750003 0.643646409375 0.35604665468749996 0.646101903125 0.36996112187499997 0.6454880296875001 0.3832617140625 0.6387354203125 0.3981993046875 0.6289134437499999 0.40945365312500004 0.6123388578125 0.41518313906250004 0.6022099453124999 0.419480253125 0.5810313078125 0.419480253125 0.5598526703125 0.41661551093750004 0.5441988953125 0.4114998984375 0.5374462859375 0.4057704109375 0.53130755 0.39697155781250004 0.516881521875 0.39246981718749996 0.5049109890625 0.385717209375 0.498465315625 0.3732351140625 0.49662369531249995 0.361776140625 0.494782075 0.3587067734375 0.493554328125 0.3519541640625 0.47575199531249995
3 0.6871291187499999 0.30171884531250004 0.674851646875 0.2992633515625 0.658890934375 0.30233271875 0.6500920812500001 0.309392265625 0.6410886031249999 0.322590546875 0.638019234375 0.3271945984375 0.6343359937499999 0.335481890625 0.6306527515625 0.343155309375 0.6265602625 0.3529772859375 0.624923265625 0.36065070625 0.625127890625 0.3720073671875 0.6267648859375 0.38060159531250004 0.6329036218749999 0.3996316765625 0.6363822390625 0.40669122187499995 0.648864334375 0.42111725 0.6586863109375 0.42879066874999994 0.66605279375 0.441068140625 0.6717822796874999 0.45641497812500004 0.677307140625 0.4693063234375 0.6838551265625 0.47605893125 0.690607734375 0.4791283 0.703703703125 0.47667280468750006 0.715981175 0.474831184375 0.7319418859375 0.46040515624999995 0.7401268671875 0.45764272500000003 0.751176590625 0.46040515624999995 0.7618170656250001 0.45672191562500003 0.76836505 0.451503990625 0.7759361578124999 0.44567219218750004 0.7839165125 0.4324739109375 0.7851442609375 0.422651934375 0.788009003125 0.41375076718750003 0.7882136281250001 0.398403928125 0.7867812562500001 0.38674033125 0.7843257625 0.3729281765625 0.78187026875 0.36464088437500003 0.77614078125 0.35543278125 0.769592796875 0.347452425 0.7585430734374999 0.3373235109375 0.7479025984375001 0.32811540781250004 0.740945365625 0.3244321671875 0.732965009375 0.3192142421875 0.7208921625 0.311540821875 0.703703703125 0.3044812765625 0.6871291187499999 0.30171884531250004
0 0.8629015750000001 0.9033149171874999 0.8645385718749999 0.9027010437499999 0.8663801921875001 0.89748311875 0.86597094375 0.895948434375 0.8651524453125001 0.895027625 0.8639246984375 0.893492940625 0.8606507062500001 0.895027625 0.859013709375 0.8987108656249999 0.8608553296875 0.9017802328125001 0.8629015750000001 0.9033149171874999
0 0.862083078125 0.8244321671874999 0.864333946875 0.827808471875 0.867403315625 0.8293431546875001 0.8676079390625 0.8275015343750001 0.8651524453125001 0.825046040625 0.8626969515624999 0.8228974828125001 0.8612645796875 0.8216697359375 0.862083078125 0.8244321671874999
0 0.8925721296875 0.9281767953125 0.888070390625 0.9189686921875 0.88663801875 0.906691221875 0.8878657656250001 0.8971761812500001 0.8935952531250001 0.8833640265625 0.8937998765625 0.8713934921875 0.894823 0.864333946875 0.89216288125 0.8588090859375 0.8901166359375001 0.8646408843750001 0.8876611421874999 0.8756906078125001 0.8841825249999999 0.885819521875 0.8835686515625 0.8947206874999999 0.8821362796875001 0.903621853125 0.8802946593750001 0.9085328421875 0.8745651734375001 0.9140577046875 0.8710865562500001 0.9198895031250001 0.869858809375 0.922651934375 0.8682218125000001 0.930018415625 0.8678125640625 0.9346224671875 0.869858809375 0.935543278125 0.875179046875 0.930018415625 0.8813177812499999 0.9244935546875 0.8837732765625 0.922651934375 0.8856148968750001 0.926335175 0.8915490078125 0.9333947203124999 0.8966646203125 0.937998771875 0.8978923671875 0.9346224671875 0.8925721296875 0.9281767953125
3 0.2891344390625 0.822590546875 0.27644771874999996 0.8118477593750001 0.26253325156249996 0.7992633515625001 0.24452629374999998 0.785451196875 0.23449969375 0.772559853125 0.22672396093749997 0.769797421875 0.211581746875 0.774708409375 0.1948025375 0.7796193984374999 0.185389809375 0.78698588125 0.1729077140625 0.8047882140624999 0.16574585625 0.826580725 0.16083486875 0.8471454875 0.1577655 0.8661755671875 0.14998976875 0.8990178015625 0.14732965 0.9217311234375 0.1483527734375 0.9456721921875 0.1518313890625 0.96286065 0.159197871875 0.9815837937499999 0.1706568453125 0.9944751374999999 0.180274196875 0.9996930624999999 0.27624309375 0.9996930624999999 0.316963371875 0.9993861265625 0.31819111875 0.98956415 0.32371598125 0.9815837937499999 0.33271945937499997 0.97084100625 0.340904440625 0.9573357890624999 0.3478616734375 0.943216696875 0.35502353124999997 0.9297114796875 0.3582975234375 0.9134438312500001 0.35911602187499997 0.8937998765625 0.35666052812500004 0.8812154703124999 0.35072641718750003 0.8686310625000001 0.34356455937499997 0.8585021484375 0.3333333328125 0.8517495390625 0.3228974828125 0.8459177406249999 0.3102107625 0.8354818906249999 0.2891344390625 0.822590546875
3 0.28811131562500003 0.6289134437499999 0.2782893390625 0.62645795 0.2662164921875 0.6282995703124999 0.251074278125 0.6365868625 0.24166155156250002 0.643339471875 0.2349089421875 0.6614487421875 0.23122570156250002 0.6786372 0.229997953125 0.70257826875 0.22631471250000001 0.7228360953124999 0.227951709375 0.7421731125 0.2324534484375 0.7584407609375 0.2414569265625 0.7737876 0.25025578125000003 0.7872928171875 0.2584407609375 0.7943523640625 0.27706159218750004 0.80509515 0.29036218593749996 0.8133824437499999 0.3055044 0.8213628 0.322692859375 0.826580725 0.3374258234375 0.8284223453124999 0.3582975234375 0.8182934312500001 0.3732351140625 0.7980356046875 0.3812154703125 0.7808471453125 0.385307959375 0.7645794968749999 0.38551258437499997 0.7440147328125 0.38244321718749996 0.7255985265625 0.37650910625 0.7047268265625 0.3632085125 0.6835481890625 0.3490894203125 0.6632903625 0.33415183125 0.648557396875 0.3210558625 0.6387354203125 0.30795989375 0.6350521796875 0.28811131562500003 0.6289134437499999