3 0.65051903125 0.52298850625 0.6643598609375 0.511494253125 0.6782006921875 0.5 0.6851211078125 0.48850574687500004 0.688581315625 0.4712643671875 0.688581315625 0.44827586249999996 0.688581315625 0.42528735624999997 0.6782006921875 0.4080459765625 0.6608996546875 0.40229885000000004 0.6539792390625 0.413793103125 0.6470588234375 0.4310344828125 0.6401384078125 0.4425287359375 0.6297577859375 0.4425287359375 0.6159169546875 0.436781609375 0.6089965390625001 0.48275862031249994 0.612456746875 0.5057471265625 0.626297578125 0.5172413796875001 0.65051903125 0.52298850625
3 0.28027681718749997 0.413793103125 0.276816609375 0.40229885000000004 0.2664359859375 0.385057471875 0.25605536406249996 0.3793103453125 0.245674740625 0.3678160921875 0.238754325 0.3678160921875 0.2249134953125 0.3678160921875 0.2249134953125 0.3793103453125 0.2249134953125 0.3965517234375 0.2214532875 0.40229885000000004 0.228373703125 0.42528735624999997 0.238754325 0.436781609375 0.245674740625 0.44827586249999996 0.25259515625 0.45977011562500003 0.262975778125 0.45402298906249994 0.26989619375 0.4425287359375 0.27335640156249996 0.42528735624999997 0.28027681718749997 0.413793103125
3 0.38408304531250004 0.5747126437500001 0.404844290625 0.586206896875 0.4152249140625 0.586206896875 0.442906575 0.586206896875 0.453287196875 0.5747126437500001 0.45674740468749997 0.563218390625 0.45674740468749997 0.534482759375 0.4602076125 0.5057471265625 0.442906575 0.5057471265625 0.418685121875 0.5057471265625 0.3910034609375 0.5057471265625 0.38408304531250004 0.52298850625 0.387543253125 0.5574712640625 0.38408304531250004 0.5747126437500001
3 0.6643598609375 0.6091954015625001 0.688581315625 0.6091954015625001 0.705882353125 0.6034482765625 0.71280276875 0.5747126437500001 0.705882353125 0.534482759375 0.7024221453124999 0.5 0.692041521875 0.48850574687500004 0.6816609 0.4942528734375 0.6782006921875 0.5 0.6643598609375 0.511494253125 0.65051903125 0.52298850625 0.626297578125 0.52298850625 0.6228373703125001 0.5459770109375001 0.6228373703125001 0.5804597703125001 0.63321799375 0.6034482765625 0.6643598609375 0.6091954015625001
3 0.7820069203125 0.4195402296875 0.771626296875 0.4195402296875 0.7681660906250001 0.4310344828125 0.771626296875 0.465517240625 0.7785467125000001 0.48850574687500004 0.7889273359375 0.5057471265625 0.80968858125 0.511494253125 0.8200692046875 0.511494253125 0.8304498265625 0.5 0.8339100343749999 0.47701149374999996 0.8339100343749999 0.44827586249999996 0.8235294124999999 0.4425287359375 0.802768165625 0.4310344828125 0.7889273359375 0.42528735624999997 0.7820069203125 0.4195402296875
3 0.3183391 0.3505747125 0.3044982703125 0.3563218390625 0.29065743906249997 0.37356321875 0.28719723125 0.3965517234375 0.29065743906249997 0.4310344828125 0.29065743906249997 0.44827586249999996 0.294117646875 0.45977011562500003 0.307958478125 0.47701149374999996 0.325259515625 0.47701149374999996 0.3356401390625 0.47701149374999996 0.342560553125 0.4712643671875 0.356401384375 0.465517240625 0.3598615921875 0.45402298906249994 0.3633218 0.42528735624999997 0.3598615921875 0.40229885000000004 0.3460207609375 0.37356321875 0.3391003453125 0.362068965625 0.3287197234375 0.3505747125 0.3183391 0.3505747125
3 0.5813148781249999 0.5919540234375 0.5986159171875001 0.5919540234375 0.6089965390625001 0.5804597703125001 0.6159169546875 0.563218390625 0.6193771625 0.5459770109375001 0.6159169546875 0.52298850625 0.6089965390625001 0.5057471265625 0.5986159171875001 0.511494253125 0.58823529375 0.52298850625 0.5743944640625 0.5287356328125 0.5570934249999999 0.5287356328125 0.5397923875 0.5287356328125 0.5397923875 0.5517241375 0.5467128031249999 0.5689655171875 0.5605536328125 0.586206896875 0.5813148781249999 0.5919540234375
3 0.52249135 0.5057471265625 0.5294117640625 0.52298850625 0.5363321796875 0.52298850625 0.5570934249999999 0.5287356328125 0.5743944640625 0.5287356328125 0.58823529375 0.52298850625 0.5986159171875001 0.511494253125 0.6089965390625001 0.5057471265625 0.6089965390625001 0.48275862031249994 0.6089965390625001 0.465517240625 0.602076125 0.44827586249999996 0.595155709375 0.42528735624999997 0.5847750859375 0.4080459765625 0.5709342562499999 0.40229885000000004 0.55363321875 0.40229885000000004 0.5397923875 0.4080459765625 0.5259515578125 0.413793103125 0.5051903109375 0.42528735624999997 0.5051903109375 0.44827586249999996 0.5051903109375 0.47701149374999996 0.5121107265625 0.48850574687500004 0.52249135 0.5057471265625
0 0.2249134953125 0.40229885000000004 0.2249134953125 0.4080459765625 0.228373703125 0.42528735624999997 0.23529411718749998 0.4310344828125 0.245674740625 0.4425287359375 0.2422145328125 0.4310344828125 0.2422145328125 0.40229885000000004 0.238754325 0.3793103453125 0.228373703125 0.3678160921875 0.2249134953125 0.3793103453125 0.2249134953125 0.39080459843750004 0.2249134953125 0.40229885000000004
3 0.29065743906249997 0.4310344828125 0.26989619375 0.436781609375 0.26989619375 0.4425287359375 0.262975778125 0.45402298906249994 0.25259515625 0.45977011562500003 0.245674740625 0.4712643671875 0.2422145328125 0.48275862031249994 0.238754325 0.4942528734375 0.23529411718749998 0.5172413796875001 0.228373703125 0.540229884375 0.228373703125 0.5517241375 0.2422145328125 0.5574712640625 0.262975778125 0.563218390625 0.28373702500000003 0.5689655171875 0.2975778546875 0.5747126437500001 0.307958478125 0.5689655171875 0.31141868437500003 0.5517241375 0.31141868437500003 0.534482759375 0.31141868437500003 0.5 0.307958478125 0.47701149374999996 0.294117646875 0.45977011562500003 0.29065743906249997 0.44827586249999996 0.29065743906249997 0.4310344828125
3 0.12802768125 0.3678160921875 0.11072664375 0.37356321875 0.1072664359375 0.3793103453125 0.0968858125 0.3965517234375 0.0968858125 0.42528735624999997 0.103806228125 0.45402298906249994 0.1072664359375 0.48850574687500004 0.117647059375 0.5 0.1487889265625 0.52298850625 0.1626297578125 0.534482759375 0.1799307953125 0.5517241375 0.20069204218749997 0.563218390625 0.214532871875 0.5689655171875 0.2214532875 0.563218390625 0.2214532875 0.540229884375 0.231833909375 0.5057471265625 0.238754325 0.48275862031249994 0.231833909375 0.45402298906249994 0.21799307968749998 0.413793103125 0.20761245625 0.4080459765625 0.1937716265625 0.4195402296875 0.183391003125 0.42528735624999997 0.183391003125 0.436781609375 0.1764705875 0.4425287359375 0.166089965625 0.436781609375 0.15570934218750002 0.4080459765625 0.14186851250000002 0.385057471875 0.134948096875 0.3793103453125 0.12802768125 0.3678160921875
3 0.6989619375 0.48850574687500004 0.71280276875 0.5057471265625 0.73010380625 0.52298850625 0.7474048437499999 0.5172413796875001 0.7577854671875001 0.5057471265625 0.761245675 0.48275862031249994 0.7647058828125 0.45977011562500003 0.7647058828125 0.44827586249999996 0.7647058828125 0.4310344828125 0.761245675 0.413793103125 0.7577854671875001 0.40229885000000004 0.7474048437499999 0.40229885000000004 0.7439446359375 0.4080459765625 0.7335640140625 0.4080459765625 0.7266435984374999 0.4195402296875 0.716262975 0.4425287359375 0.705882353125 0.45977011562500003 0.6955017296875 0.47701149374999996 0.6989619375 0.48850574687500004
3 0.47404844218750003 0.540229884375 0.47404844218750003 0.5747126437500001 0.47750865 0.59770115 0.484429065625 0.59770115 0.498269896875 0.59770115 0.50865051875 0.6034482765625 0.52249135 0.6034482765625 0.5259515578125 0.5804597703125001 0.5294117640625 0.563218390625 0.5294117640625 0.5459770109375001 0.5294117640625 0.52298850625 0.52249135 0.5057471265625 0.5121107265625 0.48850574687500004 0.5051903109375 0.47701149374999996 0.4948096890625 0.47701149374999996 0.484429065625 0.47701149374999996 0.4809688578125 0.48275862031249994 0.47404844218750003 0.5 0.47404844218750003 0.5057471265625 0.47404844218750003 0.540229884375
0 0.7508650515624999 0.44827586249999996 0.761245675 0.44827586249999996 0.7647058828125 0.436781609375 0.761245675 0.4310344828125 0.7508650515624999 0.42528735624999997 0.7439446359375 0.4195402296875 0.7370242218749999 0.4195402296875 0.7335640140625 0.42528735624999997 0.7266435984374999 0.4310344828125 0.723183390625 0.44827586249999996 0.7335640140625 0.44827586249999996 0.7404844296875 0.4425287359375 0.7508650515624999 0.44827586249999996
3 0.325259515625 0.47701149374999996 0.3217993078125 0.5057471265625 0.3183391 0.5172413796875001 0.3183391 0.540229884375 0.3183391 0.563218390625 0.325259515625 0.5747126437500001 0.3529411765625 0.5804597703125001 0.37370242187499997 0.5804597703125001 0.38408304531250004 0.5747126437500001 0.387543253125 0.5574712640625 0.38408304531250004 0.52298850625 0.387543253125 0.48850574687500004 0.387543253125 0.4712643671875 0.3806228375 0.45977011562500003 0.3702422140625 0.45977011562500003 0.3598615921875 0.45402298906249994 0.356401384375 0.465517240625 0.342560553125 0.4712643671875 0.3356401390625 0.47701149374999996 0.325259515625 0.47701149374999996
3 0.387543253125 0.48850574687500004 0.3910034609375 0.5057471265625 0.418685121875 0.5057471265625 0.442906575 0.5057471265625 0.4602076125 0.5057471265625 0.4705882359375 0.5057471265625 0.47404844218750003 0.5 0.47750865 0.48275862031249994 0.47404844218750003 0.4712643671875 0.467128028125 0.45402298906249994 0.4602076125 0.4310344828125 0.4602076125 0.4195402296875 0.44636678124999996 0.4080459765625 0.4256055359375 0.3965517234375 0.397923875 0.4080459765625 0.37716262968750003 0.4195402296875 0.37716262968750003 0.44827586249999996 0.3806228375 0.45977011562500003 0.387543253125 0.4712643671875 0.387543253125 0.48850574687500004