3 0.4423333328125 0.62 0.4556666671875 0.658 0.487 0.7005 0.5093333328125 0.72 0.5343333328125001 0.725 0.5516666671875 0.724 0.564 0.709 0.5773333328125 0.6769999999999999 0.584 0.6485000000000001 0.58 0.608 0.5706666671875 0.5745 0.5573333328125 0.5485 0.5386666671875 0.5349999999999999 0.5243333328124999 0.509 0.5093333328125 0.48600000000000004 0.4853333328125 0.481 0.47300000000000003 0.48250000000000004 0.4683333328125 0.501 0.45899999999999996 0.522 0.4516666671875 0.5485 0.4423333328125 0.5865 0.4423333328125 0.62
3 0.499 0.12250000000000001 0.47933333281249996 0.14450000000000002 0.48166666718749995 0.174 0.48966666718749996 0.189 0.503 0.21600000000000003 0.516 0.2435 0.524 0.2585 0.5376666671875 0.266 0.553 0.262 0.5733333328125 0.251 0.5933333328125 0.23650000000000002 0.605 0.22599999999999998 0.622 0.21349999999999997 0.631 0.20049999999999998 0.6403333328125 0.195 0.64 0.1795 0.6313333328125 0.14750000000000002 0.617 0.119 0.6013333328125 0.091 0.5876666671875 0.0755 0.5716666671875 0.076 0.5396666671875 0.095 0.499 0.12250000000000001
3 0.3713333328125 0.2515 0.36066666718749996 0.27799999999999997 0.37 0.314 0.379 0.3445 0.3953333328125 0.3635 0.42433333281249996 0.367 0.44733333281250004 0.34900000000000003 0.46799999999999997 0.3245 0.484 0.3085 0.49766666718749997 0.2895 0.5106666671875 0.2765 0.515 0.2565 0.516 0.2435 0.503 0.21600000000000003 0.48966666718749996 0.189 0.48166666718749995 0.174 0.466 0.1505 0.4446666671875 0.1685 0.418 0.199 0.3896666671875 0.229 0.3713333328125 0.2515
3 0.7763333328125 0.5509999999999999 0.7683333328125 0.5429999999999999 0.761 0.541 0.7476666671875 0.546 0.7366666671875 0.5585 0.73 0.5685 0.7266666671875 0.5845 0.7256666671875001 0.5974999999999999 0.7226666671875 0.612 0.7190000000000001 0.6305 0.7166666671875 0.647 0.7196666671874999 0.6455 0.7253333328125 0.6435 0.7286666671875001 0.6335 0.7366666671875 0.624 0.744 0.6144999999999999 0.7593333328125 0.6075 0.7713333328124999 0.604 0.783 0.605 0.791 0.605 0.7963333328125 0.6054999999999999 0.796 0.599 0.7936666671875 0.5795 0.7906666671875 0.568 0.7849999999999999 0.558 0.7763333328125 0.5509999999999999
3 0.583 0.55 0.592 0.577 0.593 0.5974999999999999 0.5973333328125 0.6165 0.6023333328125 0.6285000000000001 0.6173333328124999 0.635 0.6446666671875 0.627 0.662 0.6165 0.6823333328125 0.597 0.6956666671875 0.5765 0.6996666671875 0.5349999999999999 0.696 0.492 0.6786666671875 0.461 0.662 0.43099999999999994 0.6543333328125 0.4245 0.6193333328125 0.41150000000000003 0.604 0.4035 0.5893333328125 0.40199999999999997 0.572 0.4145 0.5653333328125 0.4325 0.5606666671875 0.4495 0.5599999999999999 0.47450000000000003 0.571 0.507 0.583 0.55
3 0.346 0.3675 0.3573333328125 0.341 0.3613333328125 0.3215 0.3543333328125 0.305 0.3466666671875 0.2935 0.3303333328125 0.3195 0.31266666718749997 0.35750000000000004 0.29100000000000004 0.40499999999999997 0.3056666671875 0.4085 0.32166666718750003 0.40700000000000003 0.32999999999999996 0.3975 0.346 0.3675
3 0.8493333328125001 0.6765 0.8400000000000001 0.682 0.8343333328125 0.6900000000000001 0.8276666671875 0.6985 0.8196666671875 0.7055 0.8109999999999999 0.713 0.8066666671875 0.724 0.8046666671875 0.7415 0.8056666671875 0.7615000000000001 0.8063333328125 0.778 0.808 0.799 0.8143333328125 0.8130000000000001 0.8276666671875 0.817 0.8396666671874999 0.8154999999999999 0.852 0.806 0.8526666671875001 0.7809999999999999 0.8593333328125 0.763 0.866 0.753 0.8733333328124999 0.7455 0.8823333328125 0.739 0.889 0.7335 0.8963333328124999 0.7255 0.9036666671875 0.72 0.9103333328125001 0.713 0.9026666671875001 0.674 0.8933333328125 0.673 0.8779999999999999 0.6769999999999999 0.8619999999999999 0.6775 0.8493333328125001 0.6765
3 0.7246666671875001 0.0085 0.7256666671875001 0.0185 0.7346666671875 0.037 0.7416666671875001 0.05500000000000001 0.7523333328125 0.079 0.761 0.0945 0.7783333328125 0.0955 0.7923333328125 0.0925 0.8123333328125 0.08249999999999999 0.8266666671875 0.0755 0.843 0.0635 0.8496666671875 0.057999999999999996 0.8523333328125 0.045 0.8526666671875001 0.034999999999999996 0.8423333328125 0.020999999999999998 0.8283333328125 0.0055 0.8216666671875 0.0005 0.7706666671875 0.001 0.755 0.002 0.7433333328125 0.0025 0.732 0.0045 0.7246666671875001 0.0085
0 0.7953333328125 0.7155 0.7936666671875 0.718 0.7903333328125 0.724 0.7883333328125001 0.729 0.7849999999999999 0.7335 0.7823333328125 0.736 0.7853333328125001 0.7384999999999999 0.7856666671875 0.7405 0.8046666671875 0.7415 0.8066666671875 0.724 0.8056666671875 0.7224999999999999 0.7993333328125 0.7175 0.7956666671875 0.712 0.7923333328125 0.71 0.7953333328125 0.7155
3 0.697 0.015 0.6763333328125001 0.0315 0.6576666671875 0.040999999999999995 0.6396666671875 0.051500000000000004 0.62 0.065 0.6046666671875001 0.072 0.5993333328125 0.08399999999999999 0.6013333328125 0.091 0.617 0.119 0.6313333328125 0.14750000000000002 0.64 0.1795 0.6463333328124999 0.191 0.6596666671875 0.191 0.6796666671875 0.1835 0.696 0.17450000000000002 0.7073333328125 0.1645 0.7213333328125 0.154 0.734 0.14550000000000002 0.7426666671875 0.136 0.7496666671875001 0.128 0.7566666671875 0.12350000000000001 0.7626666671875 0.11699999999999999 0.764 0.10500000000000001 0.761 0.0945 0.7523333328125 0.079 0.7416666671875001 0.05500000000000001 0.7346666671875 0.037 0.7256666671875001 0.0185 0.7146666671874999 0.006 0.697 0.015
3 0.8109999999999999 0.713 0.8196666671875 0.7055 0.8276666671875 0.6985 0.8343333328125 0.6900000000000001 0.8400000000000001 0.682 0.8493333328125001 0.6765 0.8619999999999999 0.6775 0.8736666671875 0.6765 0.8656666671875 0.662 0.858 0.6519999999999999 0.8460000000000001 0.6335 0.8310000000000001 0.622 0.8186666671875 0.61 0.8053333328125 0.6075 0.791 0.605 0.783 0.605 0.7713333328124999 0.604 0.7593333328125 0.6075 0.744 0.6144999999999999 0.7366666671875 0.624 0.7286666671875001 0.6335 0.7253333328125 0.6435 0.7196666671874999 0.6455 0.7186666671874999 0.654 0.7173333328125 0.666 0.712 0.678 0.7106666671874999 0.6895 0.713 0.6990000000000001 0.7186666671874999 0.7165 0.7226666671875 0.726 0.7253333328125 0.738 0.7296666671875001 0.7565000000000001 0.746 0.7695000000000001 0.7553333328125 0.766 0.7693333328125 0.748 0.7856666671875 0.7405 0.8046666671875 0.7415 0.8066666671875 0.724 0.8109999999999999 0.713
1 0.46900000000000003 0.537 0.4756666671875 0.533 0.48333333281249996 0.5315000000000001 0.4876666671875 0.5325 0.49533333281249997 0.5285 0.4993333328125 0.529 0.5063333328125 0.526 0.5096666671875 0.5265 0.5136666671875 0.5285 0.521 0.53 0.526 0.5305 0.534 0.5325 0.5383333328125001 0.5335 0.5333333328125 0.5269999999999999 0.5246666671875 0.511 0.517 0.49800000000000005 0.5083333328124999 0.48600000000000004 0.49633333281249997 0.484 0.485 0.483 0.477 0.484 0.4726666671875 0.48650000000000004 0.46733333281249995 0.509 0.46699999999999997 0.519 0.46699999999999997 0.534 0.46900000000000003 0.537