3 0.75958188125 0.7556818187500001 0.77003484375 0.7613636359375 0.7804878046875 0.7613636359375 0.7874564453125 0.7556818187500001 0.7874564453125 0.7329545453125 0.7874564453125 0.6931818187500001 0.783972125 0.6818181812499999 0.777003484375 0.6363636359375 0.7735191640625 0.625 0.7630662015625 0.6193181812499999 0.75958188125 0.6136363640625 0.7491289203125 0.6022727265625 0.742160278125 0.6022727265625 0.7317073171875 0.6136363640625 0.7247386765625 0.6136363640625 0.717770034375 0.6306818187500001 0.7212543546875 0.6704545453125 0.7317073171875 0.7045454546875 0.7456446 0.7329545453125 0.75958188125 0.7556818187500001
1 0.5644599296874999 0.42613636406250005 0.5783972125 0.43181818125 0.5749128921875 0.39772727343750003 0.5749128921875 0.35227272656249997 0.5679442515625001 0.32954545468749996 0.5505226484375 0.3238636359375 0.5331010453125 0.3238636359375 0.5087108015624999 0.34090909062499997 0.49477351875000003 0.36931818125000004 0.5191637625000001 0.3863636359375 0.5331010453125 0.403409090625 0.55400696875 0.42045454531250004 0.5644599296874999 0.42613636406250005
1 0.1846689890625 0.6363636359375 0.174216028125 0.6420454546875 0.1707317078125 0.6761363640625 0.1707317078125 0.6988636359375 0.1777003484375 0.7159090906250001 0.1951219515625 0.6988636359375 0.2090592328125 0.6818181812499999 0.1951219515625 0.6647727265625 0.18815330937500002 0.6590909093749999 0.1846689890625 0.6363636359375
1 0.428571428125 0.34659090937500003 0.428571428125 0.3238636359375 0.4006968640625 0.3011363640625 0.379790940625 0.3011363640625 0.3623693375 0.33522727343750003 0.3588850171875 0.375 0.3658536578125 0.42045454531250004 0.3693379796875 0.42613636406250005 0.3832752609375 0.403409090625 0.4006968640625 0.38068181874999996 0.4181184671875 0.3636363640625 0.428571428125 0.34659090937500003
1 0.2613240421875 0.7102272734375 0.28222996562499997 0.6988636359375 0.28919860625 0.6875 0.28571428593750003 0.6761363640625 0.271777003125 0.6534090906250001 0.2613240421875 0.6477272734375 0.24390243906250003 0.6363636359375 0.24041811875 0.6590909093749999 0.24390243906250003 0.6988636359375 0.2613240421875 0.7102272734375
3 0.843205575 0.44886363593749995 0.8397212546875 0.45454545468749996 0.836236934375 0.48863636406250005 0.8327526125 0.49431818125 0.8397212546875 0.5056818187500001 0.8536585359375 0.5113636359375 0.8710801390625 0.5056818187500001 0.8815331015625001 0.5 0.885017421875 0.47727272656249997 0.8885017421875 0.44318181875 0.8919860625 0.3863636359375 0.8780487812500001 0.3863636359375 0.8641114984374999 0.41477272656249997 0.850174215625 0.43181818125 0.843205575 0.44886363593749995
3 0.783972125 0.44886363593749995 0.7944250875 0.47727272656249997 0.8048780484375 0.5 0.8153310109374999 0.5056818187500001 0.8292682921875001 0.5 0.836236934375 0.48863636406250005 0.8397212546875 0.45454545468749996 0.843205575 0.42045454531250004 0.8466898953124999 0.3863636359375 0.8397212546875 0.36931818125000004 0.8222996515625001 0.3863636359375 0.801393728125 0.41477272656249997 0.7909407671875 0.43181818125 0.783972125 0.44886363593749995
3 0.5644599296874999 0.6363636359375 0.5644599296874999 0.6704545453125 0.5783972125 0.6931818187500001 0.5923344953125 0.7159090906250001 0.60278745625 0.7272727265625 0.620209059375 0.7215909093749999 0.6271777000000001 0.7045454546875 0.6341463421875 0.6647727265625 0.6445993031249999 0.6477272734375 0.6445993031249999 0.6193181812499999 0.6411149828125 0.5965909093749999 0.6341463421875 0.5738636359375 0.620209059375 0.5738636359375 0.60278745625 0.5681818187500001 0.5783972125 0.5681818187500001 0.5644599296874999 0.5738636359375 0.5644599296874999 0.6022727265625 0.5644599296874999 0.6363636359375
1 0.6167247390624999 0.42613636406250005 0.6271777000000001 0.43181818125 0.6376306625 0.44318181875 0.6480836234375 0.45454545468749996 0.6550522640625001 0.465909090625 0.66202090625 0.48295454531250004 0.6655052265625 0.46022727343750003 0.6724738671875 0.42613636406250005 0.6724738671875 0.409090909375 0.66202090625 0.375 0.6445993031249999 0.375 0.6236933796875 0.39772727343750003 0.6062717765625 0.403409090625 0.595818815625 0.41477272656249997 0.595818815625 0.42045454531250004 0.60278745625 0.43181818125 0.60278745625 0.45454545468749996 0.609756096875 0.4375 0.6167247390624999 0.42613636406250005
3 0.8083623687499999 0.6079545453125 0.7979094078125 0.6079545453125 0.7874564453125 0.6136363640625 0.783972125 0.625 0.777003484375 0.6420454546875 0.7804878046875 0.6647727265625 0.783972125 0.6875 0.801393728125 0.6988636359375 0.8257839718750001 0.7272727265625 0.843205575 0.7329545453125 0.8571428578125 0.7329545453125 0.8641114984374999 0.7045454546875 0.8606271781249999 0.6704545453125 0.8571428578125 0.6306818187500001 0.843205575 0.6022727265625 0.8397212546875 0.5909090906250001 0.8222996515625001 0.5909090906250001 0.8083623687499999 0.5965909093749999 0.8083623687499999 0.6079545453125
3 0.4181184671875 0.5909090906250001 0.4181184671875 0.6136363640625 0.414634146875 0.6420454546875 0.414634146875 0.6647727265625 0.4250871078125 0.6931818187500001 0.43902439062500004 0.7045454546875 0.45296167187499997 0.7045454546875 0.470383275 0.6818181812499999 0.477351915625 0.6477272734375 0.48432055781249994 0.625 0.48780487812500006 0.6079545453125 0.48780487812500006 0.5795454546875 0.4808362375 0.5625 0.45993031406249996 0.5625 0.43902439062500004 0.5625 0.4250871078125 0.5681818187500001 0.4181184671875 0.5909090906250001
3 0.174216028125 0.6420454546875 0.1707317078125 0.6761363640625 0.1707317078125 0.6988636359375 0.1777003484375 0.7159090906250001 0.1951219515625 0.6988636359375 0.2090592328125 0.6818181812499999 0.22648083593749999 0.6704545453125 0.2369337984375 0.6590909093749999 0.2369337984375 0.6306818187500001 0.24041811875 0.6022727265625 0.2369337984375 0.5795454546875 0.22648083593749999 0.5738636359375 0.2055749125 0.5681818187500001 0.18118466875 0.5852272734375 0.174216028125 0.6136363640625 0.174216028125 0.6420454546875
0 0.139372821875 0.43181818125 0.149825784375 0.41477272656249997 0.1602787453125 0.41477272656249997 0.163763065625 0.409090909375 0.1672473875 0.39772727343750003 0.1602787453125 0.38068181874999996 0.1533101046875 0.38068181874999996 0.14634146406249998 0.39204545468749996 0.1428571421875 0.409090909375 0.139372821875 0.42045454531250004 0.139372821875 0.43181818125
3 0.0522648078125 0.38068181874999996 0.0522648078125 0.409090909375 0.055749129687499996 0.4375 0.0522648078125 0.46022727343750003 0.0522648078125 0.47727272656249997 0.05923345 0.48863636406250005 0.0696864109375 0.5 0.07665505156249999 0.5 0.08362369375 0.49431818125 0.090592334375 0.48295454531250004 0.09756097500000001 0.47727272656249997 0.1045296171875 0.47727272656249997 0.10801393749999999 0.465909090625 0.10801393749999999 0.45454545468749996 0.101045296875 0.42613636406250005 0.09756097500000001 0.409090909375 0.07665505156249999 0.39204545468749996 0.0627177703125 0.36931818125000004 0.055749129687499996 0.3636363640625 0.0522648078125 0.38068181874999996
3 0.10801393749999999 0.33522727343750003 0.09756097500000001 0.34659090937500003 0.09407665468750001 0.3636363640625 0.09756097500000001 0.39204545468749996 0.09756097500000001 0.409090909375 0.101045296875 0.42613636406250005 0.10801393749999999 0.45454545468749996 0.1184668984375 0.46022727343750003 0.13240418125 0.465909090625 0.1428571421875 0.47727272656249997 0.15679442500000002 0.48863636406250005 0.1602787453125 0.49431818125 0.1707317078125 0.5 0.18118466875 0.48863636406250005 0.18118466875 0.47727272656249997 0.1846689890625 0.46022727343750003 0.1846689890625 0.44886363593749995 0.174216028125 0.42613636406250005 0.1707317078125 0.409090909375 0.1672473875 0.39204545468749996 0.163763065625 0.375 0.1533101046875 0.36931818125000004 0.14634146406249998 0.3636363640625 0.13240418125 0.35227272656249997 0.12195121874999999 0.34090909062499997 0.10801393749999999 0.33522727343750003
3 0.25783972187500004 0.5511363640625 0.24738675937500001 0.5681818187500001 0.24390243906250003 0.6022727265625 0.24041811875 0.6306818187500001 0.24041811875 0.6590909093749999 0.24390243906250003 0.6988636359375 0.2613240421875 0.7102272734375 0.28222996562499997 0.6988636359375 0.2926829265625 0.6818181812499999 0.306620209375 0.6477272734375 0.31358885000000003 0.6193181812499999 0.306620209375 0.5795454546875 0.2996515671875 0.5454545453125 0.2926829265625 0.5340909093749999 0.271777003125 0.5397727265625 0.25783972187500004 0.5511363640625
3 0.6968641109375 0.7272727265625 0.7073170734375 0.7215909093749999 0.71080139375 0.6931818187500001 0.717770034375 0.6306818187500001 0.7073170734375 0.5909090906250001 0.7003484328125 0.5795454546875 0.6898954703125 0.5738636359375 0.6794425093750001 0.5738636359375 0.6655052265625 0.5795454546875 0.6550522640625001 0.5909090906250001 0.65156794375 0.6022727265625 0.6445993031249999 0.6363636359375 0.6585365859375 0.7102272734375 0.6829268296875 0.7272727265625 0.6968641109375 0.7272727265625
3 0.320557490625 0.5795454546875 0.31358885000000003 0.6079545453125 0.3170731703125 0.6420454546875 0.320557490625 0.6704545453125 0.3240418125 0.7045454546875 0.33797909375 0.7102272734375 0.3588850171875 0.7102272734375 0.3693379796875 0.6931818187500001 0.379790940625 0.6761363640625 0.390243903125 0.6534090906250001 0.39721254375 0.6420454546875 0.4006968640625 0.625 0.40418118437499995 0.6079545453125 0.40418118437499995 0.5909090906250001 0.40418118437499995 0.5738636359375 0.4006968640625 0.5568181812499999 0.38675958125 0.5454545453125 0.3623693375 0.5454545453125 0.34843205625 0.5511363640625 0.331010453125 0.5568181812499999 0.320557490625 0.5795454546875
3 0.2125435546875 0.30681818125000004 0.20209059218749997 0.28977272656249997 0.1846689890625 0.28977272656249997 0.1777003484375 0.30681818125000004 0.1707317078125 0.3238636359375 0.1672473875 0.34090909062499997 0.163763065625 0.35795454531250004 0.163763065625 0.375 0.1672473875 0.39204545468749996 0.1707317078125 0.409090909375 0.174216028125 0.42613636406250005 0.1846689890625 0.44886363593749995 0.1846689890625 0.46022727343750003 0.18815330937500002 0.471590909375 0.1951219515625 0.47727272656249997 0.198606271875 0.48295454531250004 0.2055749125 0.48295454531250004 0.21602787499999998 0.471590909375 0.22648083593749999 0.45454545468749996 0.24041811875 0.42613636406250005 0.233449478125 0.3863636359375 0.22996515624999997 0.35227272656249997 0.22648083593749999 0.32954545468749996 0.2125435546875 0.30681818125000004
3 0.6829268296875 0.41477272656249997 0.7003484328125 0.44886363593749995 0.71080139375 0.47727272656249997 0.717770034375 0.5056818187500001 0.728222996875 0.5227272734375 0.742160278125 0.5284090906250001 0.752613240625 0.5227272734375 0.75958188125 0.5 0.77003484375 0.465909090625 0.7804878046875 0.44318181875 0.7804878046875 0.43181818125 0.7909407671875 0.3636363640625 0.7630662015625 0.3636363640625 0.7317073171875 0.3636363640625 0.7142857140625 0.36931818125000004 0.6968641109375 0.3863636359375 0.6829268296875 0.41477272656249997
0 0.5574912890625 0.41477272656249997 0.5644599296874999 0.41477272656249997 0.5679442515625001 0.41477272656249997 0.5714285718750001 0.41477272656249997 0.5679442515625001 0.403409090625 0.5574912890625 0.403409090625 0.5505226484375 0.403409090625 0.5505226484375 0.41477272656249997 0.5574912890625 0.41477272656249997
3 0.1045296171875 0.5795454546875 0.09407665468750001 0.6079545453125 0.0871080140625 0.6363636359375 0.090592334375 0.6704545453125 0.1114982578125 0.6761363640625 0.125435540625 0.6590909093749999 0.149825784375 0.6590909093749999 0.163763065625 0.6477272734375 0.1707317078125 0.6363636359375 0.1707317078125 0.6193181812499999 0.1707317078125 0.5965909093749999 0.1672473875 0.5795454546875 0.15679442500000002 0.5738636359375 0.139372821875 0.5795454546875 0.12891986093750002 0.5795454546875 0.125435540625 0.5681818187500001 0.1045296171875 0.5795454546875
1 0.6829268296875 0.7102272734375 0.693379790625 0.7215909093749999 0.6968641109375 0.7272727265625 0.7073170734375 0.7159090906250001 0.71080139375 0.6931818187500001 0.71080139375 0.6590909093749999 0.7142857140625 0.6363636359375 0.7073170734375 0.6477272734375 0.6968641109375 0.6704545453125 0.6829268296875 0.6818181812499999 0.6759581875 0.6931818187500001 0.6829268296875 0.7102272734375
3 0.4912891984375 0.5681818187500001 0.4912891984375 0.5852272734375 0.49477351875000003 0.625 0.4982578390625 0.6420454546875 0.5087108015624999 0.6704545453125 0.5191637625000001 0.6818181812499999 0.5365853656249999 0.6818181812499999 0.54355400625 0.6761363640625 0.55400696875 0.6534090906250001 0.560975609375 0.6306818187500001 0.560975609375 0.6022727265625 0.5574912890625 0.5738636359375 0.5400696859375 0.5625 0.522648084375 0.5625 0.5017421609375 0.5625 0.4912891984375 0.5681818187500001
0 0.3832752609375 0.39772727343750003 0.379790940625 0.38068181874999996 0.3763066203125 0.3636363640625 0.3693379796875 0.35795454531250004 0.3623693375 0.35227272656249997 0.3588850171875 0.375 0.3658536578125 0.42045454531250004 0.3693379796875 0.42045454531250004 0.3832752609375 0.39772727343750003
1 0.766550521875 0.7556818187500001 0.7735191640625 0.7613636359375 0.7804878046875 0.7613636359375 0.783972125 0.75 0.7874564453125 0.7159090906250001 0.7804878046875 0.6931818187500001 0.77003484375 0.6818181812499999 0.75958188125 0.6818181812499999 0.7456446 0.6988636359375 0.7491289203125 0.7215909093749999 0.7560975609375 0.7443181812499999 0.766550521875 0.7556818187500001
3 0.5505226484375 0.3238636359375 0.5331010453125 0.3238636359375 0.5087108015624999 0.34090909062499997 0.49477351875000003 0.36931818125000004 0.48432055781249994 0.39772727343750003 0.4808362375 0.41477272656249997 0.477351915625 0.4375 0.4738675953125 0.465909090625 0.4808362375 0.48295454531250004 0.49477351875000003 0.49431818125 0.5191637625000001 0.5 0.54355400625 0.5 0.5679442515625001 0.5 0.5818815328125 0.5 0.5783972125 0.43181818125 0.5749128921875 0.39772727343750003 0.5749128921875 0.35227272656249997 0.5679442515625001 0.32954545468749996 0.5505226484375 0.3238636359375
3 0.5923344953125 0.44886363593749995 0.5993031359375001 0.471590909375 0.609756096875 0.48863636406250005 0.6376306625 0.5 0.6585365859375 0.5056818187500001 0.6655052265625 0.48863636406250005 0.668989546875 0.45454545468749996 0.6724738671875 0.43181818125 0.6724738671875 0.409090909375 0.66202090625 0.36931818125000004 0.6445993031249999 0.375 0.6236933796875 0.39204545468749996 0.6062717765625 0.403409090625 0.595818815625 0.41477272656249997 0.5923344953125 0.44886363593749995
3 0.3623693375 0.33522727343750003 0.3588850171875 0.375 0.3658536578125 0.42045454531250004 0.3658536578125 0.46022727343750003 0.3693379796875 0.471590909375 0.379790940625 0.47727272656249997 0.40766550468749996 0.48295454531250004 0.428571428125 0.48295454531250004 0.4494773515625 0.48295454531250004 0.45296167187499997 0.471590909375 0.45644599374999995 0.45454545468749996 0.45644599374999995 0.42045454531250004 0.45296167187499997 0.38068181874999996 0.4425087109375 0.35227272656249997 0.428571428125 0.3238636359375 0.4006968640625 0.3011363640625 0.379790940625 0.3011363640625 0.3623693375 0.33522727343750003
3 0.2613240421875 0.38068181874999996 0.2613240421875 0.409090909375 0.2613240421875 0.43181818125 0.26829268281249996 0.44886363593749995 0.2752613234375 0.46022727343750003 0.2996515671875 0.471590909375 0.320557490625 0.465909090625 0.33797909375 0.46022727343750003 0.34843205625 0.44318181875 0.34843205625 0.43181818125 0.3449477359375 0.3863636359375 0.33797909375 0.375 0.3240418125 0.375 0.306620209375 0.33522727343750003 0.2926829265625 0.3125 0.2752613234375 0.34090909062499997 0.2613240421875 0.38068181874999996
0 0.28919860625 0.409090909375 0.3101045296875 0.409090909375 0.320557490625 0.409090909375 0.3344947734375 0.42045454531250004 0.34843205625 0.43181818125 0.3449477359375 0.3863636359375 0.33797909375 0.375 0.3240418125 0.375 0.306620209375 0.33522727343750003 0.2926829265625 0.3125 0.2752613234375 0.34090909062499997 0.2613240421875 0.38068181874999996 0.26829268281249996 0.42045454531250004 0.2787456453125 0.41477272656249997 0.28919860625 0.409090909375