3 0.403125 0.078125 0.384375 0.08125 0.371875 0.0875 0.359375 0.09375 0.346875 0.109375 0.34375 0.121875 0.34375 0.13125 0.3375 0.1375 0.3375 0.153125 0.34375 0.1625 0.35 0.16875 0.3625 0.16875 0.365625 0.175 0.378125 0.184375 0.390625 0.190625 0.396875 0.196875 0.409375 0.203125 0.425 0.209375 0.440625 0.2125 0.4625 0.20625 0.478125 0.2 0.490625 0.19375 0.5 0.175 0.509375 0.165625 0.515625 0.15625 0.525 0.15 0.525 0.1375 0.525 0.121875 0.525 0.10625 0.525 0.09375 0.521875 0.084375 0.5125 0.071875 0.5 0.065625 0.484375 0.06875 0.46875 0.06875 0.44375 0.06875 0.421875 0.071875 0.403125 0.078125
3 0.83125 0.19375 0.83125 0.20625 0.821875 0.215625 0.8125 0.221875 0.790625 0.225 0.778125 0.2375 0.771875 0.25 0.76875 0.278125 0.76875 0.29375 0.775 0.3125 0.78125 0.321875 0.803125 0.328125 0.828125 0.334375 0.85625 0.3375 0.88125 0.3375 0.89375 0.3375 0.909375 0.33125 0.921875 0.325 0.925 0.30625 0.925 0.2875 0.91875 0.26875 0.909375 0.246875 0.90625 0.221875 0.89375 0.19375 0.88125 0.1875 0.8625 0.18125 0.840625 0.18125 0.83125 0.19375
3 0.725 0.121875 0.721875 0.13125 0.71875 0.14375 0.7125 0.159375 0.70625 0.16875 0.7 0.175 0.703125 0.1875 0.70625 0.20625 0.71875 0.21875 0.73125 0.225 0.75 0.23125 0.765625 0.23125 0.790625 0.225 0.8125 0.221875 0.821875 0.215625 0.83125 0.20625 0.83125 0.19375 0.83125 0.18125 0.828125 0.16875 0.815625 0.153125 0.79375 0.125 0.78125 0.115625 0.7625 0.115625 0.740625 0.11875 0.725 0.121875
3 0.578125 0.06875 0.559375 0.06875 0.546875 0.071875 0.5375 0.08125 0.528125 0.096875 0.525 0.10625 0.525 0.121875 0.525 0.1375 0.53125 0.15 0.54375 0.15625 0.55 0.16875 0.565625 0.1875 0.578125 0.196875 0.603125 0.209375 0.61875 0.209375 0.6375 0.20625 0.653125 0.196875 0.671875 0.184375 0.68125 0.175 0.69375 0.171875 0.70625 0.16875 0.7125 0.159375 0.71875 0.14375 0.721875 0.13125 0.715625 0.11875 0.709375 0.103125 0.696875 0.09375 0.684375 0.084375 0.678125 0.08125 0.659375 0.078125 0.646875 0.071875 0.61875 0.071875 0.6 0.06875 0.578125 0.06875
3 0.109375 0.328125 0.096875 0.325 0.078125 0.321875 0.0625 0.321875 0.053125 0.328125 0.04375 0.340625 0.04375 0.35625 0.0375 0.375 0.0375 0.390625 0.0375 0.415625 0.0375 0.428125 0.0375 0.45 0.0375 0.45625 0.04375 0.465625 0.06875 0.475 0.096875 0.478125 0.128125 0.484375 0.153125 0.484375 0.175 0.478125 0.190625 0.46875 0.203125 0.45625 0.2125 0.45 0.221875 0.434375 0.221875 0.415625 0.225 0.403125 0.215625 0.390625 0.20625 0.378125 0.1875 0.365625 0.178125 0.35625 0.1625 0.353125 0.146875 0.353125 0.128125 0.346875 0.115625 0.3375 0.109375 0.328125
3 0.309375 0.11875 0.29375 0.11875 0.275 0.11875 0.259375 0.125 0.246875 0.1375 0.234375 0.15 0.225 0.159375 0.21875 0.175 0.21875 0.190625 0.21875 0.20625 0.221875 0.21875 0.234375 0.228125 0.24375 0.234375 0.259375 0.234375 0.28125 0.234375 0.296875 0.23125 0.3125 0.215625 0.325 0.203125 0.334375 0.196875 0.340625 0.184375 0.34375 0.175 0.340625 0.165625 0.3375 0.153125 0.3375 0.1375 0.33125 0.128125 0.321875 0.11875 0.309375 0.11875
3 0.903125 0.725 0.9125 0.740625 0.928125 0.75625 0.94375 0.7625 0.959375 0.765625 0.975 0.753125 0.996875 0.74375 0.996875 0.646875 0.99375 0.646875 0.98125 0.65625 0.975 0.671875 0.95625 0.684375 0.9375 0.696875 0.91875 0.7 0.903125 0.696875 0.8875 0.6875 0.884375 0.69375 0.8875 0.70625 0.903125 0.725
3 0.871875 0.6 0.859375 0.609375 0.85625 0.625 0.859375 0.65 0.871875 0.671875 0.8875 0.6875 0.903125 0.696875 0.91875 0.7 0.9375 0.696875 0.95625 0.684375 0.975 0.671875 0.98125 0.65625 0.99375 0.646875 0.996875 0.646875 0.996875 0.553125 0.9875 0.55625 0.971875 0.5625 0.95 0.571875 0.934375 0.578125 0.915625 0.584375 0.89375 0.584375 0.8875 0.5875 0.88125 0.59375 0.871875 0.6
0 0.075 0.71875 0.0875 0.709375 0.090625 0.70625 0.0875 0.703125 0.078125 0.70625 0.06875 0.709375 0.065625 0.715625 0.075 0.71875
3 0 0.753125 0.015625 0.759375 0.03125 0.7625 0.053125 0.7625 0.06875 0.765625 0.078125 0.75625 0.090625 0.7375 0.096875 0.7125 0.1 0.703125 0.103125 0.69375 0.10625 0.68125 0.115625 0.665625 0.11875 0.65 0.11875 0.6375 0.109375 0.61875 0.09375 0.60625 0.0875 0.603125 0.075 0.596875 0.059375 0.5875 0.03125 0.584375 0 0.584375 0 0.6625 0 0.753125
3 0.909375 0.33125 0.89375 0.3375 0.88125 0.3375 0.85625 0.3375 0.859375 0.34375 0.853125 0.353125 0.828125 0.36875 0.803125 0.384375 0.79375 0.396875 0.790625 0.409375 0.790625 0.425 0.796875 0.4375 0.80625 0.446875 0.815625 0.459375 0.83125 0.46875 0.84375 0.475 0.85625 0.478125 0.871875 0.478125 0.88125 0.478125 0.896875 0.471875 0.9125 0.46875 0.928125 0.4625 0.94375 0.45625 0.95625 0.45 0.975 0.446875 0.984375 0.434375 0.984375 0.41875 0.978125 0.39375 0.971875 0.3625 0.959375 0.3375 0.953125 0.31875 0.940625 0.303125 0.925 0.296875 0.925 0.30625 0.921875 0.325 0.909375 0.33125
3 0.196875 0.19375 0.18125 0.1875 0.153125 0.190625 0.13125 0.203125 0.11875 0.21875 0.1125 0.240625 0.1125 0.26875 0.115625 0.290625 0.1125 0.315625 0.109375 0.328125 0.115625 0.3375 0.128125 0.346875 0.146875 0.353125 0.1625 0.353125 0.1875 0.346875 0.203125 0.34375 0.221875 0.3375 0.234375 0.33125 0.24375 0.325 0.253125 0.31875 0.25625 0.309375 0.259375 0.296875 0.2625 0.284375 0.2625 0.275 0.259375 0.2625 0.24375 0.234375 0.234375 0.228125 0.221875 0.21875 0.209375 0.203125 0.196875 0.19375
3 0.846875 0.5 0.84375 0.515625 0.84375 0.53125 0.846875 0.55 0.859375 0.5625 0.878125 0.578125 0.89375 0.584375 0.915625 0.584375 0.934375 0.578125 0.95 0.571875 0.971875 0.5625 0.9875 0.55625 0.996875 0.553125 0.996875 0.425 0.990625 0.425 0.984375 0.428125 0.984375 0.434375 0.975 0.446875 0.95625 0.45 0.94375 0.45625 0.928125 0.4625 0.9125 0.46875 0.896875 0.471875 0.88125 0.478125 0.871875 0.478125 0.86875 0.478125 0.859375 0.4875 0.846875 0.5
3 0 0.584375 0.03125 0.584375 0.059375 0.5875 0.084375 0.590625 0.1 0.590625 0.115625 0.5875 0.125 0.578125 0.140625 0.56875 0.153125 0.559375 0.1625 0.546875 0.165625 0.525 0.1625 0.503125 0.15 0.490625 0.128125 0.484375 0.096875 0.478125 0.06875 0.475 0.04375 0.465625 0.0375 0.45625 0.03125 0.45 0.01875 0.44375 0.009375 0.44375 0 0.44375 0 0.4875 0 0.584375