3 0.6046875 0.7451690828124999 0.6265625 0.7409420296875 0.63515625 0.74154589375 0.6453125 0.7481884062499999 0.668359375 0.7367149765625001 0.690625 0.7216183578125 0.7125 0.6980676328125 0.716796875 0.6829710140625 0.70234375 0.659420290625 0.693359375 0.6431159421875 0.68515625 0.6419082125 0.6796875 0.646135265625 0.671875 0.6413043484375 0.66953125 0.63345410625 0.661328125 0.63345410625 0.644140625 0.648550725 0.633984375 0.661231884375 0.62265625 0.664855071875 0.607421875 0.6745169078125001 0.591015625 0.679951690625 0.583203125 0.693236715625 0.58359375 0.6980676328125 0.582421875 0.7192028984375 0.58125 0.7463768109375 0.587890625 0.7542270531249999 0.6046875 0.7451690828124999
3 0.47265625 0.8109903375 0.465625 0.8369565218749999 0.46875 0.8677536234375 0.46953125 0.8925120765625 0.482421875 0.906400965625 0.5078125 0.9136473437499999 0.531640625 0.9100241546875001 0.544921875 0.9003623187500001 0.551953125 0.8864734296875 0.553515625 0.8635265703125 0.561328125 0.8067632843749999 0.559765625 0.7892512078125 0.54296875 0.7807971015625 0.512109375 0.779589371875 0.48984375 0.7952898546875 0.47265625 0.8109903375
3 0.7078125 0.8019323671875 0.71875 0.76509661875 0.723828125 0.7324879234375 0.717578125 0.7022946859375 0.7125 0.6980676328125 0.690625 0.7216183578125 0.691796875 0.7276570046875 0.693359375 0.7657004828125 0.691015625 0.8031400968750001 0.69140625 0.82608695625 0.7078125 0.8019323671875
3 0.6328125 0.870772946875 0.653125 0.87681159375 0.673828125 0.8677536234375 0.685546875 0.8568840578125 0.69140625 0.8333333328125001 0.69140625 0.82608695625 0.691015625 0.8031400968750001 0.693359375 0.7657004828125 0.691796875 0.7276570046875 0.690625 0.7216183578125 0.668359375 0.7367149765625001 0.6453125 0.7481884062499999 0.6421875 0.7741545890625 0.637890625 0.8134057968749999 0.633203125 0.8502415453125 0.6328125 0.870772946875
3 0.6359375 0.6080917875 0.628125 0.60990338125 0.623828125 0.6159420296875 0.622265625 0.6207729468750001 0.61875 0.6219806765625 0.61171875 0.6237922703125001 0.60859375 0.6195652171875 0.60546875 0.6117149765625001 0.603125 0.6050724640625 0.59921875 0.6032608703125 0.587890625 0.602053140625 0.58125 0.6044685984375 0.575 0.6117149765625001 0.569921875 0.6292270531249999 0.56640625 0.6431159421875 0.5640625 0.661231884375 0.564453125 0.6787439609375 0.568359375 0.6944444437499999 0.577734375 0.6926328500000001 0.583203125 0.693236715625 0.591015625 0.679951690625 0.607421875 0.6745169078125001 0.62265625 0.664855071875 0.633984375 0.661231884375 0.644140625 0.648550725 0.661328125 0.63345410625 0.65390625 0.625 0.647265625 0.6147343000000001 0.64140625 0.60990338125 0.6359375 0.6080917875
3 0.371484375 0 0.355078125 0.0030193234374999997 0.33828125 0.02536231875 0.340625 0.07004830937499999 0.3515625 0.12439613593750001 0.362109375 0.156400965625 0.387890625 0.18417874375 0.41484375 0.19987922656249998 0.430078125 0.207125603125 0.446484375 0.18236714999999998 0.46015625 0.1340579703125 0.467578125 0.0845410625 0.467578125 0.0301932359375 0.44921875 0 0.448046875 0 0.373046875 0 0.371484375 0
3 0.471484375 0.090579709375 0.472265625 0.127415459375 0.4859375 0.1473429953125 0.526171875 0.15579710156249998 0.551953125 0.154589371875 0.57734375 0.1328502421875 0.58671875 0.112318840625 0.586328125 0.088768115625 0.569921875 0.004227053125 0.51953125 0.0030193234374999997 0.479296875 0.0048309171875000004 0.4765625 0.042874396875 0.471484375 0.090579709375
3 0.47265625 0.43417874375 0.46015625 0.4353864734375 0.450390625 0.44263285 0.445703125 0.46256038593750004 0.440234375 0.47524154531249996 0.432421875 0.47765700468750005 0.426171875 0.47644927499999995 0.415625 0.47765700468750005 0.40625 0.4800724640625 0.398046875 0.4830917875 0.3953125 0.49818840625 0.3984375 0.5205314015625 0.401953125 0.5326086953125 0.4046875 0.5434782609375 0.409765625 0.5458937203125 0.416015625 0.568236715625 0.421484375 0.5845410625 0.426953125 0.5948067640625 0.4390625 0.59963768125 0.45078125 0.6008454109375 0.458984375 0.5990338171875 0.465234375 0.5942028984375 0.471875 0.580917875 0.476953125 0.5694444437499999 0.48515625 0.5634057968749999 0.498046875 0.5688405796875 0.507421875 0.5670289859375 0.51796875 0.5609903375 0.53203125 0.5543478265624999 0.54453125 0.5501207734375 0.546875 0.5513285031249999 0.543359375 0.5374396140625 0.54140625 0.5289855078125 0.53671875 0.5157004828125 0.533203125 0.5066425125 0.52421875 0.497584540625 0.515234375 0.4897343 0.511328125 0.4842995171875 0.505859375 0.4698067640625 0.49921875 0.45772946875000003 0.4921875 0.44746376874999994 0.48359375 0.438405796875 0.47265625 0.43417874375
3 0.5546875 0.889492753125 0.564453125 0.9003623187500001 0.58046875 0.8997584546875 0.606640625 0.8967391296875 0.61796875 0.881038646875 0.621875 0.8647343 0.626953125 0.843599034375 0.63359375 0.8146135265625001 0.6421875 0.7741545890625 0.633203125 0.7542270531249999 0.623046875 0.7554347828125 0.6 0.7620772953125 0.5796875 0.769323671875 0.562890625 0.7783816421875 0.561328125 0.8067632843749999 0.553515625 0.8635265703125 0.5546875 0.889492753125
3 0.23046875 0.10386473437499999 0.2296875 0.127415459375 0.230859375 0.15277777812499999 0.23359375 0.1660628015625 0.24140625 0.16183574843749998 0.2578125 0.17391304375 0.28828125 0.19746376875 0.306640625 0.19746376875 0.3203125 0.1727053140625 0.335546875 0.1491545890625 0.337109375 0.12258454062499999 0.334765625 0.08333333281250001 0.333203125 0.0561594203125 0.323828125 0.0392512078125 0.3046875 0.019927535937499997 0.298046875 0.016304348437499998 0.261328125 0.015096618749999999 0.2375 0.0169082125 0.22109375 0.036835748437499996 0.2234375 0.0742753625 0.23046875 0.10386473437499999
3 0.64296875 0.14794685937500002 0.67109375 0.1467391296875 0.70078125 0.1346618359375 0.7125 0.118961353125 0.73046875 0.12318840625000001 0.74140625 0.1080917875 0.741796875 0.051328503125 0.73515625 0.0036231890624999997 0.733984375 0.0012077296875000001 0.587890625 0 0.59375 0.0640096625 0.605078125 0.11413043437499999 0.621875 0.1407004828125 0.64296875 0.14794685937500002
3 0.414453125 0.7427536234375001 0.398046875 0.743961353125 0.38125 0.7536231890625 0.36328125 0.76871980625 0.351171875 0.788043478125 0.34609375 0.8158212562499999 0.34765625 0.8508454109375 0.3484375 0.8743961359375 0.36171875 0.896135265625 0.379296875 0.904589371875 0.409765625 0.9070048312500001 0.42890625 0.908816425 0.444140625 0.906400965625 0.45703125 0.8967391296875 0.465234375 0.89009661875 0.466796875 0.8677536234375 0.462109375 0.8152173906250001 0.458203125 0.7832125609375 0.4421875 0.76871980625 0.426171875 0.7506038640625 0.414453125 0.7427536234375001
3 0.76484375 0.10688405781250002 0.796484375 0.0990338171875 0.819921875 0.086956521875 0.8375 0.0640096625 0.848046875 0.03864734375 0.8484375 0.0012077296875000001 0.7484375 0.0012077296875000001 0.749609375 0.024154589062500002 0.75078125 0.0712560390625 0.749609375 0.10386473437499999 0.76484375 0.10688405781250002