0 0.3925970875 0.542689434375 0.3886529125 0.538954109375 0.38774271875 0.5368196375000001 0.386832525 0.5336179296875 0.3847087375 0.53255069375 0.3810679609375 0.5317502671875001 0.37803398125 0.5312166484375 0.376516990625 0.53255069375 0.3825849515625 0.5397545359375 0.3889563109375 0.5440234796875 0.398058253125 0.5456243328125 0.3925970875 0.542689434375
0 0.50091019375 0.1248665953125 0.50091019375 0.13874066093749998 0.506371359375 0.1307363921875 0.5106189328124999 0.115795090625 0.514259709375 0.1083244390625 0.5148665046875001 0.105923159375 0.5130461171875 0.09951974375 0.51274271875 0.0861792953125 0.5157766984375 0.073639275 0.51668689375 0.0618996796875 0.511832525 0.0560298828125 0.507281553125 0.08217716093750001 0.5027305828124999 0.097918890625 0.502427184375 0.111526146875 0.50091019375 0.1248665953125
0 0.49575242656249996 0.1800960515625 0.49635922343749994 0.1758271078125 0.492718446875 0.1774279609375 0.491808253125 0.18062966875 0.4948422328125 0.1814300953125 0.49575242656249996 0.1800960515625
0 0.502427184375 0.5200106718749999 0.5003033984374999 0.5264140875 0.501516990625 0.532283884375 0.5060679609375 0.534685165625 0.5106189328124999 0.532017075 0.5139563109374999 0.528014940625 0.5157766984375 0.5229455703125 0.519417475 0.518143009375 0.5245752421875001 0.5130736390624999 0.5266990296875 0.5080042687499999 0.5294296109375 0.501600853125 0.52821601875 0.49733191093749995 0.525788834375 0.49226254062499997 0.5215412625 0.49119530468750006 0.5130461171875 0.4949306296875 0.5066747578124999 0.4994663828125 0.506371359375 0.5066702234375 0.505461165625 0.5133404484375 0.502427184375 0.5200106718749999
3 0.44629854375000005 0.3748665953125 0.41899271875000005 0.380202775 0.37712378593749996 0.3895410890625 0.350121359375 0.40661686250000006 0.3258495140625 0.443169690625 0.3015776703125 0.4893276421875 0.2888349515625 0.5336179296875 0.27336165 0.58911419375 0.269417475 0.6310032015625 0.2754854375 0.67022411875 0.2936893203125 0.70517609375 0.3209951453125 0.7222518671875 0.3577063109375 0.7403948765624999 0.3841019421875 0.749733190625 0.39168689375 0.7534685171875 0.407766990625 0.755869796875 0.42748786406250006 0.7588046953124999 0.453580096875 0.764140875 0.462378640625 0.7678762 0.5042475734375 0.7790821765625 0.5251820390625 0.7892209171875 0.5406553390625 0.8014941296875 0.5722087375 0.7998932765625 0.6268203890625 0.788954109375 0.661711165625 0.7692102453125 0.682038834375 0.746264675 0.6984223296875001 0.71371398125 0.7063106796875 0.6856990390625 0.7023665046875001 0.650747065625 0.7072208734375 0.6232657421875001 0.7169296109375 0.5875133406249999 0.71783980625 0.550693703125 0.7120752421875001 0.5200106718749999 0.6935679609375 0.49012806875 0.673240290625 0.46211312656250003 0.658677184375 0.44583777968750005 0.6462378640625001 0.42369263593750006 0.6286407765625001 0.3962113125 0.6092233015625 0.37406616875 0.57038835 0.36125933906249996 0.539441746875 0.357790821875 0.503337378125 0.363927428125 0.4733009703125 0.3705976515625 0.44629854375000005 0.3748665953125
0 0.5685679609375 0.1539487734375 0.5637135921875001 0.156350053125 0.5558252421875001 0.15608324375 0.5488470875 0.1512806828125 0.5461165046875001 0.158217715625 0.5476334953124999 0.16462113125 0.54975728125 0.1694236921875 0.5540048546875 0.1712913546875 0.5700849515625 0.1659551765625 0.5925364078124999 0.160085378125 0.590412621875 0.1579509078125 0.5800970875 0.156350053125 0.5685679609375 0.1539487734375
0 0.49120145624999995 0.5725720390625 0.48998786406250006 0.5763073640624999 0.494538834375 0.5792422625 0.5057645625 0.579509071875 0.5163834953124999 0.581109925 0.5245752421875001 0.5824439703125 0.5333737859375 0.5864461046875 0.5406553390625 0.58724653125 0.5488470875 0.5867129140625 0.5588592234374999 0.5864461046875 0.565837378125 0.585645678125 0.5682645625 0.5843116328125 0.5719053390625 0.5821771609375 0.568871359375 0.5800426890625 0.564016990625 0.578975453125 0.55946601875 0.5744397015625 0.55370145625 0.570971184375 0.548240290625 0.5744397015625 0.546419903125 0.5765741734375001 0.543082525 0.5771077906250001 0.5379247578124999 0.5765741734375001 0.53125 0.5760405546875 0.5172936890625001 0.573372465625 0.506371359375 0.57310565625 0.496662621875 0.57310565625 0.49120145624999995 0.5725720390625
0 0.4308252421875 0.5621664890625 0.4329490296875 0.560565634375 0.439927184375 0.558697971875 0.44538835 0.560565634375 0.449635921875 0.561099253125 0.45206310624999996 0.5594983984375 0.452669903125 0.557363928125 0.44629854375000005 0.5581643546875 0.43932038906250004 0.5581643546875 0.433555825 0.556830309375 0.425364078125 0.554962646875 0.42020631093749994 0.5536286015624999 0.418385921875 0.5528281749999999 0.414441746875 0.5522945578125 0.41110436874999995 0.5520277484375 0.4147451453125 0.5581643546875 0.418082525 0.558697971875 0.42597087343749995 0.5616328703125 0.4308252421875 0.5621664890625
0 0.445691746875 0.6611526140625 0.44538835 0.6670224124999999 0.4432645625 0.6736926359375001 0.444781553125 0.67876200625 0.4511529125 0.676360725 0.458434465625 0.6739594453125 0.4617718453125 0.67022411875 0.467233009375 0.6680896484375001 0.469356796875 0.6611526140625 0.467233009375 0.6534151546875 0.4620752421875 0.648078975 0.45873786406250006 0.648078975 0.44902912656250005 0.6528815375 0.44538835 0.6550160078125 0.445691746875 0.6611526140625
0 0.5163834953124999 0.235859125 0.5197208734375 0.2329242265625 0.5203276703124999 0.2305229453125 0.51850728125 0.227588046875 0.5182038828125 0.223319103125 0.5163834953124999 0.219050159375 0.51456310625 0.2182497328125 0.510315534375 0.22011739531250002 0.5094053390625 0.2286552828125 0.5084951453125 0.23479188906249998 0.5109223296875001 0.23879402343749997 0.5163834953124999 0.235859125
0 0.46966019374999995 0.593116328125 0.47239077656250006 0.5965848453125 0.4757281546875 0.601120596875 0.47663835 0.6064567765625 0.4772451453125 0.612059765625 0.480582525 0.6176627531250001 0.48665048593750004 0.6203308437499999 0.492718446875 0.620064034375 0.498483009375 0.618196371875 0.5012135921875001 0.6163287093750001 0.5012135921875001 0.613393809375 0.49908980625000005 0.6085912484375 0.49514563125000005 0.605923159375 0.48604368906250006 0.6043223046875 0.48149271875000005 0.5971184625 0.4778519421875 0.5928495203125 0.46966019374999995 0.593116328125
3 0.30946601875 0.11979722500000001 0.3219053390625 0.160618996875 0.3240291265625 0.21611526093750003 0.331614078125 0.2708111 0.3577063109375 0.3151013875 0.38197815468749996 0.34178228437499997 0.4277912625 0.36205976562500003 0.4635922328125 0.366328709375 0.4733009703125 0.3705976515625 0.503337378125 0.363927428125 0.539441746875 0.357790821875 0.57038835 0.36125933906249996 0.6092233015625 0.37406616875 0.664441746875 0.3588580578125 0.6966019421875 0.3340448234375 0.73149271875 0.3041622203125 0.74696601875 0.27508004218750004 0.75485436875 0.229989328125 0.7433252421875001 0.17876200625 0.73149271875 0.11552828125 0.7199635921875001 0.07203842031249999 0.7023665046875001 0.0421558171875 0.661711165625 0.000266809375 0.4004854375 0.000266809375 0.373483009375 0.004535753125 0.3337378640625 0.0394877265625 0.30946601875 0.0805763078125 0.30946601875 0.11979722500000001
3 0.42748786406250006 0.7588046953124999 0.407766990625 0.755869796875 0.39168689375 0.7534685171875 0.366808253125 0.7566702234375 0.35922330156250004 0.7636072578124999 0.34860436875 0.7689434359375 0.327669903125 0.7796157953125 0.31067961093749996 0.792689434375 0.297330096875 0.8057630734375 0.27912621406250004 0.823639275 0.2736650484375 0.829509071875 0.2630461171875 0.8465848453125 0.25212378593749996 0.8644610453125001 0.2487864078125 0.890608325 0.2487864078125 0.92022411875 0.260315534375 0.9567769484375 0.283677184375 0.981856990625 0.3079490296875 0.994130203125 0.3240291265625 0.999733190625 0.5828276703124999 0.999733190625 0.5910194171875001 0.978121665625 0.595266990625 0.9562433296874999 0.599211165625 0.9324973312499999 0.5964805828124999 0.9042155812500001 0.5837378640625001 0.8775346859375001 0.5722087375 0.8503201703125001 0.5643203890625 0.8324439703125 0.5533980578125 0.81696905 0.5406553390625 0.8014941296875 0.5251820390625 0.7892209171875 0.5042475734375 0.7790821765625 0.462378640625 0.7678762 0.453580096875 0.764140875 0.42748786406250006 0.7588046953124999