0 0.5676812671875 0.4015345265625 0.5694135109375 0.40792838906249995 0.570403365625 0.408354646875 0.573620390625 0.40622335937500004 0.5748577078125 0.4006820125 0.575105171875 0.3925831203125 0.575105171875 0.3840579703125 0.5738678546875 0.377664109375 0.572878 0.367007671875 0.5701559015625 0.3648763859375 0.5701559015625 0.37681159375 0.5691660484375001 0.3870417734375 0.5652066312499999 0.3947144078125 0.5676812671875 0.4015345265625
0 0.575105171875 0.41645353749999997 0.5753526359375 0.41389599375 0.5723830734375001 0.41602728125 0.57114575625 0.4181585671875 0.5731254640625 0.41858482500000005 0.575105171875 0.41645353749999997
0 0.57139321875 0.43947144062500004 0.5738678546875 0.447996590625 0.5770848796875 0.44884910468749994 0.5778272703125 0.44501278749999995 0.5760950265625 0.43904518281250005 0.5748577078125 0.434782609375 0.572878 0.42710997500000003 0.57139321875 0.42369991406249996 0.570403365625 0.42369991406249996 0.57114575625 0.41986359687499997 0.5681761937500001 0.41943734062500004 0.5681761937500001 0.42668371718750003 0.5699084390625 0.42838874687499995 0.57114575625 0.432651321875 0.57139321875 0.43947144062500004
0 0.4409799546875 0.4919011078125 0.4427122 0.48976982031249994 0.44394951718750003 0.4850809890625 0.4424647359375 0.48465473125 0.4365256125 0.4872122765625 0.4365256125 0.4906223359375 0.43776292968749997 0.492327365625 0.4409799546875 0.4919011078125
3 0.5567928734375001 0.3235294125 0.553575846875 0.333759590625 0.5528334578125 0.3393009375 0.5543182375 0.351236146875 0.5513486765625 0.40537084375 0.551843603125 0.4126172203125 0.5587725812500001 0.42625745937500004 0.568918584375 0.45652173906250004 0.57139321875 0.46163682812499995 0.5760950265625 0.46163682812499995 0.5793120515625 0.454816709375 0.5825290765625 0.4420289859375 0.5815392234375001 0.42327365781250004 0.5793120515625 0.41602728125 0.58351893125 0.40110826875 0.584508784375 0.382352940625 0.5830240046874999 0.3661551578125 0.575105171875 0.3307757890625 0.571888146875 0.32182438125 0.5686711203125 0.3179880640625 0.5652066312499999 0.3175618078125 0.5644642421875 0.31926683749999996 0.559762434375 0.3179880640625 0.5567928734375001 0.3235294125
3 0.47636723593749997 0.44501278749999995 0.4810690421875 0.44032395625 0.4850284578125 0.43137254843750006 0.4902251921875 0.4292412625 0.4897302640625 0.4254049453125 0.49269982656250005 0.41986359687499997 0.49072011875 0.41091219062500006 0.49269982656250005 0.40537084375 0.4917099734375 0.4006820125 0.49269982656250005 0.371270246875 0.49072011875 0.342710996875 0.49096758281249997 0.32395566875 0.488987875 0.321398125 0.48181143281249994 0.3145780046875 0.4741400640625 0.31159420312499997 0.46919079375 0.3120204609375 0.46300420625000005 0.3150042625 0.4592922546875 0.3201193515625 0.46300420625000005 0.3222506390625 0.46498391562499997 0.32736572812500003 0.46523137812500004 0.3350383625 0.4625092796875 0.35464620625 0.46176688906249996 0.41005967656250003 0.4612719625 0.41432225 0.462014353125 0.4134697359375 0.4625092796875 0.42369991406249996 0.47216035625 0.44032395625 0.47636723593749997 0.44501278749999995
3 0.5132392968749999 0.4620630859375 0.516208859375 0.44330775781250004 0.51868349375 0.41858482500000005 0.5199208109375 0.40409207187499996 0.52165305625 0.381926684375 0.5246226187499999 0.3388746796875 0.5236327640625 0.33461210625 0.51868349375 0.3307757890625 0.5102697359375 0.3277919859375 0.49863894999999997 0.32480818437500003 0.49492699843750004 0.3243819265625 0.49072011875 0.326939471875 0.49096758281249997 0.3435635125 0.492947290625 0.3695652171875 0.4917099734375 0.39982949687499997 0.492947290625 0.40537084375 0.49047265468749995 0.4104859328125 0.49269982656250005 0.42028985468749996 0.4978965609375 0.46376811562500003 0.5035882203125001 0.47655583906250004 0.5097748078125 0.474424553125 0.5132392968749999 0.4620630859375
0 0.41252165312500005 0.45652173906250004 0.41078940781249995 0.45652173906250004 0.409304628125 0.4607843140625 0.40979955468749996 0.465899403125 0.41202672656250006 0.4676044328125 0.41326404375000003 0.46504688906249997 0.415738678125 0.4543904515625 0.41252165312500005 0.45652173906250004
3 0.421925265625 0.3312020453125 0.41796585 0.3350383625 0.4127691171875 0.3393009375 0.40880970000000005 0.351236146875 0.4065825296875 0.3606138109375 0.404850284375 0.37425405 0.4028705765625 0.3861892578125 0.4021281859375 0.3938618921875 0.4028705765625 0.4092071609375 0.4036129671875 0.41858482500000005 0.4050977484375 0.42327365781250004 0.40757238281249997 0.4292412625 0.40806730937499996 0.43350383593749997 0.40707745624999997 0.44032395625 0.4068299921875 0.4492753625 0.40707745624999997 0.4552429671875 0.4085622375 0.45950554062500004 0.409552090625 0.46675191875 0.409304628125 0.47144075 0.41029448124999995 0.4752770671875 0.41177926249999997 0.48167092968749997 0.41301657968749994 0.48465473125 0.41524375156250004 0.4838022171875 0.41796585 0.48081841406250003 0.42217272968749997 0.4752770671875 0.4241524375 0.46419437343750003 0.42662707187500004 0.45822676875 0.4291017078125 0.44330775781250004 0.432813659375 0.432651321875 0.4330611234375 0.4121909640625 0.43479336875 0.406649615625 0.43578322187499996 0.4015345265625 0.43479336875 0.39556692187500003 0.43182380625 0.3913043484375 0.4305864890625 0.38533674375000004 0.43182380625 0.35677749375 0.43182380625 0.3350383625 0.4305864890625 0.33248081875 0.42934917031250003 0.329070759375 0.42613214531250004 0.32736572812500003 0.421925265625 0.3312020453125
0 0.46597376874999996 0.388746803125 0.46671615937500005 0.3981244671875 0.4669636234375 0.4006820125 0.47042811249999994 0.4045183296875 0.4736451375 0.40579710156250004 0.47512991875 0.40196078437500005 0.47735708906249996 0.3959931796875 0.474634990625 0.3925831203125 0.4716654296875 0.3878942875 0.46721108593749994 0.3878942875 0.46597376874999996 0.388746803125
3 0.4355357578125 0.4961636828125 0.43702053906250005 0.499147484375 0.44345459062500003 0.49744245468750004 0.44939371406250006 0.49786871250000003 0.4533531296875 0.49360613750000004 0.45310566718749995 0.4872122765625 0.45236327656249997 0.4838022171875 0.45087849531249996 0.48252344375 0.45038356874999996 0.48081841406250003 0.452858203125 0.4778346125 0.45261074062500006 0.4752770671875 0.45310566718749995 0.47144075 0.45236327656249997 0.46419437343750003 0.45236327656249997 0.4620630859375 0.4498886421875 0.45566922343750005 0.4533531296875 0.446291559375 0.45384805781250004 0.43606138124999994 0.4612719625 0.42071611249999996 0.462014353125 0.398550725 0.4625092796875 0.353793690625 0.46498391562499997 0.33461210625 0.46498391562499997 0.326939471875 0.4625092796875 0.32182438125 0.456075228125 0.3196930953125 0.4533531296875 0.3196930953125 0.45137342187499996 0.3196930953125 0.446424153125 0.3188405796875 0.44122741874999993 0.32182438125 0.43726800312499997 0.326939471875 0.43479336875 0.3329070765625 0.434050978125 0.33674339375 0.43207126875 0.340579709375 0.4308339515625 0.3849104859375 0.43207126875 0.3913043484375 0.43504083125 0.39556692187500003 0.4360306859375 0.4015345265625 0.4333085875 0.4121909640625 0.432813659375 0.432651321875 0.431081415625 0.43947144062500004 0.430339025 0.4620630859375 0.4338035140625 0.48422847343750003 0.4352882953125 0.4919011078125 0.4355357578125 0.4961636828125
3 0.5429349171875 0.474424553125 0.5459044796875 0.4684569484375 0.5491215046875 0.45780051093749996 0.54813165 0.4492753625 0.5538233109374999 0.44501278749999995 0.55258599375 0.43947144062500004 0.5523385296875001 0.4211423703125 0.5513486765625 0.40196078437500005 0.553328384375 0.37297527656249996 0.5543182375 0.349104859375 0.5528334578125 0.342284740625 0.550358821875 0.3388746796875 0.5337787671875 0.33589087812499996 0.5256124718749999 0.3333333328125 0.5236327640625 0.3350383625 0.5246226187499999 0.342284740625 0.5204157390625 0.3968456953125 0.5214055921875 0.40025575468749996 0.5345211578125 0.44288150000000004 0.53724325625 0.46888320468750005 0.5397178921875 0.4752770671875 0.5429349171875 0.474424553125
0 0.5228903734375 0.40281330000000004 0.5256124718749999 0.40707587343749996 0.5285820343750001 0.41645353749999997 0.5320465234375 0.42838874687499995 0.5352635484375 0.4377664109375 0.5392229640624999 0.43606138124999994 0.5419450625 0.42753623125000006 0.5414501359375 0.421568628125 0.53724325625 0.41432225 0.5337787671875 0.4134697359375 0.5345211578125 0.40707587343749996 0.535758475 0.3989769828125 0.5355110125 0.3917306046875 0.53402623125 0.37851662343750003 0.530314278125 0.3678601875 0.5298193515625 0.36317135624999997 0.5295718875000001 0.3576300078125 0.5268497890625 0.3516624046875 0.5236327640625 0.35890878125 0.5221479828125 0.3815004265625 0.520168275 0.3968456953125 0.5228903734375 0.40281330000000004