1 0.7154706796875 0.6678240734374999 0.7199074078125001 0.6756365734374999 0.72762345625 0.6756365734374999 0.734953703125 0.6692708328125 0.7472993828125001 0.66116898125 0.7555941359375 0.657696759375 0.7633101859375 0.659722221875 0.7692901234375 0.66116898125 0.774884259375 0.6475694437499999 0.7698688265625 0.625 0.7675540125 0.612847221875 0.759259259375 0.6154513890625 0.7519290125 0.6160300921874999 0.7488425921874999 0.6070601859375 0.738811728125 0.612847221875 0.7376543203125 0.6223958328125 0.7195216046875 0.626446759375 0.7133487656249999 0.6348379625 0.7116126546875 0.6484375 0.7127700625 0.6603009265625001 0.7154706796875 0.6678240734374999
0 0.80459105 0.521990740625 0.8051697531249999 0.5237268515625 0.806134259375 0.5251736109375 0.8072916671874999 0.5266203703125 0.8082561734375 0.5274884265625001 0.809027778125 0.527777778125 0.80960648125 0.5274884265625001 0.8097993828125001 0.5254629625 0.8072916671874999 0.522858796875 0.8055555562500001 0.5217013890625 0.8043981484374999 0.5211226859375 0.80459105 0.521990740625
0 0.725115740625 0.61429398125 0.725115740625 0.6125578703125 0.7237654328125 0.61226851875 0.723186728125 0.61429398125 0.72357253125 0.615740740625 0.7245370375 0.6154513890625 0.725115740625 0.61429398125
0 0.7405478390625 0.5231481484375 0.74112654375 0.5217013890625 0.7415123453125 0.5196759265625001 0.7403549375 0.5176504625 0.73919753125 0.5176504625 0.7384259265625001 0.5202546296875 0.7395833328125 0.5222800921874999 0.7405478390625 0.5231481484375
3 0.26292438281249997 0.6929976859375 0.2594521609375 0.69820601875 0.2557870375 0.702546296875 0.245563271875 0.7118055562500001 0.2370756171875 0.7092013890625 0.23186728437499998 0.7083333328125 0.2214506171875 0.7083333328125 0.21122685156249998 0.7161458328125 0.2004243828125 0.7126736109375 0.19463734531250002 0.7129629625 0.18769290156250001 0.7213541671875 0.1838348765625 0.7248263890625 0.1832561734375 0.738715278125 0.1917438265625 0.750578703125 0.20254629687499998 0.7702546296875 0.2054398140625 0.77633101875 0.21296296250000002 0.7835648140625 0.21739969062500003 0.7858796296875 0.23456790156250001 0.803240740625 0.2405478390625 0.8006365734375 0.25077160468750004 0.7873263890625 0.25482253125 0.7832754625 0.2644675921875 0.7789351859375 0.2689043203125 0.77633101875 0.2835648140625 0.7659143515625 0.289544753125 0.750578703125 0.2908950625 0.7439236109375 0.28915894999999997 0.7256944437499999 0.2862654328125 0.7109375 0.285108025 0.703703703125 0.281828703125 0.6863425921874999 0.2754629625 0.675347221875 0.27237654375 0.6698495375 0.2644675921875 0.66116898125 0.2604166671875 0.6571180562500001 0.25347222187499996 0.671875 0.259259259375 0.6788194437499999 0.26292438281249997 0.6929976859375
0 0.6915509265625001 0.7225115734374999 0.6956018515625 0.727141203125 0.6998456796875 0.7288773140625 0.703510803125 0.7288773140625 0.706597221875 0.7248263890625 0.7089120375 0.718171296875 0.7102623453125 0.7132523140625 0.7133487656249999 0.7092013890625 0.7154706796875 0.706597221875 0.717399690625 0.704571759375 0.7145061734375 0.702546296875 0.70601851875 0.7077546296875 0.6988811734375 0.7141203703125 0.691936728125 0.7178819437499999 0.6915509265625001 0.7225115734374999
3 0.7283950625 0.47222222187499996 0.71875 0.47366898125 0.7116126546875 0.4782986109375 0.7011959875 0.49421296249999996 0.693865740625 0.5138888890625 0.690007715625 0.5465856484375 0.687885803125 0.574652778125 0.6855709875 0.593171296875 0.6847993828125001 0.6134259265625001 0.687885803125 0.6296296296875 0.6930941359375 0.6423611109375 0.6977237656249999 0.6579861109375 0.71585648125 0.67679398125 0.73148148125 0.6793981484375 0.7438271609375 0.66898148125 0.756365740625 0.6617476859375 0.7675540125 0.6649305562500001 0.7762345671875 0.6741898140625 0.7797067906249999 0.6805555562500001 0.78607253125 0.6793981484375 0.797260803125 0.67476851875 0.8024691359375 0.6736111109375 0.8107638890625 0.668402778125 0.81539351875 0.6623263890625 0.8223379625 0.6475694437499999 0.8300540125 0.6203703703125 0.833526234375 0.59085648125 0.8265817906249999 0.561053240625 0.8196373453125 0.5271990734374999 0.8125 0.49565972187499996 0.8072916671874999 0.47569444375 0.7986111109375 0.4606481484375 0.78221450625 0.459490740625 0.7689043203125 0.45804398125 0.7636959875 0.45688657343749994 0.7546296296875 0.4626736109375 0.733989196875 0.4704861109375 0.7283950625 0.47222222187499996
0 0.7310956796875 0.5442708328125 0.729938271875 0.5413773140625 0.7283950625 0.5428240734374999 0.7287808640625 0.5451388890625 0.7301311734375 0.5460069437499999 0.7310956796875 0.5442708328125
0 0.754436728125 0.5295138890625 0.75482253125 0.5289351859375 0.7542438265625 0.5271990734374999 0.7532793203125 0.5274884265625001 0.7530864203125 0.5292245375 0.753858025 0.529803240625 0.754436728125 0.5295138890625
0 0.758294753125 0.5104166671875 0.7594521609375 0.51273148125 0.7606095671875 0.512152778125 0.7606095671875 0.5081018515625 0.759259259375 0.50491898125 0.7569444437499999 0.5054976859375 0.7569444437499999 0.5075231484375 0.758294753125 0.5104166671875
0 0.803240740625 0.609953703125 0.8042052468750001 0.6105324078125001 0.8043981484374999 0.6073495375 0.8036265437500001 0.605902778125 0.8015046296874999 0.6056134265625001 0.8020833328125001 0.6073495375 0.803240740625 0.609953703125
3 0.669367284375 0.67476851875 0.6637731484375 0.6929976859375 0.6624228390625 0.7019675921874999 0.6620370375 0.7135416671875 0.6620370375 0.723090278125 0.6624228390625 0.730902778125 0.6739969140625 0.746527778125 0.6813271609375 0.754340278125 0.68653549375 0.7581018515625 0.6956018515625 0.7659143515625 0.7015817906249999 0.7664930562500001 0.7089120375 0.7653356484375 0.718364196875 0.7757523140625 0.7210648140625 0.7832754625 0.7241512343750001 0.7899305562500001 0.730516975 0.8046875 0.741705246875 0.8000578703125001 0.7532793203125 0.788483796875 0.7609953703125 0.780671296875 0.7696759265625001 0.7679398140625 0.7714120375 0.7586805562500001 0.7752700625 0.746527778125 0.7793209875 0.725983796875 0.781828703125 0.7077546296875 0.7793209875 0.6956018515625 0.7758487656249999 0.6872106484375 0.77353395 0.6741898140625 0.7654320984375 0.6652199078125001 0.7546296296875 0.660590278125 0.745563271875 0.6643518515625 0.7386188265625 0.66898148125 0.7287808640625 0.6773726859375 0.7214506171874999 0.6785300921874999 0.71585648125 0.673321759375 0.709490740625 0.6721643515625 0.70601851875 0.667534721875 0.70216049375 0.6637731484375 0.6956018515625 0.6600115734374999 0.6847993828125001 0.6585648140625 0.6778549375 0.660590278125 0.6739969140625 0.6663773140625 0.669367284375 0.67476851875
3 0.1585648140625 0.4826388890625 0.1504629625 0.49160879687500003 0.1466049375 0.49623842656250006 0.140239196875 0.509259259375 0.136188271875 0.530671296875 0.13213734531250002 0.5515046296875 0.130401234375 0.559027778125 0.125578703125 0.5755208328125 0.125 0.5946180562500001 0.12654320937500002 0.6018518515625 0.1315586421875 0.6229745375 0.1425540125 0.6467013890625 0.14776234531250002 0.6614583328125 0.1506558640625 0.6666666671875 0.1581790125 0.6837384265625001 0.1682098765625 0.70601851875 0.178240740625 0.7126736109375 0.183063271875 0.7126736109375 0.2004243828125 0.709490740625 0.20486111093749998 0.707465278125 0.2168209875 0.703703703125 0.22164351875000002 0.7028356484375 0.2336033953125 0.6964699078125001 0.24402006250000002 0.68460648125 0.25694444375000003 0.6623263890625 0.26697530937499997 0.639178240625 0.266203703125 0.6148726859375 0.2638888890625 0.595196759375 0.25868055624999997 0.5798611109375 0.2571373453125 0.5723379625 0.2552083328125 0.55758101875 0.2501929015625 0.5335648140625 0.2478780859375 0.5182291671875 0.24112654375 0.503472221875 0.2370756171875 0.5 0.23070987656250003 0.4939236109375 0.226080246875 0.4939236109375 0.21084105000000003 0.4982638890625 0.1998456796875 0.4933449078125 0.18672839531250002 0.48379629687500003 0.1768904328125 0.48090277812500004 0.17168209843749999 0.48032407343749994 0.16300154375 0.48032407343749994 0.1585648140625 0.4826388890625