3 0.734 0.658 0.742 0.6745 0.761 0.7150000000000001 0.7809999999999999 0.718 0.808 0.7165 0.8383333328125 0.714 0.8593333328125 0.71 0.8686666671875001 0.697 0.8856666671875001 0.689 0.893 0.6795 0.891 0.6435 0.885 0.6295 0.8736666671875 0.6214999999999999 0.8536666671875001 0.623 0.8446666671875 0.6295 0.8323333328125001 0.634 0.8206666671875 0.636 0.8150000000000001 0.634 0.8093333328125001 0.6305 0.8043333328125 0.623 0.7973333328125001 0.6134999999999999 0.7746666671875 0.6134999999999999 0.7563333328125 0.624 0.74 0.642 0.734 0.658
1 0.312 0.5925 0.3183333328125 0.587 0.3223333328125 0.583 0.3253333328125 0.5755 0.32999999999999996 0.5705 0.33366666718750004 0.568 0.33799999999999997 0.562 0.33999999999999997 0.5549999999999999 0.3433333328125 0.544 0.3453333328125 0.5395 0.3483333328125 0.5355000000000001 0.354 0.5325 0.356 0.529 0.3643333328125 0.528 0.3586666671875 0.523 0.34700000000000003 0.517 0.341 0.513 0.3313333328125 0.512 0.3246666671875 0.5155000000000001 0.3193333328125 0.5205 0.3136666671875 0.53 0.3096666671875 0.5415 0.3076666671875 0.5615 0.3066666671875 0.5735 0.3083333328125 0.5815 0.312 0.5925
0 0.8843333328125 0.6245 0.8863333328125 0.626 0.8876666671875 0.626 0.8883333328124999 0.6205 0.8856666671875001 0.6195 0.882 0.6195 0.882 0.622 0.8843333328125 0.6245
3 0.37266666718749997 0.5195000000000001 0.3906666671875 0.5349999999999999 0.414 0.5375 0.42833333281249997 0.5275000000000001 0.4376666671875 0.5125 0.44166666718750003 0.492 0.44400000000000006 0.47400000000000003 0.44400000000000006 0.4605 0.437 0.44749999999999995 0.4256666671875 0.43099999999999994 0.41500000000000004 0.41900000000000004 0.4016666671875 0.40099999999999997 0.395 0.3955 0.3856666671875 0.393 0.377 0.39 0.368 0.39049999999999996 0.3623333328125 0.39449999999999996 0.3566666671875 0.40650000000000003 0.3553333328125 0.4335 0.36066666718749996 0.46349999999999997 0.36666666718749996 0.5055 0.37266666718749997 0.5195000000000001
0 0.806 0.6315000000000001 0.8066666671875 0.632 0.8086666671874999 0.632 0.8089999999999999 0.632 0.8076666671874999 0.6295 0.8063333328125 0.628 0.805 0.628 0.805 0.63 0.806 0.6315000000000001
3 0.3206666671875 0.62 0.3343333328125 0.6375 0.34700000000000003 0.65 0.3776666671875 0.6535 0.39 0.6519999999999999 0.399 0.6425 0.4073333328125 0.6315000000000001 0.4143333328125 0.6144999999999999 0.418 0.599 0.42000000000000004 0.589 0.418 0.5795 0.4186666671875 0.5519999999999999 0.4106666671875 0.5405 0.38733333281250004 0.5349999999999999 0.37 0.5305 0.3556666671875 0.521 0.3416666671875 0.513 0.3306666671875 0.511 0.323 0.516 0.317 0.521 0.31233333281250003 0.533 0.3083333328125 0.546 0.306 0.5725 0.31066666718749997 0.599 0.3206666671875 0.62
1 0.4033333328125 0.4535 0.3983333328125 0.461 0.3933333328125 0.46849999999999997 0.386 0.4835 0.37933333281250003 0.493 0.3743333328125 0.499 0.369 0.507 0.3723333328125 0.5195000000000001 0.3906666671875 0.533 0.41333333281250006 0.537 0.42766666718749996 0.5269999999999999 0.4373333328125 0.5125 0.4423333328125 0.487 0.4436666671875 0.475 0.4436666671875 0.4605 0.4373333328125 0.4485 0.42933333281249997 0.4365 0.42533333281249996 0.43099999999999994 0.41733333281249996 0.42400000000000004 0.41233333281249995 0.4245 0.409 0.434 0.40700000000000003 0.4445 0.4033333328125 0.4535
3 0.774 0.324 0.7706666671875 0.339 0.7703333328124999 0.34500000000000003 0.782 0.356 0.7926666671875 0.36 0.8053333328125 0.35750000000000004 0.8253333328125001 0.351 0.8443333328125 0.3465 0.8583333328125 0.3465 0.8716666671875 0.35 0.8676666671875 0.3355 0.8626666671875001 0.3205 0.8539999999999999 0.3055 0.8460000000000001 0.29900000000000004 0.8380000000000001 0.29100000000000004 0.834 0.28650000000000003 0.8293333328125 0.28650000000000003 0.8256666671874999 0.298 0.8109999999999999 0.304 0.7816666671875 0.3205 0.774 0.324
3 0.791 0.417 0.7966666671875 0.4295 0.8103333328125 0.442 0.828 0.4525 0.8539999999999999 0.45599999999999996 0.875 0.45499999999999996 0.8883333328124999 0.45099999999999996 0.893 0.446 0.8913333328125 0.437 0.8843333328125 0.397 0.8766666671875001 0.366 0.8713333328124999 0.351 0.8586666671875 0.3465 0.8443333328125 0.346 0.828 0.35 0.8183333328125 0.35550000000000004 0.7993333328125 0.3735 0.7873333328125 0.38849999999999996 0.7853333328125001 0.40499999999999997 0.791 0.417
3 0.7833333328125 0.5730000000000001 0.7893333328125001 0.5900000000000001 0.8006666671874999 0.613 0.8089999999999999 0.628 0.817 0.6345 0.827 0.6355000000000001 0.8356666671875 0.6335 0.8446666671875 0.6295 0.8526666671875001 0.6224999999999999 0.8726666671875 0.621 0.8873333328124999 0.63 0.898 0.6085 0.8996666671875 0.5795 0.901 0.5645 0.9013333328125 0.5535 0.9 0.5435 0.8966666671875 0.5375 0.8833333328125 0.537 0.8663333328125 0.538 0.8496666671875 0.5365 0.844 0.5465 0.8363333328125 0.548 0.8303333328125 0.5455 0.8220000000000001 0.542 0.807 0.541 0.7926666671875 0.5519999999999999 0.7843333328125001 0.558 0.7833333328125 0.5730000000000001
0 0.8236666671874999 0.5695 0.8273333328125 0.5665 0.829 0.5635 0.8303333328125 0.5589999999999999 0.8326666671874999 0.5535 0.8353333328125 0.5515 0.8366666671875 0.5495 0.8323333328125001 0.5485 0.829 0.5475 0.8263333328125 0.554 0.8230000000000001 0.558 0.8220000000000001 0.564 0.8236666671874999 0.5695
3 0.613 0.2575 0.6196666671875 0.2645 0.6243333328125 0.271 0.629 0.27949999999999997 0.6313333328125 0.28700000000000003 0.633 0.29500000000000004 0.634 0.3015 0.6316666671875 0.31 0.623 0.3265 0.6236666671875 0.3375 0.6316666671875 0.34199999999999997 0.6446666671875 0.34049999999999997 0.6556666671875 0.335 0.6643333328125001 0.327 0.6746666671875 0.3205 0.6816666671875 0.315 0.696 0.3045 0.6996666671875 0.3045 0.71 0.3 0.7233333328125 0.2955 0.727 0.29100000000000004 0.732 0.28500000000000003 0.7356666671875 0.27749999999999997 0.7333333328125 0.2645 0.7256666671875001 0.256 0.7213333328125 0.24900000000000003 0.7173333328125 0.24100000000000002 0.7133333328125 0.23650000000000002 0.7096666671875 0.233 0.6980000000000001 0.22999999999999998 0.6923333328125 0.22949999999999998 0.6853333328125 0.22749999999999998 0.6806666671875 0.227 0.669 0.22599999999999998 0.6633333328125001 0.22749999999999998 0.6553333328125001 0.22949999999999998 0.61 0.236 0.607 0.24 0.608 0.24700000000000003 0.6093333328125 0.2535 0.613 0.2575
3 0.7196666671874999 0.244 0.726 0.2515 0.732 0.258 0.735 0.265 0.7363333328125 0.274 0.733 0.284 0.7243333328125 0.2935 0.7233333328125 0.303 0.7166666671875 0.3175 0.7173333328125 0.321 0.7153333328125 0.3295 0.7163333328125 0.3345 0.7253333328125 0.3395 0.7333333328125 0.34049999999999997 0.747 0.33849999999999997 0.7946666671875 0.311 0.7986666671875 0.3075 0.8056666671875 0.303 0.8106666671875 0.3015 0.8163333328125001 0.301 0.8226666671875 0.2985 0.825 0.2925 0.827 0.286 0.827 0.279 0.825 0.2725 0.819 0.2625 0.8123333328125 0.2565 0.7973333328125001 0.2355 0.7736666671875 0.231 0.7713333328124999 0.2325 0.7426666671875 0.23349999999999999 0.738 0.236 0.7306666671875 0.238 0.7216666671875 0.238 0.7196666671874999 0.244
3 0.5306666671875 0.3195 0.534 0.3325 0.5513333328125001 0.359 0.5563333328125 0.371 0.5583333328125 0.3755 0.5756666671875 0.3565 0.5913333328125 0.33999999999999997 0.6283333328125 0.317 0.632 0.3125 0.636 0.2995 0.6313333328125 0.284 0.6243333328125 0.2725 0.61 0.2595 0.601 0.251 0.5940000000000001 0.2455 0.592 0.2425 0.5733333328125 0.244 0.5273333328125 0.2615 0.5266666671875 0.2875 0.5269999999999999 0.2945 0.5276666671875 0.3035 0.5306666671875 0.3195
3 0.44699999999999995 0.3055 0.4413333328125 0.3135 0.43600000000000005 0.3265 0.4326666671875 0.3435 0.4336666671875 0.354 0.43433333281250003 0.3605 0.4373333328125 0.3785 0.445 0.40199999999999997 0.45199999999999996 0.429 0.4646666671875 0.45599999999999996 0.47400000000000003 0.466 0.491 0.46299999999999997 0.5066666671875 0.45949999999999996 0.517 0.4445 0.5373333328125 0.42350000000000004 0.5493333328125 0.40700000000000003 0.5533333328125 0.3955 0.5536666671875 0.383 0.5526666671875 0.372 0.5506666671875 0.3585 0.5433333328125001 0.34550000000000003 0.5389999999999999 0.33599999999999997 0.5313333328125001 0.32799999999999996 0.5143333328125 0.313 0.49066666718749996 0.2975 0.4766666671875 0.2915 0.46799999999999997 0.2915 0.461 0.2935 0.45366666718750004 0.298 0.44699999999999995 0.3055
0 0.8099999999999999 0.5955 0.8119999999999999 0.593 0.8130000000000001 0.5894999999999999 0.8113333328125 0.5865 0.808 0.5855 0.8056666671875 0.5894999999999999 0.8056666671875 0.593 0.8076666671874999 0.596 0.8099999999999999 0.5955
3 0.8109999999999999 0.4495 0.8063333328125 0.45149999999999996 0.8009999999999999 0.45549999999999996 0.795 0.4665 0.7896666671875 0.47750000000000004 0.7926666671875 0.489 0.8003333328125001 0.512 0.8119999999999999 0.5269999999999999 0.8163333328125001 0.5335 0.8246666671874999 0.5415 0.8316666671874999 0.546 0.8383333328125 0.5465 0.8446666671875 0.5445 0.8493333328125001 0.537 0.858 0.536 0.8666666671875 0.5375 0.8733333328124999 0.5375 0.8806666671875 0.536 0.89 0.536 0.899 0.534 0.9033333328125 0.5295 0.9053333328125 0.512 0.9006666671874999 0.49450000000000005 0.9006666671874999 0.488 0.9003333328125 0.47850000000000004 0.8966666671875 0.4625 0.8933333328125 0.45199999999999996 0.8896666671875 0.4495 0.8859999999999999 0.4525 0.8789999999999999 0.4545 0.8673333328125 0.45549999999999996 0.8626666671875001 0.45549999999999996 0.8513333328125 0.45549999999999996 0.8403333328124999 0.4545 0.836 0.4535 0.8316666671874999 0.4525 0.8273333328125 0.45199999999999996 0.8236666671874999 0.45 0.8193333328125 0.4485 0.8146666671875 0.449 0.8109999999999999 0.4495