1 0.4350066484375 0.46475 0.4328457453125 0.47225 0.435837765625 0.47300000000000003 0.4409906921875 0.466 0.44464760625000005 0.46675000000000005 0.45113031875000004 0.4575 0.453125 0.45475000000000004 0.45877659531250004 0.45149999999999996 0.4596077125 0.4445 0.46542553125 0.446 0.4702460109375 0.45075000000000004 0.473902925 0.453 0.47589760625000005 0.45999999999999996 0.47739361718750006 0.47000000000000003 0.4790558515625 0.47874999999999995 0.480219415625 0.47975 0.482047871875 0.477 0.4815492015625 0.471 0.4793882984375 0.46449999999999997 0.4812167546875 0.45625 0.48138297812499997 0.4485 0.48105053125 0.43925000000000003 0.486702128125 0.43099999999999994 0.4886968078125 0.42325 0.486702128125 0.42074999999999996 0.482047871875 0.413 0.4562832453125 0.418 0.44714095781249996 0.41974999999999996 0.4376662234375 0.42225 0.4328457453125 0.4245 0.43151595781249996 0.43600000000000005 0.4350066484375 0.44525 0.43666888281249994 0.4525 0.4350066484375 0.46475
0 0.368849734375 0.64825 0.36901595781249996 0.64925 0.3693484046875 0.6505 0.37051196875 0.65025 0.37051196875 0.6487499999999999 0.3703457453125 0.64625 0.36968085156249997 0.647 0.368849734375 0.64825
0 0.4421542546875 0.43899999999999995 0.44331781875000004 0.441 0.4454787234375 0.44025 0.4468085109375 0.4365 0.4478058515625 0.43324999999999997 0.4502992015625 0.4285 0.4529587765625 0.42424999999999996 0.45378989374999995 0.41925 0.446974734375 0.41974999999999996 0.43816489374999995 0.42225 0.43533909531250004 0.42350000000000004 0.43450797812499997 0.42699999999999994 0.4373337765625 0.43150000000000005 0.438497340625 0.438 0.4399933515625 0.4425 0.4421542546875 0.43899999999999995
3 0.31549202187500003 0.64825 0.321309840625 0.65225 0.3272938828125 0.65125 0.33327792500000003 0.64275 0.3380984046875 0.635 0.344747340625 0.63175 0.34973404218750004 0.6275000000000001 0.3502327125 0.61825 0.352559840625 0.60775 0.35339095781249996 0.59775 0.35738031875 0.5822499999999999 0.36120345781249996 0.57675 0.37051196875 0.5667500000000001 0.36120345781249996 0.564 0.3580452125 0.56525 0.3528922875 0.572 0.34674202187500003 0.56975 0.3422539890625 0.56825 0.3380984046875 0.56825 0.33327792500000003 0.568 0.3294547875 0.571 0.32330452187500003 0.57325 0.31765292500000003 0.5962500000000001 0.31499335156249997 0.61625 0.3146609046875 0.635 0.31549202187500003 0.64825
1 0.3153257984375 0.648 0.321309840625 0.6519999999999999 0.327127659375 0.65075 0.32995345781249996 0.64625 0.3309507984375 0.64275 0.3294547875 0.63875 0.326462765625 0.6345 0.3231382984375 0.632 0.3216422875 0.633 0.317985371875 0.62975 0.31732047812499997 0.6224999999999999 0.3163231390625 0.621 0.31515957499999997 0.6207499999999999 0.314827128125 0.63425 0.3153257984375 0.648
0 0.318650265625 0.6485000000000001 0.31848404218750004 0.647 0.3188164890625 0.6457499999999999 0.3204787234375 0.6475 0.3216422875 0.648 0.3224734046875 0.6455 0.3241356390625 0.646 0.32513297812499997 0.64375 0.32513297812499997 0.63975 0.32463430781249997 0.637 0.32330452187500003 0.63525 0.3214760640625 0.634 0.31964760625 0.6327499999999999 0.3181515953125 0.63225 0.31615691562500003 0.63125 0.31615691562500003 0.6407499999999999 0.31665558437499997 0.6457499999999999 0.3174867015625 0.6487499999999999 0.318650265625 0.6485000000000001
3 0.671875 0.57925 0.681349734375 0.585 0.6863364359374999 0.58825 0.6958111703125 0.58 0.69863696875 0.577 0.6988031921875 0.56475 0.6971409578125 0.55675 0.6964760640625001 0.5455 0.694315159375 0.53825 0.68816489375 0.52925 0.6850066484374999 0.52625 0.6805186171875001 0.5285 0.67253989375 0.5285 0.669215425 0.5275000000000001 0.6648936171875001 0.52675 0.6550864359374999 0.5255 0.650099734375 0.5255 0.6444481390625 0.5287499999999999 0.6421210109375 0.53075 0.640625 0.5345 0.647440159375 0.5455 0.6584109046875 0.56825 0.662400265625 0.57525 0.671875 0.57925
1 0.6825132984375 0.575 0.6818484046875 0.5795 0.6828457453125 0.5832499999999999 0.68417553125 0.5860000000000001 0.6863364359374999 0.5872499999999999 0.692985371875 0.58275 0.69863696875 0.57725 0.6989694156249999 0.5645 0.69730718125 0.55725 0.694980053125 0.55425 0.69198803125 0.5615 0.6889960109375 0.5655 0.6856715421875 0.56925 0.6825132984375 0.575
0 0.6870013296875 0.583 0.6879986703125 0.5862499999999999 0.6934840421875 0.5820000000000001 0.69730718125 0.5780000000000001 0.6981382984375 0.57675 0.6988031921875 0.56825 0.6988031921875 0.56525 0.6974734046875 0.5587500000000001 0.6958111703125 0.55625 0.694980053125 0.5605 0.693650265625 0.5645 0.69198803125 0.5665 0.688497340625 0.56825 0.684507978125 0.5740000000000001 0.6838430843750001 0.5782499999999999 0.6853390953125 0.5815 0.6870013296875 0.583
1 0.3741688828125 0.45925000000000005 0.3771609046875 0.4575 0.3799867015625 0.4565 0.3839760640625 0.45675 0.38730053125 0.45475000000000004 0.392287234375 0.45475000000000004 0.3944481390625 0.45949999999999996 0.396775265625 0.46624999999999994 0.3986037234375 0.47225 0.40059840468749996 0.47925000000000006 0.400099734375 0.48475 0.402094415625 0.48250000000000004 0.40425531875000004 0.48 0.40575132968750005 0.4765 0.40708111718750006 0.46849999999999997 0.408577128125 0.4615 0.411735371875 0.45549999999999996 0.41472739374999995 0.44825 0.4187167546875 0.44299999999999995 0.42137632968750005 0.43875000000000003 0.42104388281249994 0.43674999999999997 0.4187167546875 0.43475 0.4168882984375 0.43525 0.41339760625000005 0.43624999999999997 0.408577128125 0.43674999999999997 0.405252659375 0.43600000000000005 0.4015957453125 0.43375 0.3996010640625 0.43125 0.3972739359375 0.42874999999999996 0.3919547875 0.42874999999999996 0.385139628125 0.43224999999999997 0.3806515953125 0.433 0.37699468125 0.43425 0.37250664843750003 0.43624999999999997 0.3711768609375 0.4385 0.37250664843750003 0.453 0.37051196875 0.45949999999999996 0.3700132984375 0.46224999999999994 0.3741688828125 0.45925000000000005
1 0.6419547875 0.4145 0.650099734375 0.4165 0.6584109046875 0.4145 0.6625664890625 0.41200000000000003 0.6680518609375 0.40875000000000006 0.672872340625 0.40549999999999997 0.677360371875 0.40225 0.6805186171875001 0.3975 0.6785239359374999 0.392 0.6720412234375 0.39049999999999996 0.6604055843750001 0.38825 0.65292553125 0.38675000000000004 0.6497672875 0.38725 0.6437832453125 0.389 0.6316489359374999 0.40125 0.6296542546875 0.40650000000000003 0.6363031921875 0.40925 0.6419547875 0.4145
0 0.3894614359375 0.43899999999999995 0.39361702187500003 0.43949999999999995 0.396775265625 0.43899999999999995 0.3997672875 0.437 0.40142952187500003 0.43525 0.3992686171875 0.4325 0.3971077125 0.43 0.39478058437499997 0.4295 0.3921210109375 0.42975 0.3884640953125 0.43150000000000005 0.3843085109375 0.433 0.381150265625 0.434 0.37749335156249997 0.43525 0.37433510625 0.43624999999999997 0.372672871875 0.43674999999999997 0.3711768609375 0.4385 0.37150930781249997 0.44075 0.3721742015625 0.45 0.37317154218750004 0.4525 0.3761635640625 0.4495 0.3816489359375 0.446 0.3849734046875 0.44275000000000003 0.3894614359375 0.43899999999999995
3 0.63347739375 0.39575 0.6299867015625 0.39925 0.6284906921875 0.40099999999999997 0.626662234375 0.4035 0.6231715421875 0.40599999999999997 0.6221742015625 0.4085 0.6218417546875 0.41150000000000003 0.62300531875 0.41500000000000004 0.6387965421875 0.42874999999999996 0.653590425 0.4445 0.6587433515625001 0.44975 0.6645611703125 0.453 0.670877659375 0.45225 0.67519946875 0.44925 0.6765292546875 0.44125 0.6815159578125 0.4325 0.6833444156249999 0.4225 0.6843417546875 0.40449999999999997 0.6833444156249999 0.40075000000000005 0.68035239375 0.39525 0.678025265625 0.3915 0.6612367015625 0.38775 0.6540890953125 0.387 0.6446143609375 0.387 0.64128989375 0.39025 0.639627659375 0.39175 0.6366356390625 0.39375 0.63347739375 0.39575
1 0.3555518609375 0.65525 0.3914561171875 0.64425 0.3999335109375 0.62975 0.4009308515625 0.628 0.402593084375 0.6252500000000001 0.4027593078125 0.6224999999999999 0.4019281921875 0.61925 0.4012632984375 0.617 0.4009308515625 0.6144999999999999 0.3992686171875 0.61125 0.3976063828125 0.615 0.39577792500000003 0.61825 0.39411569218750003 0.61975 0.39245345781249996 0.6214999999999999 0.390957446875 0.62425 0.3894614359375 0.627 0.3877992015625 0.6295 0.3859707453125 0.632 0.3839760640625 0.63325 0.382480053125 0.634 0.3806515953125 0.634 0.37865691562500003 0.63475 0.37699468125 0.638 0.375332446875 0.64 0.37433510625 0.6405000000000001 0.37167553125 0.6395 0.369514628125 0.6395 0.36785239375 0.639 0.3663563828125 0.639 0.36519281875 0.6425 0.36469414843750003 0.645 0.36269946875 0.64525 0.36120345781249996 0.645 0.3595412234375 0.6447499999999999 0.3578789890625 0.64425 0.35521941562500003 0.64325 0.3527260640625 0.64225 0.3515625 0.6415 0.35339095781249996 0.6465 0.3555518609375 0.65525
1 0.53191489375 0.44175000000000003 0.5377327125 0.45225 0.5453789890625 0.45725 0.5508643609375 0.4575 0.5551861703125 0.46175 0.5565159578125 0.466 0.55917553125 0.45499999999999996 0.5561835109375 0.44875 0.5541888296875 0.44225000000000003 0.5551861703125 0.43425 0.5571808515625001 0.42400000000000004 0.5568484046875 0.41624999999999995 0.54886968125 0.40075000000000005 0.537400265625 0.40199999999999997 0.5171210109375 0.40725 0.5041555843750001 0.41050000000000003 0.501662234375 0.41075 0.500997340625 0.41900000000000004 0.50199468125 0.42525 0.5031582453125 0.43224999999999997 0.5056515953125 0.43274999999999997 0.5079787234375 0.43600000000000005 0.50980718125 0.44175000000000003 0.5106382984375 0.449 0.51230053125 0.46349999999999997 0.51363031875 0.46975 0.5196143609375 0.461 0.5209441484374999 0.44800000000000006 0.5255984046875 0.43775000000000003 0.53191489375 0.44175000000000003
0 0.5962433515625001 0.39649999999999996 0.6010638296875 0.39825 0.603224734375 0.39875 0.6075465421875 0.39375 0.6072140953125 0.39125 0.6033909578125 0.38925 0.5969082453125 0.38849999999999996 0.591090425 0.38875000000000004 0.5884308515625001 0.39175 0.5874335109375 0.39375 0.5867686171875001 0.396 0.5909242015625 0.39649999999999996 0.5962433515625001 0.39649999999999996
3 0.37067819218750003 0.481 0.3711768609375 0.48324999999999996 0.37167553125 0.48575 0.372672871875 0.4875 0.3738364359375 0.48875 0.3758311171875 0.49024999999999996 0.3778257984375 0.492 0.37948803125 0.49325 0.3814827125 0.49400000000000005 0.383809840625 0.49450000000000005 0.38630319218750003 0.49450000000000005 0.389627659375 0.49325 0.39311835156249997 0.491 0.3946143609375 0.49050000000000005 0.3962765953125 0.48925 0.3982712765625 0.48825 0.400099734375 0.48650000000000004 0.4012632984375 0.484 0.4027593078125 0.48324999999999996 0.40408909531250004 0.48150000000000004 0.4050864359375 0.47975 0.40625 0.47725 0.40691489374999995 0.47300000000000003 0.4077460109375 0.46925 0.40841090468749996 0.46624999999999994 0.4094082453125 0.46224999999999994 0.4105718078125 0.45949999999999996 0.411735371875 0.45625 0.41323138281249994 0.4535 0.41489361718750006 0.45025000000000004 0.4175531921875 0.4455 0.4207114359375 0.44075 0.422207446875 0.43775000000000003 0.421542553125 0.43574999999999997 0.41971409531250004 0.43475 0.416389628125 0.43525 0.41489361718750006 0.43600000000000005 0.411402925 0.43600000000000005 0.40957446875 0.43600000000000005 0.407912234375 0.43600000000000005 0.40575132968750005 0.43525 0.4022606390625 0.43375 0.401097075 0.43224999999999997 0.3996010640625 0.43125 0.39910239375 0.42800000000000005 0.3971077125 0.42800000000000005 0.39577792500000003 0.4285 0.3904587765625 0.4295 0.388962765625 0.43025 0.3843085109375 0.43125 0.3828125 0.43174999999999997 0.37932180781249997 0.43224999999999997 0.3751662234375 0.4345 0.3735039890625 0.43499999999999994 0.3710106390625 0.4375 0.3721742015625 0.4535 0.3686835109375 0.4665 0.36901595781249996 0.47024999999999995 0.36984707499999997 0.47400000000000003 0.3700132984375 0.477 0.37067819218750003 0.481
3 0.431349734375 0.43075 0.431349734375 0.433 0.431349734375 0.43499999999999994 0.4311835109375 0.43674999999999997 0.43168218124999996 0.43925000000000003 0.43267952187500003 0.44125 0.433843084375 0.44349999999999995 0.4346742015625 0.4455 0.435837765625 0.4485 0.4361702125 0.45075000000000004 0.4361702125 0.454 0.43567154218750004 0.45824999999999994 0.43533909531250004 0.4615 0.43450797812499997 0.465 0.4336768609375 0.4665 0.43267952187500003 0.46875 0.4321808515625 0.47175 0.43184840468749996 0.47474999999999995 0.43168218124999996 0.477 0.432347075 0.48 0.43267952187500003 0.48250000000000004 0.4340093078125 0.485 0.4350066484375 0.487 0.43666888281249994 0.49074999999999996 0.443650265625 0.491 0.44614361718750006 0.49225 0.4493018609375 0.49225 0.45229388281249994 0.49225 0.45528590468749996 0.4925 0.4574468078125 0.493 0.46043882968750005 0.493 0.463597075 0.49225 0.4655917546875 0.49124999999999996 0.470412234375 0.4885 0.4752327125 0.48875 0.4778922875 0.485 0.479222075 0.48274999999999996 0.47988696875 0.481 0.480718084375 0.4795 0.481715425 0.47824999999999995 0.481715425 0.47625 0.481715425 0.47350000000000003 0.481715425 0.47175 0.4812167546875 0.47000000000000003 0.4790558515625 0.465 0.48105053125 0.45675 0.481715425 0.44749999999999995 0.48138297812499997 0.43925000000000003 0.4868683515625 0.43125 0.488031915625 0.42750000000000005 0.48886303125 0.42300000000000004 0.4878656921875 0.421 0.48653590468749996 0.42000000000000004 0.484707446875 0.417 0.4830452125 0.414 0.48238031875000004 0.41275000000000006 0.4502992015625 0.41875 0.433843084375 0.42300000000000004 0.43267952187500003 0.42424999999999996 0.43184840468749996 0.42575 0.43151595781249996 0.429 0.431349734375 0.43075
3 0.38098404218750004 0.57075 0.37982047812499997 0.568 0.37832446875 0.5667500000000001 0.3763297875 0.567 0.3748337765625 0.5667500000000001 0.37317154218750004 0.5655 0.37150930781249997 0.5665 0.369514628125 0.5685 0.3671875 0.57075 0.364860371875 0.5730000000000001 0.36286569218750003 0.575 0.361037234375 0.57775 0.359375 0.58025 0.3580452125 0.58425 0.3565492015625 0.58775 0.35571808437499997 0.591 0.3547207453125 0.59525 0.3537234046875 0.5995 0.3530585109375 0.6042500000000001 0.352559840625 0.6075 0.3515625 0.613 0.350565159375 0.618 0.3502327125 0.62275 0.349900265625 0.626 0.349900265625 0.6315000000000001 0.3502327125 0.635 0.35089760625 0.638 0.3513962765625 0.6415 0.352559840625 0.645 0.353889628125 0.6485000000000001 0.35455452187500003 0.6515 0.35505319218750003 0.654 0.3555518609375 0.65525 0.3911236703125 0.6445000000000001 0.3996010640625 0.62975 0.4024268609375 0.625 0.398769946875 0.59975 0.39910239375 0.592 0.397440159375 0.59225 0.388962765625 0.57775 0.3839760640625 0.5742499999999999 0.38098404218750004 0.57075
3 0.6160239359374999 0.5875 0.6180186171875001 0.589 0.6208444156249999 0.593 0.6225066484374999 0.59675 0.6248337765625 0.6 0.627992021875 0.6 0.630152925 0.6014999999999999 0.6314827125 0.6045 0.634474734375 0.607 0.637965425 0.607 0.646775265625 0.60475 0.6612367015625 0.6005 0.6638962765625 0.592 0.6627327125 0.58475 0.6584109046875 0.5690000000000001 0.6462765953125 0.544 0.6404587765625 0.5345 0.625 0.521 0.622340425 0.52175 0.6193484046875 0.52325 0.6183510640625001 0.52425 0.6156914890625 0.5265 0.6153590421875 0.5277499999999999 0.6146941484374999 0.532 0.6136968078125 0.5347500000000001 0.6098736703125 0.5385 0.609375 0.54225 0.607712765625 0.54475 0.6053856390625 0.55425 0.6030585109375 0.5559999999999999 0.60355718125 0.5820000000000001 0.6078789890625 0.58375 0.6135305843750001 0.58575 0.6160239359374999 0.5875
3 0.500997340625 0.42024999999999996 0.5013297875 0.4225 0.501662234375 0.4255 0.5018284578125 0.42800000000000005 0.502327128125 0.42975 0.5034906921875 0.43200000000000005 0.5056515953125 0.43324999999999997 0.5069813828124999 0.43475 0.5086436171875001 0.4375 0.5091422875 0.4405 0.509474734375 0.4425 0.5099734046875 0.44475 0.510472075 0.44800000000000006 0.5109707453125 0.45125000000000004 0.5118018609375 0.45475000000000004 0.5119680843750001 0.45824999999999994 0.51230053125 0.4615 0.5124667546875 0.465 0.5124667546875 0.46725000000000005 0.5124667546875 0.47125000000000006 0.5121343078125 0.47525000000000006 0.51230053125 0.47800000000000004 0.5134640953125 0.48 0.5154587765625 0.48200000000000004 0.5171210109375 0.48375 0.5197805843750001 0.4845 0.52144281875 0.48575 0.5372340421875 0.48324999999999996 0.54621010625 0.4805 0.5510305843750001 0.476 0.5565159578125 0.47024999999999995 0.5590093078125 0.462 0.5593417546875 0.4535 0.555019946875 0.4445 0.5545212765625 0.43525 0.557679521875 0.42625 0.5568484046875 0.418 0.548537234375 0.4 0.5255984046875 0.40599999999999997 0.5018284578125 0.41 0.5013297875 0.41275000000000006 0.500997340625 0.41475 0.500997340625 0.41825 0.500997340625 0.42024999999999996
3 0.43018617031249995 0.56825 0.4265292546875 0.5675 0.424202128125 0.5675 0.42137632968750005 0.5667500000000001 0.4190492015625 0.5667500000000001 0.41738696875 0.5675 0.41489361718750006 0.5667500000000001 0.411735371875 0.5662499999999999 0.4090757984375 0.5675 0.407247340625 0.5690000000000001 0.40575132968750005 0.57225 0.402094415625 0.576 0.400099734375 0.58525 0.3999335109375 0.58925 0.3996010640625 0.592 0.398769946875 0.6 0.4009308515625 0.61375 0.4034242015625 0.627 0.4075797875 0.639 0.4077460109375 0.6425 0.42386968124999996 0.64225 0.43799867031249995 0.64225 0.44581117031249995 0.617 0.44830452187500003 0.615 0.44581117031249995 0.5780000000000001 0.4468085109375 0.57175 0.4441489359375 0.5695 0.438497340625 0.5702499999999999 0.43184840468749996 0.56825 0.43018617031249995 0.56825
3 0.4965093078125 0.6085 0.49667553125 0.60625 0.494847075 0.5902499999999999 0.492519946875 0.56875 0.4910239359375 0.5655 0.49002659531250004 0.5635 0.4886968078125 0.5622499999999999 0.48636968124999996 0.56125 0.46143617031249995 0.5655 0.458610371875 0.5655 0.45644946875 0.5655 0.4488031921875 0.5662499999999999 0.44714095781249996 0.5685 0.4466422875 0.57175 0.44614361718750006 0.57875 0.4491356390625 0.6165 0.45229388281249994 0.6265 0.4566156921875 0.6395 0.4609375 0.644 0.47988696875 0.6405000000000001 0.4878656921875 0.6405000000000001 0.4956781921875 0.6172500000000001 0.4956781921875 0.61475 0.49551196875 0.612 0.4965093078125 0.6085
3 0.591090425 0.54125 0.5872672875 0.541 0.584275265625 0.541 0.5809507984375 0.5415 0.5776263296875 0.5417500000000001 0.5738031921875 0.541 0.5704787234375 0.541 0.5666555843750001 0.5425 0.5616688828124999 0.545 0.5575132984375 0.5465 0.554355053125 0.548 0.5518617015625 0.54875 0.55019946875 0.5505 0.549202128125 0.553 0.5493683515625001 0.56575 0.5503656921875 0.57675 0.552360371875 0.5835 0.5535239359374999 0.5862499999999999 0.5558510640625001 0.59375 0.559840425 0.59375 0.5620013296875 0.59225 0.565159575 0.59325 0.5663231390625 0.596 0.567320478125 0.5995 0.567652925 0.60325 0.567985371875 0.60725 0.569315159375 0.60975 0.571309840625 0.613 0.5743018609375 0.6155 0.5766289890625 0.6174999999999999 0.580452128125 0.618 0.5822805843750001 0.61875 0.583610371875 0.621 0.5990691484374999 0.61775 0.5994015953125 0.5974999999999999 0.6028922875 0.583 0.6023936171875001 0.55575 0.5977393609375 0.54975 0.5955784578125 0.54375 0.594082446875 0.542 0.591090425 0.54125
3 0.31499335156249997 0.48250000000000004 0.3156582453125 0.485 0.31682180781249997 0.488 0.31765292500000003 0.49024999999999996 0.31848404218750004 0.49275 0.3201462765625 0.49800000000000005 0.321974734375 0.5025000000000001 0.32480053125 0.504 0.32629654218750004 0.50825 0.32746010625 0.51125 0.3294547875 0.51275 0.33178191562500003 0.51225 0.33327792500000003 0.5117499999999999 0.334940159375 0.51 0.33793218125 0.5077499999999999 0.33942819218750003 0.507 0.3415890953125 0.50575 0.34375 0.5035000000000001 0.3450797875 0.502 0.34724069218750003 0.4995 0.34906914843750003 0.4965 0.350565159375 0.49325 0.36186835156249997 0.4755 0.368184840625 0.46624999999999994 0.37017952187500003 0.4575 0.36469414843750003 0.45075000000000004 0.36303191562500003 0.4505 0.3595412234375 0.45075000000000004 0.35605053125 0.453 0.35222739375 0.45375 0.3507313828125 0.4535 0.34740691562500003 0.45199999999999996 0.3449135640625 0.45075000000000004 0.344747340625 0.4495 0.31316489375 0.4665 0.3123337765625 0.46950000000000003 0.3110039890625 0.471 0.3133311171875 0.479 0.31499335156249997 0.48250000000000004
0 0.40708111718750006 0.62825 0.40625 0.6285000000000001 0.40558510625000005 0.6285000000000001 0.40541888281249994 0.629 0.40558510625000005 0.62975 0.40625 0.6305 0.40691489374999995 0.631 0.407247340625 0.63075 0.4074135640625 0.63 0.407912234375 0.629 0.408577128125 0.6287499999999999 0.40824468124999996 0.6285000000000001 0.4075797875 0.6285000000000001 0.40708111718750006 0.62825
0 0.4125664890625 0.6345 0.41190159531250004 0.6335 0.4115691484375 0.6335 0.4115691484375 0.635 0.411735371875 0.63575 0.41223404218750004 0.6367499999999999 0.4125664890625 0.63775 0.41223404218750004 0.63875 0.4112367015625 0.64025 0.4112367015625 0.642 0.41190159531250004 0.64225 0.41323138281249994 0.642 0.415059840625 0.64175 0.4165558515625 0.642 0.4180518609375 0.642 0.416389628125 0.6375 0.4153922875 0.637 0.4140625 0.636 0.413730053125 0.63625 0.41323138281249994 0.6355000000000001 0.4125664890625 0.6345
3 0.5952460109375 0.446 0.5975731390625 0.44675000000000004 0.5994015953125 0.44749999999999995 0.599900265625 0.44775 0.6002327125 0.44800000000000006 0.6007313828124999 0.44825 0.6013962765625 0.4485 0.601894946875 0.4485 0.60222739375 0.4485 0.6030585109375 0.44875 0.60355718125 0.44875 0.604222075 0.4485 0.6053856390625 0.4485 0.6057180843750001 0.44875 0.6065492015625 0.44875 0.6075465421875 0.44875 0.608377659375 0.4485 0.609042553125 0.44800000000000006 0.6095412234375 0.44800000000000006 0.61003989375 0.44775 0.6105385640625001 0.44725000000000004 0.611037234375 0.44699999999999995 0.6115359046875 0.4465 0.6122007984375 0.446 0.61269946875 0.44575 0.6133643609375 0.44575 0.61386303125 0.44625000000000004 0.6143617015625 0.44675000000000004 0.6146941484374999 0.44675000000000004 0.6170212765625 0.445 0.6176861703125 0.44400000000000006 0.6180186171875001 0.44299999999999995 0.618184840625 0.44225000000000003 0.6185172875 0.441 0.6186835109375 0.44025 0.618849734375 0.43975 0.6190159578125 0.43899999999999995 0.61918218125 0.43825000000000003 0.6193484046875 0.437 0.619514628125 0.43624999999999997 0.619514628125 0.43574999999999997 0.6196808515625001 0.43475 0.6200132984375 0.4335 0.620179521875 0.43274999999999997 0.620179521875 0.43174999999999997 0.620179521875 0.43099999999999994 0.6196808515625001 0.42350000000000004 0.6203457453125 0.42225 0.6206781921875 0.42000000000000004 0.6210106390625 0.4185 0.6211768609375 0.41675000000000006 0.6215093078125 0.41475 0.6215093078125 0.413 0.6215093078125 0.41100000000000003 0.6215093078125 0.40675 0.6213430843750001 0.4035 0.6211768609375 0.40175 0.6210106390625 0.39825 0.6206781921875 0.39675 0.6206781921875 0.39525 0.6203457453125 0.39249999999999996 0.620179521875 0.39075000000000004 0.6200132984375 0.38775 0.616855053125 0.387 0.588264628125 0.389 0.585605053125 0.39075000000000004 0.5837765953125 0.4095 0.5786236703125 0.41725 0.5716422875 0.4215 0.577792553125 0.42750000000000005 0.5905917546875 0.44075 0.5925864359374999 0.4425 0.5952460109375 0.446
1 0.4047539890625 0.631 0.4075797875 0.639 0.407912234375 0.6425 0.41855053125 0.64225 0.416389628125 0.63725 0.41339760625000005 0.635 0.4105718078125 0.62825 0.4050864359375 0.627 0.4022606390625 0.6155 0.4019281921875 0.6174999999999999 0.4034242015625 0.62625 0.4047539890625 0.631
0 0.3877992015625 0.6315000000000001 0.3849734046875 0.63375 0.38214760625 0.635 0.3799867015625 0.63625 0.3781582453125 0.6375 0.375332446875 0.64125 0.374002659375 0.64325 0.3741688828125 0.6457499999999999 0.375997340625 0.64375 0.3788231390625 0.64225 0.37948803125 0.643 0.37932180781249997 0.64525 0.37915558437499997 0.648 0.38547207499999997 0.646 0.38580452187500003 0.64375 0.3874667546875 0.6415 0.38763297812499997 0.63975 0.3892952125 0.63775 0.390292553125 0.63575 0.3919547875 0.6345 0.39361702187500003 0.633 0.39361702187500003 0.63125 0.39311835156249997 0.62725 0.39328457499999997 0.62425 0.39411569218750003 0.622 0.39544547812499997 0.6235 0.396110371875 0.62325 0.3971077125 0.6207499999999999 0.398105053125 0.6174999999999999 0.3946143609375 0.61975 0.392952128125 0.6214999999999999 0.3907912234375 0.6255 0.3877992015625 0.6315000000000001