3 0.6053333328125 0.2885 0.6016666671875 0.28825 0.5996666671875001 0.2885 0.5966666671875 0.29 0.5898333328125 0.29375 0.5871666671875 0.298 0.5853333328125 0.29975 0.5821666671875 0.30325 0.5801666671875 0.305 0.5778333328125 0.309 0.5761666671875 0.3125 0.5656666671874999 0.34875 0.5643333328125 0.358 0.5650000000000001 0.3625 0.5678333328125 0.36724999999999997 0.5798333328124999 0.376 0.5886666671875 0.38075000000000003 0.6036666671875001 0.38825 0.6176666671875 0.39249999999999996 0.6233333328125 0.392 0.6251666671875 0.39175 0.628 0.38875000000000004 0.6305 0.36475 0.6376666671875 0.34049999999999997 0.6335 0.32175 0.6286666671875001 0.31074999999999997 0.6223333328125 0.3 0.617 0.29275 0.6151666671875 0.292 0.6094999999999999 0.29 0.6053333328125 0.2885
3 0.5383333328125001 0.27599999999999997 0.5303333328125001 0.29725 0.5213333328124999 0.32725 0.5186666671875 0.346 0.5196666671875 0.34900000000000003 0.5226666671875 0.35125 0.5268333328125 0.352 0.5389999999999999 0.35675 0.5423333328125 0.358 0.5506666671875 0.35975 0.5566666671875 0.36 0.564 0.35724999999999996 0.5683333328125 0.34025 0.5753333328125 0.316 0.5693333328125 0.304 0.5643333328125 0.292 0.5623333328125 0.2855 0.5563333328125 0.28225 0.5515 0.27775 0.546 0.27549999999999997 0.5411666671875001 0.274 0.5383333328125001 0.27599999999999997
0 0.8166666671874999 0.39775 0.8176666671874999 0.399 0.8178333328124999 0.39725 0.8171666671875 0.396 0.8201666671875 0.39575 0.8193333328125 0.39525 0.8171666671875 0.395 0.8168333328124999 0.394 0.8156666671874999 0.39375 0.8150000000000001 0.393 0.8161666671875001 0.39325 0.817 0.39225 0.8154999999999999 0.39249999999999996 0.8131666671875 0.39225 0.8125 0.39249999999999996 0.8131666671875 0.394 0.8146666671875 0.39525 0.8154999999999999 0.39575 0.8166666671874999 0.39775
0 0.8111666671875 0.3935 0.8111666671875 0.392 0.8101666671875 0.39075000000000004 0.8091666671875 0.3915 0.8068333328125 0.39249999999999996 0.8055 0.39325 0.8078333328125 0.39449999999999996 0.8088333328124999 0.39449999999999996 0.8099999999999999 0.394 0.8111666671875 0.3935
0 0.8178333328124999 0.4305 0.82 0.43099999999999994 0.8210000000000001 0.43150000000000005 0.8228333328125 0.43174999999999997 0.8253333328125001 0.43125 0.8265 0.43025 0.8243333328125001 0.43 0.8210000000000001 0.42975 0.8195 0.42925 0.8150000000000001 0.42750000000000005 0.8130000000000001 0.42675 0.8115 0.42575 0.8109999999999999 0.42575 0.8103333328125 0.42625 0.8119999999999999 0.42824999999999996 0.8135 0.42925 0.8158333328125 0.43099999999999994 0.8178333328124999 0.4305
0 0.8218333328125 0.42874999999999996 0.8223333328125 0.4285 0.8230000000000001 0.42874999999999996 0.8234999999999999 0.42874999999999996 0.8240000000000001 0.429 0.8241666671875001 0.429 0.8238333328125 0.42800000000000005 0.8226666671875 0.42774999999999996 0.8228333328125 0.42725 0.8220000000000001 0.42699999999999994 0.8210000000000001 0.4265 0.8205 0.42625 0.8198333328125 0.426 0.8193333328125 0.4265 0.8208333328125 0.42800000000000005 0.8206666671875 0.42874999999999996 0.8210000000000001 0.429 0.8218333328125 0.42874999999999996
0 0.8096666671875001 0.42774999999999996 0.8088333328124999 0.42675 0.8083333328125001 0.42675 0.807 0.42725 0.8081666671875001 0.42874999999999996 0.8096666671875001 0.42874999999999996 0.8106666671875 0.42925 0.8096666671875001 0.42774999999999996
3 0.799 0.422 0.8008333328124999 0.42350000000000004 0.8038333328125 0.4255 0.8063333328125 0.42774999999999996 0.8085000000000001 0.429 0.8193333328125 0.4325 0.8446666671875 0.43075 0.8505 0.43150000000000005 0.8593333328125 0.40725 0.8658333328125 0.3805 0.8595 0.37925 0.8453333328125 0.3755 0.8336666671874999 0.37625000000000003 0.8241666671875001 0.37775 0.82 0.38025000000000003 0.8126666671875 0.38425 0.807 0.38225 0.7978333328125 0.3815 0.7956666671875 0.40650000000000003 0.7951666671875001 0.41574999999999995 0.7975 0.41950000000000004 0.799 0.422
3 0.7356666671875 0.33475 0.7338333328125 0.33399999999999996 0.7315 0.3335 0.727 0.333 0.7230000000000001 0.33225 0.7186666671874999 0.3325 0.7155 0.33399999999999996 0.7116666671874999 0.3375 0.7086666671875 0.34225 0.7075 0.3445 0.7055 0.34775 0.7046666671875 0.35350000000000004 0.705 0.35724999999999996 0.7051666671875 0.36124999999999996 0.7041666671875 0.3645 0.7053333328125 0.3665 0.706 0.369 0.7065 0.372 0.7076666671875 0.3755 0.7085 0.37775 0.7093333328125 0.38025000000000003 0.7166666671875 0.38825 0.7253333328125 0.39449999999999996 0.7311666671875 0.397 0.737 0.3895 0.7408333328125 0.38075000000000003 0.7493333328125 0.361 0.7545 0.35375 0.7536666671875001 0.34375 0.7463333328124999 0.33675 0.7408333328125 0.3355 0.7388333328125001 0.33525 0.7356666671875 0.33475
3 0.6286666671875001 0.37975 0.628 0.392 0.6303333328125 0.39649999999999996 0.6315000000000001 0.39825 0.6361666671874999 0.4 0.6398333328125 0.40325 0.6615 0.41025 0.6713333328125 0.41200000000000003 0.6748333328125 0.4095 0.6806666671875 0.39725 0.6868333328125 0.37725 0.688 0.3725 0.6878333328124999 0.3655 0.6906666671874999 0.35150000000000003 0.6906666671874999 0.346 0.692 0.34175 0.6913333328125 0.3365 0.6876666671875 0.3295 0.6795 0.32275 0.671 0.31625000000000003 0.6533333328125 0.32325 0.6375 0.34125 0.6286666671875001 0.37975
3 0.501 0.33599999999999997 0.5033333328125 0.341 0.5096666671875 0.34425 0.5175 0.34675 0.5178333328125 0.346 0.5203333328124999 0.33025000000000004 0.5268333328125 0.3075 0.53 0.29900000000000004 0.5263333328125 0.28900000000000003 0.5251666671875 0.27625 0.5216666671875 0.27075 0.518 0.27675 0.515 0.29025 0.5061666671875 0.3135 0.501 0.33599999999999997