3 0.8474576265625 0.8863636359375 0.8757062140625 0.8636363640625 0.9067796609375 0.8019480515625 0.9152542374999999 0.7370129875 0.9209039546875 0.6818181812499999 0.9209039546875 0.6298701296875 0.9067796609375 0.6103896109375 0.870056496875 0.5876623375000001 0.8587570625 0.5811688312500001 0.84463276875 0.6071428578125 0.8079096046875 0.6071428578125 0.7401129937500001 0.6103896109375 0.73163841875 0.7077922078125 0.728813559375 0.75649350625 0.799435028125 0.8571428578125 0.8474576265625 0.8863636359375
3 0.4717514125 0.34415584374999997 0.48022598906249997 0.45779220781249996 0.488700565625 0.5746753250000001 0.488700565625 0.6038961031250001 0.5056497171875 0.6168831171875 0.5367231640625 0.6071428578125 0.57062146875 0.6038961031250001 0.6045197734375 0.6103896109375 0.6355932203125 0.6071428578125 0.6610169484374999 0.5811688312500001 0.6751412421875 0.5746753250000001 0.7090395484375 0.5909090906250001 0.7372881359375001 0.6071428578125 0.84463276875 0.6038961031250001 0.8615819203124999 0.5714285718750001 0.870056496875 0.4870129875 0.8615819203124999 0.3733766234375 0.8389830515625001 0.30194805156250004 0.799435028125 0.1883116890625 0.7740113 0.1428571421875 0.7514124296875 0.1233766234375 0.73163841875 0.1103896109375 0.669491525 0.1168831171875 0.601694915625 0.146103896875 0.5480225984375 0.1915584421875 0.49435028281250004 0.27272727343750003 0.4717514125 0.34415584374999997
3 0.42937853125 0.8376623375 0.474576271875 0.7987012984375 0.488700565625 0.7792207796875 0.4774011296875 0.6201298703125 0.41807909531250004 0.6331168828125 0.3502824859375 0.6168831171875 0.341807909375 0.6201298703125 0.30508474531249996 0.6428571421875 0.25988700625 0.6590909093749999 0.2740113 0.733766234375 0.33050847499999997 0.8149350656250001 0.3813559328125 0.85064935 0.42937853125 0.8376623375
1 0.43785310781250003 0.47077922031249997 0.45480225937499996 0.48051948125 0.46892655312500003 0.490259740625 0.48022598906249997 0.496753246875 0.4774011296875 0.43831168906249995 0.4717514125 0.3798701296875 0.4661016953125 0.3766233765625 0.45480225937499996 0.3766233765625 0.4350282484375 0.3766233765625 0.4237288140625 0.3896103890625 0.4209039546875 0.422077921875 0.4237288140625 0.44805194843749996 0.43785310781250003 0.47077922031249997
1 0.48022598906249997 0.402597403125 0.4774011296875 0.3798701296875 0.483050846875 0.49350649375 0.5084745765625 0.5227272734375 0.5338983046875 0.5227272734375 0.5480225984375 0.5 0.545197740625 0.4870129875 0.5480225984375 0.44805194843749996 0.553672315625 0.425324675 0.553672315625 0.3928571421875 0.5508474578125 0.3766233765625 0.54237288125 0.3603896109375 0.5225988703125 0.34740259687499997 0.5112994343749999 0.3603896109375 0.5056497171875 0.3928571421875 0.49435028281250004 0.4123376625 0.48022598906249997 0.402597403125
1 0.0932203390625 0.509740259375 0.11016949218750001 0.509740259375 0.11581920937500001 0.5227272734375 0.12711864374999998 0.5389610390625 0.144067796875 0.5519480515625 0.1497175140625 0.5487012984375 0.158192090625 0.5227272734375 0.1610169484375 0.49350649375 0.169491525 0.435064934375 0.1638418078125 0.396103896875 0.15536723125000002 0.353896103125 0.1384180796875 0.32467532499999996 0.11864406718750001 0.33441558437499996 0.09887005625 0.33441558437499996 0.1045197734375 0.39935065000000003 0.0932203390625 0.503246753125 0.0932203390625 0.509740259375
3 0.6355932203125 0.8863636359375 0.6638418078125 0.8603896109375 0.6920903953125 0.824675325 0.714689265625 0.766233765625 0.728813559375 0.7077922078125 0.7372881359375001 0.6103896109375 0.717514125 0.6006493500000001 0.672316384375 0.5714285718750001 0.6355932203125 0.6103896109375 0.5932203390625 0.6071428578125 0.5677966109375 0.6038961031250001 0.5112994343749999 0.6168831171875 0.49152542343750005 0.6071428578125 0.4774011296875 0.6168831171875 0.5 0.7922077921875 0.5395480218750001 0.8571428578125 0.5875706218750001 0.8863636359375 0.6355932203125 0.8863636359375
3 0.158192090625 0.8603896109375 0.19491525468749998 0.8344155843750001 0.23163841875000002 0.7857142859375 0.2514124296875 0.733766234375 0.25423728749999996 0.6558441562499999 0.2259887 0.6558441562499999 0.1384180796875 0.6396103890625 0.1073446328125 0.6038961031250001 0.0847457625 0.5551948046875 0.0677966109375 0.5779220781250001 0.04237288125 0.5974025968750001 0.016949153124999998 0.6136363640625 0.0367231640625 0.7240259734375 0.0762711859375 0.7792207796875 0.11581920937500001 0.8409090906250001 0.158192090625 0.8603896109375
0 0.1327683609375 0.496753246875 0.14689265468749999 0.49350649375 0.15536723125000002 0.490259740625 0.1638418078125 0.47402597343749997 0.1666666671875 0.45129870156249996 0.1666666671875 0.43181818125 0.1666666671875 0.41883116875 0.1610169484375 0.415584415625 0.1412429375 0.422077921875 0.12711864374999998 0.44805194843749996 0.1214689265625 0.46428571406249997 0.1242937859375 0.4870129875 0.1327683609375 0.496753246875
3 0.0932203390625 0.5 0.0847457625 0.5422077921875 0.1073446328125 0.6006493500000001 0.1355932203125 0.6363636359375 0.22033898281250003 0.6525974031249999 0.27966101718749997 0.6493506499999999 0.31073446250000003 0.6396103890625 0.34463276875000004 0.6136363640625 0.384180790625 0.6201298703125 0.4237288140625 0.6298701296875 0.4774011296875 0.6201298703125 0.488700565625 0.6006493500000001 0.483050846875 0.5129870125 0.4717514125 0.35064934999999997 0.4632768359375 0.3084415578125 0.40960452031249994 0.2142857140625 0.35593220312499996 0.16883116874999998 0.29661016875 0.146103896875 0.23446327656250002 0.15584415625 0.158192090625 0.1883116890625 0.11864406718750001 0.25 0.0960451984375 0.34090909062499997 0.10169491562499999 0.39935065000000003 0.0932203390625 0.5
0 0.5225988703125 0.5 0.54237288125 0.496753246875 0.54237288125 0.47727272656249997 0.54237288125 0.46103896093749996 0.531073446875 0.46753246718749997 0.516949153125 0.47077922031249997 0.502824859375 0.47077922031249997 0.497175140625 0.47077922031249997 0.49152542343750005 0.47077922031249997 0.483050846875 0.46753246718749997 0.48587570625 0.48051948125 0.49435028281250004 0.490259740625 0.5084745765625 0.496753246875 0.5225988703125 0.5