0 0.6593333328125001 0.50925 0.6601666671875 0.5077499999999999 0.6601666671875 0.50575 0.6606666671875 0.504 0.6608333328125 0.503 0.6603333328125001 0.50175 0.659 0.50325 0.658 0.506 0.658 0.5085 0.6593333328125001 0.50925
0 0.6895 0.44975 0.6900000000000001 0.449 0.6896666671875 0.44825 0.6891666671875 0.44825 0.6886666671875 0.44925 0.689 0.44975 0.6895 0.44975
0 0.6313333328125 0.56575 0.632 0.56575 0.633 0.5645 0.6331666671875 0.56175 0.6326666671875001 0.56175 0.632 0.56025 0.6315000000000001 0.5615 0.6316666671875 0.56375 0.6313333328125 0.56575
3 0.45866666718750004 0.558 0.4538333328125 0.55575 0.4495 0.5585 0.44283333281250004 0.563 0.437 0.57325 0.4326666671875 0.583 0.4318333328125 0.59875 0.4566666671875 0.6165 0.4771666671875 0.5995 0.47083333281249995 0.57525 0.4686666671875 0.5662499999999999 0.46566666718749994 0.5625 0.45866666718750004 0.558
0 0.6431666671875 0.557 0.6443333328125 0.5565 0.6451666671875 0.5555 0.6451666671875 0.554 0.6443333328125 0.55325 0.6428333328125 0.55325 0.6423333328124999 0.5525 0.643 0.5515 0.641 0.54925 0.64 0.54975 0.64 0.54875 0.6388333328125 0.548 0.6378333328125 0.54925 0.6375 0.5515 0.6375 0.553 0.638 0.55375 0.6388333328125 0.55275 0.6396666671875 0.5525 0.6405000000000001 0.5547500000000001 0.6415 0.5555 0.6415 0.557 0.6431666671875 0.557
0 0.3693333328125 0.30625 0.37 0.30375 0.3673333328125 0.30325 0.3655 0.307 0.36583333281249997 0.31025 0.3675 0.309 0.3693333328125 0.30625
3 0.5303333328125001 0.5765 0.532 0.56575 0.5293333328125 0.55125 0.5273333328125 0.549 0.5233333328125 0.54775 0.52 0.548 0.5135 0.54775 0.5095 0.54875 0.5051666671875 0.5495 0.4995 0.5505 0.49450000000000005 0.55225 0.4915 0.5545 0.4871666671875 0.55725 0.48550000000000004 0.55975 0.4841666671875 0.56375 0.4843333328125 0.5695 0.48783333281249996 0.5860000000000001 0.4911666671875 0.5972500000000001 0.49133333281249997 0.599 0.4926666671875 0.6005 0.4995 0.602 0.5026666671875 0.606 0.5053333328125 0.6105 0.507 0.62425 0.515 0.63125 0.5276666671875 0.61775 0.5298333328125 0.61475 0.5303333328125001 0.5765
3 0.6576666671875 0.59825 0.6563333328125001 0.5902499999999999 0.6525000000000001 0.58025 0.648 0.57725 0.6385 0.56775 0.6323333328125 0.5662499999999999 0.627 0.572 0.6181666671875 0.57475 0.6076666671875001 0.5845 0.6053333328125 0.595 0.6058333328125001 0.59825 0.6155 0.6002500000000001 0.6195 0.60625 0.6224999999999999 0.625 0.6401666671874999 0.61825 0.6576666671875 0.6054999999999999 0.6576666671875 0.59825
3 0.3696666671875 0.29225 0.36266666718749996 0.29025 0.3591666671875 0.29025 0.3565 0.29175 0.35 0.2925 0.3446666671875 0.29700000000000004 0.33999999999999997 0.3035 0.3356666671875 0.31225 0.3323333328125 0.31825000000000003 0.3293333328125 0.32475 0.3305 0.33025000000000004 0.3341666671875 0.34325 0.3338333328125 0.353 0.3325 0.363 0.3328333328125 0.37225 0.3341666671875 0.386 0.3356666671875 0.39649999999999996 0.3448333328125 0.40099999999999997 0.3511666671875 0.4035 0.3591666671875 0.40725 0.3655 0.40774999999999995 0.3708333328125 0.40650000000000003 0.3786666671875 0.4035 0.385 0.39849999999999997 0.3906666671875 0.3955 0.396 0.3935 0.40099999999999997 0.38175 0.40316666718749994 0.36675 0.4033333328125 0.35 0.3966666671875 0.312 0.3911666671875 0.3 0.3851666671875 0.296 0.377 0.29425 0.3696666671875 0.29225
3 0.4255 0.4925 0.4206666671875 0.48425 0.418 0.47975 0.4143333328125 0.47424999999999995 0.4096666671875 0.47350000000000003 0.4063333328125 0.47424999999999995 0.40199999999999997 0.47575 0.3956666671875 0.476 0.3913333328125 0.47525000000000006 0.388 0.47850000000000004 0.3846666671875 0.4805 0.3808333328125 0.48200000000000004 0.3778333328125 0.48550000000000004 0.376 0.49024999999999996 0.3725 0.49349999999999994 0.36983333281249997 0.49725 0.3691666671875 0.49850000000000005 0.37716666718749997 0.518 0.3848333328125 0.53025 0.3916666671875 0.5417500000000001 0.3938333328125 0.5455 0.3995 0.53625 0.40433333281249995 0.5287499999999999 0.40816666718750005 0.52725 0.4138333328125 0.52825 0.4165 0.5287499999999999 0.41950000000000004 0.5295 0.42366666718749996 0.53 0.42983333281249997 0.5347500000000001 0.43216666718749996 0.52725 0.4313333328125 0.5075000000000001 0.4305 0.501 0.4266666671875 0.49450000000000005 0.4255 0.4925
3 0.6723333328125001 0.5269999999999999 0.6631666671875001 0.525 0.6548333328125 0.5269999999999999 0.6505 0.5295 0.6433333328125 0.52925 0.6395 0.5305 0.6365000000000001 0.5355000000000001 0.634 0.53975 0.632 0.5469999999999999 0.6316666671875 0.5585 0.6311666671875 0.56575 0.6363333328125 0.5665 0.6398333328125 0.5685 0.649 0.5780000000000001 0.653 0.5805 0.6575 0.59275 0.6583333328125 0.603 0.6648333328125 0.60375 0.6736666671875 0.5980000000000001 0.678 0.59075 0.6836666671875 0.571 0.6865 0.56175 0.6855 0.5589999999999999 0.6816666671875 0.54075 0.6771666671875 0.5309999999999999 0.6723333328125001 0.5269999999999999
3 0.7184999999999999 0.38 0.7078333328124999 0.3805 0.6961666671875 0.38225 0.6858333328125 0.379 0.6811666671875 0.38 0.6743333328125 0.39125 0.671 0.40099999999999997 0.6696666671875 0.41174999999999995 0.6695 0.41525 0.665 0.42024999999999996 0.6626666671875 0.425 0.6613333328125 0.43025 0.6603333328125001 0.4335 0.6613333328125 0.458 0.6623333328125 0.46224999999999994 0.6639999999999999 0.46725000000000005 0.6648333328125 0.46775 0.6738333328125 0.4665 0.6923333328125 0.47750000000000004 0.6985 0.48550000000000004 0.7061666671875 0.48724999999999996 0.7103333328125 0.49424999999999997 0.7173333328125 0.49924999999999997 0.7198333328125 0.49725 0.7331666671875 0.45949999999999996 0.743 0.4255 0.7398333328125 0.40425000000000005 0.7363333328125 0.39125 0.7295 0.382 0.7184999999999999 0.38
0 0.403 0.49024999999999996 0.404 0.49175 0.40483333281249995 0.492 0.40499999999999997 0.48949999999999994 0.4026666671875 0.48674999999999996 0.4 0.48624999999999996 0.4011666671875 0.488 0.403 0.49024999999999996
0 0.6375 0.56375 0.6388333328125 0.56425 0.6391666671875 0.5650000000000001 0.639 0.5662499999999999 0.638 0.567 0.639 0.5675 0.64 0.568 0.6403333328125 0.56725 0.6406666671875 0.5662499999999999 0.6406666671875 0.56425 0.6405000000000001 0.5625 0.6396666671875 0.561 0.6391666671875 0.56025 0.6381666671875 0.55975 0.6368333328125 0.56075 0.6361666671874999 0.56175 0.6365000000000001 0.563 0.6375 0.56375
0 0.733 0.45875000000000005 0.7328333328125 0.4565 0.732 0.45425000000000004 0.7313333328125 0.45225 0.7306666671875 0.45075000000000004 0.7296666671875001 0.44875 0.7293333328125 0.4485 0.7285 0.44925 0.7295 0.45275 0.731 0.45725 0.7321666671875 0.45925000000000005 0.733 0.45875000000000005
0 0.42800000000000005 0.54125 0.42833333281249997 0.54225 0.4291666671875 0.544 0.4305 0.544 0.4301666671875 0.542 0.4296666671875 0.5405 0.4285 0.54025 0.42800000000000005 0.54125
0 0.4381666671875 0.568 0.43949999999999995 0.5662499999999999 0.43899999999999995 0.5645 0.43666666718749997 0.56375 0.434 0.5645 0.43233333281249997 0.564 0.4318333328125 0.5627500000000001 0.4306666671875 0.56025 0.4308333328125 0.5645 0.43200000000000005 0.56875 0.4331666671875 0.57375 0.4346666671875 0.571 0.4381666671875 0.568
3 0.5623333328125 0.6365000000000001 0.5678333328125 0.6285000000000001 0.5715 0.61625 0.5748333328124999 0.599 0.5763333328125 0.5820000000000001 0.5716666671875 0.579 0.5678333328125 0.575 0.5658333328125 0.57375 0.5625 0.57225 0.5586666671875 0.572 0.5559999999999999 0.57125 0.5543333328125 0.5700000000000001 0.5525 0.5685 0.5495 0.56875 0.5456666671875 0.56875 0.5423333328125 0.5660000000000001 0.5403333328125 0.5650000000000001 0.5375 0.5655 0.532 0.56775 0.5303333328125001 0.616 0.5428333328125 0.64275 0.5465 0.64375 0.5545 0.641 0.5623333328125 0.6365000000000001
3 0.6908333328125 0.47575 0.6836666671875 0.47125000000000006 0.6759999999999999 0.46725000000000005 0.6731666671875 0.4665 0.6645 0.46849999999999997 0.6613333328125 0.46925 0.6555 0.47000000000000003 0.6519999999999999 0.4725 0.649 0.475 0.6453333328124999 0.48075 0.644 0.48425 0.6433333328125 0.49974999999999997 0.6435 0.513 0.6438333328125 0.523 0.6446666671875 0.5275000000000001 0.6511666671875 0.529 0.6563333328125001 0.526 0.6631666671875001 0.525 0.6719999999999999 0.52625 0.6775 0.53075 0.6821666671875 0.53975 0.6833333328125 0.54725 0.6918333328124999 0.55125 0.6928333328125 0.5507500000000001 0.7046666671875 0.53325 0.701 0.4965 0.6978333328125 0.484 0.6945 0.4795 0.6908333328125 0.47575
3 0.5078333328125 0.64525 0.508 0.643 0.5073333328125 0.62575 0.5053333328125 0.61125 0.5015 0.6054999999999999 0.4971666671875 0.60175 0.49466666718749996 0.601 0.4911666671875 0.601 0.48616666718749996 0.60225 0.48266666718750006 0.602 0.4756666671875 0.60175 0.46900000000000003 0.60675 0.4545 0.61925 0.4535 0.624 0.47066666718750005 0.63525 0.48733333281249996 0.6407499999999999 0.5078333328125 0.64525
3 0.6193333328125 0.631 0.622 0.62425 0.6205 0.6115 0.6188333328125 0.6054999999999999 0.616 0.601 0.6048333328125 0.5985 0.603 0.5955 0.599 0.5940000000000001 0.5934999999999999 0.59525 0.5881666671875 0.5974999999999999 0.583 0.5974999999999999 0.5783333328125 0.601 0.575 0.59775 0.5718333328125 0.61625 0.5688333328125 0.6265 0.5696666671874999 0.645 0.587 0.6465 0.5981666671875 0.6415 0.6193333328125 0.631
3 0.4326666671875 0.5395 0.42750000000000005 0.5349999999999999 0.42366666718749996 0.53075 0.4198333328125 0.5295 0.4145 0.52825 0.4073333328125 0.5275000000000001 0.40316666718749994 0.52975 0.3981666671875 0.54 0.3948333328125 0.5475 0.3981666671875 0.562 0.4021666671875 0.57475 0.4086666671875 0.58525 0.41616666718750006 0.591 0.43150000000000005 0.5974999999999999 0.43200000000000005 0.58075 0.4376666671875 0.5702499999999999 0.4481666671875 0.55625 0.44699999999999995 0.54925 0.43949999999999995 0.545 0.43583333281250003 0.5417500000000001 0.4326666671875 0.5395