0 0.3989400578125 0.44874100781250004 0.39912280624999996 0.4499400484375 0.3985745609375 0.4514388484375 0.3983918125 0.45053956875 0.398026315625 0.4502398078125 0.39784356718749997 0.451738609375 0.398026315625 0.4544364515625 0.3982090640625 0.456534771875 0.3989400578125 0.45533573125000004 0.39930555624999997 0.45353717031249996 0.399671053125 0.45263788906249997 0.3998538015625 0.451738609375 0.399671053125 0.4502398078125 0.3998538015625 0.44874100781250004 0.40040204687500003 0.44814148749999994 0.40021929843750004 0.44724220625 0.40021929843750004 0.446043165625 0.40021929843750004 0.44484412500000003 0.3989400578125 0.446342925 0.398026315625 0.4478417265625 0.3983918125 0.449340528125 0.3989400578125 0.44874100781250004
0 0.38724415156249997 0.5221822546875 0.3876096484375 0.525479615625 0.3892543859375 0.5248800953125 0.390533625 0.527278178125 0.39163011718749996 0.52997601875 0.3923611109375 0.5305755390625 0.39217836250000004 0.5167865703125 0.3908991234375 0.5155875296875 0.388706140625 0.5167865703125 0.3881578953125 0.52038369375 0.38834064375 0.5212829734375 0.38724415156249997 0.5221822546875
0 0.38358918124999997 0.5074940046874999 0.3826754390625 0.505995203125 0.3826754390625 0.504496403125 0.3826754390625 0.5029976015625001 0.382492690625 0.5020983218749999 0.3817616953125 0.50239808125 0.381578946875 0.5086930453125 0.38194444375000003 0.51049160625 0.3828581875 0.50899280625 0.38358918124999997 0.5074940046874999
0 0.40296052656250003 0.4385491609375 0.40314327499999997 0.439448440625 0.40442251406249996 0.4385491609375 0.4049707609375 0.4373501203125 0.40551900625000004 0.43585131875 0.4064327484375 0.435551559375 0.40698099374999996 0.434652278125 0.40661549687500004 0.43345323750000003 0.40716374218749996 0.43165467656249995 0.40807748593750004 0.429856115625 0.40844298281249997 0.43045563593749997 0.408991228125 0.428956834375 0.40972222187499996 0.42625899218749996 0.408991228125 0.4253597125 0.4064327484375 0.43015587499999997 0.40460526249999995 0.4340527578125 0.403508771875 0.4367506 0.40296052656250003 0.4385491609375
0 0.395650584375 0.46972422031249994 0.3963815796875 0.46792565937499997 0.39674707656249997 0.46792565937499997 0.3961988296875 0.46942446093749995 0.39601608125 0.47092326093750003 0.39656432812500003 0.47032374062500004 0.3971125734375 0.46912469999999995 0.39766081875000003 0.46702637812500003 0.398026315625 0.46582733750000005 0.3982090640625 0.46462829687499996 0.398026315625 0.46402877656249997 0.397295321875 0.46522781718750006 0.3971125734375 0.4649280578125 0.396929825 0.46402877656249997 0.3963815796875 0.46462829687499996 0.39601608125 0.46672661875 0.3954678359375 0.4682254203125 0.3952850875 0.47032374062500004 0.395650584375 0.46972422031249994
0 0.3837719296875 0.53806954375 0.383954678125 0.5416666671875 0.38468567187499997 0.5437649875 0.386330409375 0.5413669062500001 0.3876096484375 0.5440647484375 0.387975146875 0.5476618703125 0.38980263125 0.5488609109375 0.391812865625 0.5485611515625 0.392543859375 0.548261390625 0.392543859375 0.5422661875 0.39217836250000004 0.532973621875 0.39144736875 0.5317745796875 0.390716375 0.5308753 0.3899853796875 0.5317745796875 0.388706140625 0.5326738609375 0.387975146875 0.5326738609375 0.3874269 0.531175059375 0.3868786546875 0.5293764984375 0.38614766093749997 0.5266786578125 0.3848684203125 0.5251798562500001 0.38358918124999997 0.5242805749999999 0.382492690625 0.5224820140624999 0.3826754390625 0.5212829734375 0.38194444375000003 0.5197841734375 0.38212719375000004 0.5176858515625 0.381578946875 0.51618705 0.380116959375 0.514988009375 0.379203215625 0.51378896875 0.37883771875 0.5110911265625 0.3786549703125 0.50899280625 0.3775584796875 0.5083932859375 0.3762792390625 0.5086930453125 0.37573099375 0.5098920859375 0.3751827484375 0.5131894484374999 0.3751827484375 0.5164868109375 0.37573099375 0.518285371875 0.37701023437500003 0.518285371875 0.378106725 0.5188848921875 0.37902046718750004 0.5197841734375 0.379203215625 0.5221822546875 0.38121345 0.5269784171875 0.38212719375000004 0.528776978125 0.3828581875 0.5341726625 0.3837719296875 0.53806954375
0 0.3958333328125 0.4739208640625 0.3954678359375 0.4721223015625 0.39510233906250003 0.4724220625 0.394919590625 0.4763189453125 0.394919590625 0.477218225 0.395650584375 0.476019184375 0.3958333328125 0.4739208640625
0 0.3947368421875 0.48711031250000003 0.3947368421875 0.48531175 0.3947368421875 0.4844124703125 0.39418859687499996 0.4847122296875 0.39400584843750003 0.4880095921875 0.39400584843750003 0.4886091125 0.3943713453125 0.4880095921875 0.3947368421875 0.48711031250000003
0 0.44298245625000005 0.47092326093750003 0.44334795312499997 0.47152278125 0.44371345 0.4718225421875 0.44371345 0.4733213421875 0.4438961984375 0.473621103125 0.44371345 0.4751199046875 0.44371345 0.47571942500000003 0.44407894687500005 0.47541966406249997 0.44426169531250004 0.47482014375 0.44444444375 0.473621103125 0.44444444375 0.4724220625 0.444992690625 0.472721821875 0.4453581875 0.4721223015625 0.4451754390625 0.47152278125 0.4448099421875 0.47122302187500004 0.44407894687500005 0.47032374062500004 0.44371345 0.46942446093749995 0.44371345 0.4682254203125 0.44371345 0.4673261390625 0.44334795312499997 0.46702637812500003 0.4431652046875 0.46672661875 0.44298245625000005 0.4673261390625 0.4427997078125 0.46942446093749995 0.442616959375 0.47062350156250005 0.4427997078125 0.4718225421875 0.44298245625000005 0.47092326093750003
0 0.4448099421875 0.4625299765625 0.4448099421875 0.461031175 0.4451754390625 0.4613309359375 0.4453581875 0.46073141562500003 0.4451754390625 0.45983213437500003 0.4448099421875 0.45923261406250004 0.44426169531250004 0.45863309374999994 0.44371345 0.45863309374999994 0.44353070156249996 0.45983213437500003 0.44371345 0.4616306953125 0.44426169531250004 0.463129496875 0.4448099421875 0.4625299765625
0 0.44170321562500003 0.4523381296875 0.44170321562500003 0.45413669062500006 0.4427997078125 0.4544364515625 0.44353070156249996 0.45353717031249996 0.4431652046875 0.4511390890625 0.4420687140625 0.4496402875 0.4411549703125 0.44814148749999994 0.44078947343749997 0.446342925 0.44060672500000003 0.44454436406250003 0.44042397656250004 0.44304556406250006 0.43987573125 0.44154676249999997 0.43932748593750004 0.440347721875 0.4389619890625 0.4400479609375 0.43786549687500004 0.44154676249999997 0.439510234375 0.44754196718749994 0.440241228125 0.4502398078125 0.44133771875 0.450839328125 0.44170321562500003 0.4523381296875
0 0.4736842109375 0.4682254203125 0.47478070156249996 0.47152278125 0.476242690625 0.4724220625 0.4764254390625 0.47092326093750003 0.47733918124999997 0.46792565937499997 0.477704678125 0.46462829687499996 0.477704678125 0.4628297359375 0.477704678125 0.4604316546875 0.4786184203125 0.45983213437500003 0.47934941562500005 0.45983213437500003 0.4795321640625 0.45863309374999994 0.4791666671875 0.45683453281249997 0.47898391875 0.45533573125000004 0.4795321640625 0.45293764999999997 0.4797149125 0.450839328125 0.47679093593750005 0.45353717031249996 0.4751461984375 0.461031175 0.47423245625000005 0.46582733750000005 0.4736842109375 0.4682254203125
0 0.5290570171875 0.5671462828125 0.5334429828125 0.5665467625 0.5358187140624999 0.566247003125 0.5275950296875 0.5641486812500001 0.52101608125 0.5629496406250001 0.5171783624999999 0.5578537171875 0.5124269 0.5515587531249999 0.51023391875 0.5497601921874999 0.5084064328125 0.54796163125 0.508223684375 0.550659471875 0.5118786546874999 0.5569544359374999 0.5168128656250001 0.5629496406250001 0.5193713453125001 0.5680455640625001 0.5290570171875 0.5671462828125
0 0.3338815796875 0.435551559375 0.3369883046875 0.43285371718750004 0.33991228125 0.43135491562499995 0.34448099375 0.43135491562499995 0.34758771875 0.43225419687500005 0.3505116953125 0.4340527578125 0.35325292343750003 0.43585131875 0.3561769 0.437050359375 0.359831871875 0.4376498796875 0.3634868421875 0.437050359375 0.365679825 0.435551559375 0.3640350875 0.43195443593749994 0.36165935625 0.429856115625 0.359283625 0.4271582734375 0.3561769 0.4247601921875 0.3545321640625 0.4226618703125 0.35489766093749997 0.42146282968750004 0.3536184203125 0.4193645078125 0.35343567187499997 0.41636690625000006 0.351973684375 0.41486810625 0.3490497078125 0.4133693046875 0.34612573125 0.4133693046875 0.34375 0.41426858437499997 0.34137426875 0.41576738593749996 0.33991228125 0.41696642656250005 0.3408260234375 0.4145683453125 0.34027777812500004 0.413968825 0.3380847953125 0.41546762656249997 0.3364400578125 0.4166666671875 0.33534356718749997 0.4193645078125 0.334795321875 0.4205635484375 0.3336988296875 0.42086330937499994 0.3336988296875 0.42296163125 0.3346125734375 0.4235611515625 0.3338815796875 0.4250599515625 0.333150584375 0.4280575546875 0.3313231 0.434652278125 0.3305921046875 0.4400479609375 0.33150584843750003 0.439448440625 0.3338815796875 0.435551559375
0 0.5063961984375001 0.43225419687500005 0.5091374265625 0.43435251875 0.5124269 0.434652278125 0.5158991234375 0.4352517984375 0.51790935625 0.4361510796875 0.52101608125 0.439448440625 0.5224780703125 0.4382494 0.5228435671875 0.435551559375 0.5217470765625001 0.43255395625000004 0.5217470765625001 0.4292565953125 0.5191885968750001 0.4280575546875 0.51790935625 0.4247601921875 0.51790935625 0.42086330937499994 0.5202850875 0.4178657078125 0.5217470765625001 0.4136690640625 0.521564328125 0.41067146250000003 0.5191885968750001 0.40527577968750006 0.5168128656250001 0.4019784171875 0.5144371343749999 0.3995803359375 0.51169590625 0.398081534375 0.5067616953125 0.396582734375 0.5032894734375 0.396582734375 0.498903509375 0.39688249375 0.49561403437499996 0.39688249375 0.49342105312499995 0.4025779375 0.491776315625 0.40917266249999995 0.49342105312499995 0.4112709828125 0.4974415203125 0.4124700234375 0.5009137421875 0.412769784375 0.5016447375 0.41696642656250005 0.4974415203125 0.418465228125 0.4954312859375 0.41906474843749997 0.49524853750000003 0.42146282968750004 0.4987207609375 0.4253597125 0.5012792390625 0.42625899218749996 0.504385965625 0.4292565953125 0.5063961984375001 0.43225419687500005
0 0.5204678359375 0.5209832140625 0.5193713453125001 0.5281774578125 0.5186403515625 0.5326738609375 0.5186403515625 0.5338729015625 0.5201023390625 0.5305755390625 0.5222953218749999 0.5209832140625 0.523026315625 0.5131894484374999 0.5243055562500001 0.49820143906250003 0.52503655 0.49280575468750004 0.5255847953125 0.4859112703125 0.5239400578125 0.49700239843749994 0.52266081875 0.5041966421875 0.521929825 0.511690646875 0.5204678359375 0.5209832140625
3 0.5716374265625 0.5497601921874999 0.5769371343749999 0.5512589921875 0.5860745609375 0.55275779375 0.5924707609375 0.554856115625 0.5994152046875 0.5581534765625 0.6061769 0.5611510796875 0.630116959375 0.569844125 0.6441885968750001 0.576738609375 0.6482090640625 0.5752398078125001 0.6483918125 0.5695443640625 0.6505847953125 0.554856115625 0.6505847953125 0.53327338125 0.6483918125 0.5062949640625 0.6451023390625 0.48950839375 0.63834064375 0.45743405312499996 0.6281067250000001 0.43105515624999996 0.6202485375 0.4226618703125 0.6083698828124999 0.41816546718750003 0.5983187140624999 0.41816546718750003 0.5869883046875 0.4247601921875 0.5827850875 0.4352517984375 0.5732821640625 0.46193045625 0.565241228125 0.5014988015624999 0.56633771875 0.535371703125 0.5674342109375 0.5443645078125 0.5685307015625 0.5458633093749999 0.5716374265625 0.5497601921874999
3 0.334429825 0.567745803125 0.3380847953125 0.5665467625 0.3415570171875 0.5665467625 0.3536184203125 0.5650479609375 0.3779239765625 0.5584532375 0.38340643281250003 0.5533573140625 0.3876096484375 0.54946043125 0.39290935625 0.550659471875 0.3927266078125 0.546762590625 0.39217836250000004 0.51618705 0.384320175 0.5032973625 0.378106725 0.484112709375 0.3676900578125 0.44424460468750004 0.3622076015625 0.4247601921875 0.3545321640625 0.40407673906249997 0.34996345 0.39688249375 0.34301900625 0.39238609062499996 0.33040935625 0.397781775 0.3252923984375 0.4088729015625 0.3234649125 0.42625899218749996 0.3249269 0.44874100781250004 0.3252923984375 0.49310551562500005 0.3243786546875 0.5221822546875 0.32218567187499997 0.5503597124999999 0.32456140312500004 0.5608513187499999 0.32584064375 0.5647482015625 0.32913011718749996 0.5665467625 0.334429825 0.567745803125
3 0.40040204687500003 0.5599520390625 0.40807748593750004 0.55605515625 0.425438596875 0.549160671875 0.44718567187499997 0.5437649875 0.45321637499999995 0.5404676265624999 0.4559576015625 0.5341726625 0.45650584843750003 0.525479615625 0.4548611109375 0.505995203125 0.45321637499999995 0.497901678125 0.451206140625 0.48051558749999995 0.43786549687500004 0.43195443593749994 0.43567251406249996 0.42026378906249995 0.43055555625 0.4112709828125 0.4247076015625 0.40707434062500003 0.4221491234375 0.4019784171875 0.4150219296875 0.401378896875 0.411366959375 0.4028776984375 0.40698099374999996 0.41097122343750003 0.40277777812500004 0.4235611515625 0.396929825 0.44754196718749994 0.3947368421875 0.47122302187500004 0.392543859375 0.5164868109375 0.39290935625 0.5530575546875001 0.394919590625 0.559652278125 0.3971125734375 0.5611510796875 0.40040204687500003 0.5599520390625
3 0.47587719375 0.4466426859375 0.4740497078125 0.45353717031249996 0.47258771875 0.488309353125 0.4700292390625 0.506894484375 0.4674707609375 0.5260791359375 0.46564327499999997 0.5374700234375 0.46454678437499997 0.5515587531249999 0.46527777812500004 0.5590527578125 0.4689327484375 0.5629496406250001 0.4947002921875 0.569844125 0.4987207609375 0.569844125 0.504385965625 0.5716426859375 0.5122441515625 0.5716426859375 0.517543859375 0.569844125 0.5283260234375 0.567745803125 0.538742690625 0.5668465234375 0.546418128125 0.5683453234375 0.548793859375 0.566247003125 0.5498903515625 0.5623501203125 0.5475146203125 0.5305755390625 0.54459064375 0.5119904078124999 0.5416666671875 0.48621103125 0.5352704671875 0.4628297359375 0.526133040625 0.441247003125 0.5221125734375 0.43045563593749997 0.5228435671875 0.41486810625 0.521929825 0.4088729015625 0.5186403515625 0.4025779375 0.512975146875 0.39598321406250003 0.5 0.39598321406250003 0.49561403437499996 0.39688249375 0.48976608125 0.41157074375 0.48355263125 0.42116307031250005 0.47587719375 0.4466426859375
0 0.36293859687499996 0.45953237343750003 0.3640350875 0.4637290171875 0.36476608125 0.46792565937499997 0.3662280703125 0.4724220625 0.3669590640625 0.4775179859375 0.36878655 0.4868105515625 0.37043128593749997 0.49310551562500005 0.372258771875 0.4961031171875 0.3751827484375 0.4961031171875 0.3762792390625 0.49370503593750004 0.374634503125 0.49160671406249995 0.3735380109375 0.4889088734375 0.37262426875 0.48651079062499997 0.3713450296875 0.48261390937500004 0.3724415203125 0.47991606718749996 0.3740862578125 0.4763189453125 0.3737207609375 0.47152278125 0.371893275 0.46522781718750006 0.370796784375 0.45953237343750003 0.3693347953125 0.4544364515625 0.3676900578125 0.4511390890625 0.36641081875000003 0.4499400484375 0.364400584375 0.44874100781250004 0.3618421046875 0.446342925 0.3607456140625 0.44454436406250003 0.361293859375 0.44244604374999996 0.3600146203125 0.441247003125 0.358918128125 0.4409472421875 0.3569078953125 0.44274580312499995 0.359283625 0.4511390890625 0.360562865625 0.45353717031249996 0.360562865625 0.45743405312499996 0.36293859687499996 0.45953237343750003
0 0.45175438593750006 0.5233812953125 0.452668128125 0.5245803359375001 0.4546783625 0.5230815343749999 0.455774853125 0.5230815343749999 0.4548611109375 0.5269784171875 0.4537646203125 0.5335731421875 0.453581871875 0.5374700234375 0.4561403515625 0.5338729015625 0.45650584843750003 0.5257793765625001 0.4559576015625 0.5185851312499999 0.45449561406249994 0.505995203125 0.4524853796875 0.49520383749999997 0.45193713437499994 0.487410071875 0.4501096484375 0.4886091125 0.4484649125 0.49100719374999996 0.44718567187499997 0.49130695468749996 0.4459064328125 0.489808153125 0.4451754390625 0.4889088734375 0.444992690625 0.49040767343749997 0.445723684375 0.497901678125 0.44718567187499997 0.50569544375 0.4499269 0.517386090625 0.45175438593750006 0.5233812953125
0 0.6754385968750001 0.5266786578125 0.680007309375 0.5119904078124999 0.6818347953125 0.5020983218749999 0.683114034375 0.49520383749999997 0.6849415203125 0.489808153125 0.6834795328125 0.48171462812500004 0.6860380109374999 0.4721223015625 0.68512426875 0.4628297359375 0.6860380109374999 0.45863309374999994 0.68987573125 0.458932853125 0.6920687140624999 0.4556354921875 0.6938961984375001 0.450839328125 0.6995614031249999 0.4499400484375 0.7015716375000001 0.4499400484375 0.7019371343749999 0.4466426859375 0.694992690625 0.44064748125 0.6887792390625 0.446342925 0.6845760234375 0.45323740937499996 0.6683114031249999 0.49310551562500005 0.6498538015624999 0.5128896875 0.6516812859375001 0.5455635484375 0.659722221875 0.5590527578125 0.6663011703125 0.5626498796875 0.669956140625 0.5422661875 0.673793859375 0.5356714625000001 0.6754385968750001 0.5266786578125
3 0.661366959375 0.5635491609375001 0.666849415625 0.5692446046875 0.6747076015625 0.5794364515625 0.6818347953125 0.5845323734375001 0.705774853125 0.5878297359375 0.7096125734375 0.5827338125 0.711257309375 0.5683453234375 0.7110745609375 0.5440647484375 0.712902046875 0.5191846515625 0.7119883046875 0.501199040625 0.7065058484375 0.4676259 0.7024853796875 0.4457434046875 0.6946271937499999 0.44064748125 0.690241228125 0.44484412500000003 0.6842105265625 0.455035971875 0.6798245609375 0.46792565937499997 0.66794590625 0.49520383749999997 0.6513157890625 0.5110911265625 0.6493055562500001 0.5134892093750001 0.6514985375 0.54466426875 0.661366959375 0.5635491609375001
0 0.418311403125 0.4145683453125 0.4188596484375 0.41486810625 0.419225146875 0.41486810625 0.4197733921875 0.41426858437499997 0.4203216375 0.4145683453125 0.42105263125 0.4145683453125 0.421418128125 0.413968825 0.42196637499999995 0.413968825 0.4221491234375 0.4133693046875 0.42068713437499994 0.4133693046875 0.41940789531249995 0.4124700234375 0.41849415156249997 0.4133693046875 0.418311403125 0.4145683453125
0 0.3260233921875 0.5086930453125 0.3267543859375 0.501199040625 0.3274853796875 0.49640287812499995 0.328216375 0.484112709375 0.3256578953125 0.48621103125 0.325475146875 0.5005995203125 0.32474415156249997 0.5140887296875001 0.3260233921875 0.5086930453125
0 0.567616959375 0.5416666671875 0.5685307015625 0.540167865625 0.5698099421875 0.5302757796875001 0.5705409359375 0.5185851312499999 0.569992690625 0.50239808125 0.5734649125 0.4859112703125 0.576206140625 0.4739208640625 0.5767543859375001 0.46882494062499996 0.5747441515625 0.46882494062499996 0.5740131578125001 0.46642685781250004 0.57584064375 0.462230215625 0.5778508765625 0.4556354921875 0.578216375 0.451738609375 0.5771198828124999 0.4523381296875 0.5734649125 0.462230215625 0.5688961984375001 0.48381295 0.565241228125 0.5014988015624999 0.565972221875 0.5209832140625 0.5661549703125 0.5323741 0.566703215625 0.5395683453125 0.567616959375 0.5416666671875