3 0.396153846875 0.9483282671875 0.384615384375 0.9726443765624999 0.384615384375 0.9969604859375 0.9269230765625001 0.9969604859375 0.9230769234375 0.9756838906249999 0.9230769234375 0.9392097265625001 0.915384615625 0.9148936171875001 0.9 0.896656534375 0.8884615390624999 0.8844984796875 0.8807692312500001 0.8571428578125 0.8692307687499999 0.8328267484375 0.853846153125 0.8115501515625001 0.834615384375 0.7963525828125 0.8038461531250001 0.781155015625 0.76923076875 0.7689969609375 0.7423076921875 0.7689969609375 0.7269230765625 0.7629179328125 0.7076923078124999 0.75987841875 0.6923076921875 0.7568389062499999 0.646153846875 0.7537993921874999 0.56923076875 0.7568389062499999 0.5384615390625 0.765957446875 0.4884615390625 0.7902735562500001 0.47307692343749996 0.8085106390625001 0.4384615390625 0.8601823703125 0.4269230765625 0.878419453125 0.415384615625 0.9088145890625 0.396153846875 0.9483282671875
0 0.2730769234375 0.37082066875 0.28076923125 0.3738601828125 0.29230769218749997 0.3738601828125 0.3 0.3768996953125 0.30384615312499996 0.37082066875 0.29230769218749997 0.3677811546875 0.27692307656250004 0.361702128125 0.26923076875 0.361702128125 0.2730769234375 0.37082066875
0 0.25 0.3677811546875 0.253846153125 0.37082066875 0.2576923078125 0.3677811546875 0.253846153125 0.36474164062500003 0.24615384687500003 0.36474164062500003 0.2384615390625 0.36474164062500003 0.24230769218749998 0.3677811546875 0.25 0.3677811546875
0 0.4576923078125 0.316109421875 0.4615384609375 0.3100303953125 0.465384615625 0.30699088125 0.465384615625 0.3009118546875 0.45 0.3100303953125 0.446153846875 0.316109421875 0.45 0.3191489359375 0.4576923078125 0.316109421875
3 0.353846153125 0.1428571421875 0.296153846875 0.1398176296875 0.2384615390625 0.16109422499999998 0.2 0.1914893609375 0.1615384609375 0.24316109375 0.1423076921875 0.3039513671875 0.11923076875000001 0.3525835859375 0.10384615312500001 0.41033434687500003 0.10384615312500001 0.4620060796875 0.11923076875000001 0.50151975625 0.1384615390625 0.541033434375 0.165384615625 0.5683890578125 0.2230769234375 0.5866261390624999 0.2615384609375 0.59574468125 0.296153846875 0.5471124625 0.33076923125 0.49848024375 0.3615384609375 0.4711246203125 0.4115384609375 0.45896656562500004 0.4615384609375 0.4468085109375 0.5 0.443768996875 0.5384615390625 0.449848025 0.5923076921875 0.4559270515625 0.596153846875 0.4376899703125 0.603846153125 0.39513677812500003 0.6115384609375 0.37082066875 0.6115384609375 0.331306990625 0.6115384609375 0.316109421875 0.5923076921875 0.28571428593750003 0.565384615625 0.249240121875 0.5076923078125 0.20060790312500001 0.46923076874999997 0.18237082031250001 0.4115384609375 0.1580547109375 0.353846153125 0.1428571421875
1 0.7076923078124999 0.8480243156249999 0.7192307687499999 0.8601823703125 0.73076923125 0.8693009125 0.7615384609375 0.8753799390625 0.796153846875 0.872340425 0.8230769234374999 0.8693009125 0.846153846875 0.8662613984374999 0.8576923078125 0.8662613984374999 0.8884615390624999 0.8844984796875 0.8807692312500001 0.8571428578125 0.8692307687499999 0.8328267484375 0.853846153125 0.8115501515625001 0.834615384375 0.7963525828125 0.8038461531250001 0.781155015625 0.76923076875 0.7689969609375 0.7423076921875 0.7689969609375 0.734615384375 0.7781155015625 0.7192307687499999 0.799392096875 0.7076923078124999 0.8176291796875 0.703846153125 0.8297872343750001 0.7076923078124999 0.8480243156249999
0 0.40384615312500005 0.40121580625000003 0.43076923125000005 0.40425531875000004 0.446153846875 0.41033434687500003 0.45 0.41033434687500003 0.446153846875 0.40425531875000004 0.41923076875 0.40121580625000003 0.40384615312500005 0.40121580625000003
0 0.3576923078125 0.43161094218749996 0.365384615625 0.428571428125 0.365384615625 0.425531915625 0.36923076875 0.41641337343749996 0.3730769234375 0.42249240156249995 0.3769230765625 0.42249240156249995 0.38076923125 0.425531915625 0.384615384375 0.425531915625 0.3923076921875 0.42249240156249995 0.3884615390625 0.4194528875 0.384615384375 0.41337386093750006 0.3884615390625 0.4072948328125 0.40384615312500005 0.40121580625000003 0.4 0.40121580625000003 0.38076923125 0.40425531875000004 0.3730769234375 0.41337386093750006 0.3615384609375 0.41641337343749996 0.353846153125 0.42249240156249995 0.3576923078125 0.43161094218749996
3 0.26923076875 0.8206686937500001 0.284615384375 0.8510638296874999 0.3115384609375 0.872340425 0.3615384609375 0.878419453125 0.4230769234375 0.8693009125 0.4384615390625 0.8601823703125 0.47307692343749996 0.8085106390625001 0.4884615390625 0.7902735562500001 0.5384615390625 0.765957446875 0.56923076875 0.7568389062499999 0.646153846875 0.7537993921874999 0.6923076921875 0.7568389062499999 0.7269230765625 0.7477203640625001 0.7423076921875 0.735562309375 0.7576923078125 0.7112461999999999 0.753846153125 0.6808510640625001 0.746153846875 0.653495440625 0.734615384375 0.638297871875 0.73076923125 0.6170212765625 0.73076923125 0.589665653125 0.73076923125 0.5592705171875 0.7269230765625 0.53191489375 0.7076923078124999 0.5045592703125 0.684615384375 0.48632218906249997 0.65 0.4711246203125 0.6115384609375 0.4620060796875 0.5923076921875 0.4559270515625 0.5384615390625 0.449848025 0.5 0.443768996875 0.4615384609375 0.4468085109375 0.4115384609375 0.45896656562500004 0.3615384609375 0.4711246203125 0.33076923125 0.49848024375 0.296153846875 0.5471124625 0.2615384609375 0.59574468125 0.2576923078125 0.6079027359375 0.25 0.653495440625 0.25 0.7051671734375 0.253846153125 0.7568389062499999 0.26923076875 0.8206686937500001
0 0.4384615390625 0.361702128125 0.446153846875 0.361702128125 0.45 0.35562309999999997 0.44230769218750005 0.3525835859375 0.4384615390625 0.3525835859375 0.4269230765625 0.35562309999999997 0.4230769234375 0.361702128125 0.43076923125000005 0.361702128125 0.4384615390625 0.361702128125
0 0.4115384609375 0.37082066875 0.4115384609375 0.36474164062500003 0.4076923078125 0.36474164062500003 0.4 0.37082066875 0.396153846875 0.3768996953125 0.40384615312500005 0.3768996953125 0.4115384609375 0.37082066875
1 0.396153846875 0.9483282671875 0.384615384375 0.9726443765624999 0.384615384375 0.9969604859375 0.4576923078125 0.9969604859375 0.4615384609375 0.9878419453125 0.46923076874999997 0.9696048625 0.48461538437499996 0.9513677812499999 0.503846153125 0.9361702125000001 0.5269230765625 0.9300911859375001 0.5538461531250001 0.9300911859375001 0.5846153843749999 0.9361702125000001 0.5884615390625 0.927051671875 0.5884615390625 0.9057750765625 0.5846153843749999 0.88753799375 0.5730769234374999 0.8753799390625 0.5576923078125 0.8693009125 0.51923076875 0.8662613984374999 0.48461538437499996 0.872340425 0.446153846875 0.8844984796875 0.4230769234375 0.8905775078125 0.415384615625 0.9088145890625 0.396153846875 0.9483282671875