1 0.167724609375 0.4456243140625 0.17138671875 0.4492859765625 0.18212890625 0.4514829734375 0.189453125 0.44745514531249997 0.197998046875 0.44013182031250003 0.203369140625 0.431709996875 0.2119140625 0.4273160015625 0.215087890625 0.4251190046875 0.2109375 0.42292200625 0.203369140625 0.42145734218750003 0.19482421875 0.42292200625 0.1865234375 0.4236543390625 0.18212890625 0.4251190046875 0.174560546875 0.42035884218749997 0.166015625 0.4123031859375 0.16015625 0.40388136250000006 0.160888671875 0.4101061875 0.163330078125 0.43244232812499994 0.167724609375 0.4456243140625
1 0.218994140625 0.41926034375 0.2216796875 0.42438667187499995 0.224853515625 0.43024533125 0.22998046875 0.44489198124999996 0.235107421875 0.4492859765625 0.239501953125 0.4492859765625 0.243408203125 0.44965214218750005 0.242919921875 0.44049798593749995 0.242919921875 0.42438667187499995 0.240966796875 0.41193701875000005 0.236572265625 0.3994873671875 0.230712890625 0.390699378125 0.219970703125 0.3881362140625 0.2109375 0.390699378125 0.212646484375 0.40278286406249997 0.218017578125 0.4123031859375 0.218994140625 0.41926034375
1 0.6103515625 0.473452946875 0.6181640625 0.465397290625 0.622802734375 0.46100329531249995 0.626220703125 0.46612962343750003 0.632080078125 0.46905895312499996 0.63916015625 0.47015745156250005 0.6435546875 0.47015745156250005 0.646240234375 0.47052361718749997 0.647705078125 0.46905895312499996 0.650390625 0.46796045468749997 0.654296875 0.46905895312499996 0.65576171875 0.46466495781250006 0.6572265625 0.4569754671875 0.660888671875 0.45551080156249996 0.662841796875 0.4518491390625 0.662841796875 0.44599047968749994 0.66064453125 0.43024533125 0.657958984375 0.4181618453125 0.65625 0.40974002187499997 0.6533203125 0.4046136953125 0.645751953125 0.40388136250000006 0.639892578125 0.4086415234375 0.629638671875 0.417063346875 0.620361328125 0.4295129984375 0.612060546875 0.44306115 0.603515625 0.45258147187500003 0.594970703125 0.4613694625 0.591796875 0.46320029218750003 0.592041015625 0.4719882828125 0.59814453125 0.47674844375000003 0.604736328125 0.47857927499999997 0.6103515625 0.473452946875
1 0.688232421875 0.476382278125 0.699951171875 0.47821310937500006 0.70947265625 0.47601611093749996 0.714111328125 0.46942511875 0.720458984375 0.47015745156250005 0.726806640625 0.46576345625000004 0.731689453125 0.46100329531249995 0.732666015625 0.4514829734375 0.7333984375 0.445258146875 0.733642578125 0.43903332187500005 0.735595703125 0.43134382968749996 0.737060546875 0.42548517031250005 0.7392578125 0.41742951250000004 0.72119140625 0.411570853125 0.710693359375 0.41523251562499996 0.69775390625 0.42438667187499995 0.68310546875 0.43610399062500005 0.682373046875 0.43939948749999996 0.6796875 0.4529476375 0.6787109375 0.4624679609375 0.682373046875 0.47052361718749997 0.688232421875 0.476382278125
0 0.317626953125 0.4031490296875 0.319580078125 0.4031490296875 0.31982421875 0.400585865625 0.3203125 0.39912120156249997 0.3193359375 0.3976565359375 0.318115234375 0.3998535328125 0.3154296875 0.400585865625 0.31591796875 0.40278286406249997 0.317626953125 0.4031490296875
0 0.3310546875 0.3939948734375 0.331787109375 0.390699378125 0.331787109375 0.389600878125 0.330810546875 0.3881362140625 0.32958984375 0.38557305 0.330078125 0.39106554375 0.328857421875 0.3958257046875 0.330078125 0.3976565359375 0.3310546875 0.3939948734375
0 0.41015625 0.4009520328125 0.411376953125 0.40205053125 0.41162109375 0.40497986093750005 0.412353515625 0.40534602656249996 0.413818359375 0.40497986093750005 0.4140625 0.40278286406249997 0.412841796875 0.400585865625 0.4111328125 0.3998535328125 0.40869140625 0.3980227015625 0.407470703125 0.3976565359375 0.408935546875 0.3998535328125 0.41015625 0.4009520328125
0 0.369384765625 0.443427315625 0.37158203125 0.44123031875 0.372802734375 0.437202490625 0.372314453125 0.431709996875 0.372314453125 0.428048334375 0.372802734375 0.42548517031250005 0.3720703125 0.42328817343749997 0.37109375 0.42109117500000004 0.368896484375 0.41926034375 0.367431640625 0.430611496875 0.3662109375 0.4368363234375 0.36767578125 0.44159648437500004 0.369384765625 0.443427315625
0 0.62451171875 0.45404613749999995 0.622314453125 0.4533138046875 0.62158203125 0.45404613749999995 0.622314453125 0.45551080156249996 0.62451171875 0.45587696875 0.626220703125 0.4569754671875 0.62841796875 0.4577078 0.6298828125 0.45807396562499997 0.630615234375 0.4577078 0.631591796875 0.45477846875 0.6298828125 0.45477846875 0.627685546875 0.45477846875 0.626220703125 0.4536799703125 0.62451171875 0.45404613749999995
0 0.41845703125 0.4408641515625 0.42041015625 0.4408641515625 0.419921875 0.4368363234375 0.421630859375 0.43354082812500006 0.422119140625 0.43134382968749996 0.422607421875 0.4284145 0.423095703125 0.42438667187499995 0.4228515625 0.4218235078125 0.422119140625 0.41926034375 0.422119140625 0.41852801093750003 0.420654296875 0.4181618453125 0.4208984375 0.43097766406250004 0.419189453125 0.435737825 0.4189453125 0.437934821875 0.41845703125 0.4408641515625
0 0.629638671875 0.43354082812500006 0.630615234375 0.43390699374999997 0.631591796875 0.43134382968749996 0.632568359375 0.4276821671875 0.632568359375 0.4251190046875 0.633544921875 0.42328817343749997 0.63427734375 0.420725009375 0.63525390625 0.41633101406249995 0.6318359375 0.42145734218750003 0.630126953125 0.4236543390625 0.629150390625 0.43024533125 0.629638671875 0.43354082812500006
0 0.653564453125 0.44745514531249997 0.655029296875 0.4481874765625 0.656494140625 0.445258146875 0.656494140625 0.44306115 0.65576171875 0.44123031875 0.6552734375 0.4386671546875 0.655029296875 0.43756865625 0.6533203125 0.435371659375 0.652587890625 0.44159648437500004 0.650634765625 0.44489198124999996 0.6513671875 0.4481874765625 0.653564453125 0.44745514531249997
0 0.70263671875 0.45441230312499997 0.706787109375 0.45221530625 0.7119140625 0.45111680625000006 0.715087890625 0.448919809375 0.71875 0.44635664531249997 0.72021484375 0.44123031875 0.719482421875 0.435371659375 0.71728515625 0.43097766406250004 0.712158203125 0.435371659375 0.709228515625 0.4328084953125 0.704833984375 0.43097766406250004 0.701416015625 0.43024533125 0.69873046875 0.43097766406250004 0.695068359375 0.43756865625 0.694091796875 0.44708897812500004 0.69775390625 0.45258147187500003 0.70263671875 0.45441230312499997
0 0.732421875 0.4481874765625 0.731201171875 0.4456243140625 0.730224609375 0.44635664531249997 0.727294921875 0.45587696875 0.73095703125 0.46063712968750004 0.731689453125 0.45441230312499997 0.732421875 0.4481874765625
1 0.388671875 0.467228121875 0.392333984375 0.473452946875 0.401611328125 0.47015745156250005 0.41015625 0.47052361718749997 0.41455078125 0.46466495781250006 0.41943359375 0.45844013125 0.430419921875 0.46063712968750004 0.4365234375 0.4664957890625 0.444580078125 0.4719882828125 0.457763671875 0.4741852796875 0.457275390625 0.46942511875 0.4541015625 0.46210179374999993 0.45166015625 0.4529476375 0.450439453125 0.44452581406249997 0.451416015625 0.439765653125 0.451416015625 0.43463932656250004 0.446044921875 0.4177956796875 0.441650390625 0.4064445265625 0.429443359375 0.394361040625 0.414306640625 0.387037715625 0.404052734375 0.383376053125 0.395263671875 0.38410838593749996 0.38232421875 0.3881362140625 0.37451171875 0.395093371875 0.3681640625 0.40571219375 0.364501953125 0.417063346875 0.359619140625 0.43756865625 0.36572265625 0.439765653125 0.371337890625 0.4577078 0.379150390625 0.46466495781250006 0.388671875 0.467228121875
3 0.218017578125 0.36433540781249996 0.209716796875 0.3734895640625 0.208251953125 0.38996704531250004 0.212646484375 0.40278286406249997 0.218017578125 0.4123031859375 0.218994140625 0.41926034375 0.2216796875 0.42438667187499995 0.224853515625 0.43024533125 0.22998046875 0.44489198124999996 0.235107421875 0.4492859765625 0.239501953125 0.4492859765625 0.243408203125 0.44965214218750005 0.244384765625 0.4518491390625 0.245361328125 0.4577078 0.249755859375 0.4602709625 0.255859375 0.46210179374999993 0.2607421875 0.46100329531249995 0.265869140625 0.4573416328125 0.26806640625 0.44965214218750005 0.272705078125 0.44306115 0.27587890625 0.4383009890625 0.279541015625 0.43354082812500006 0.28125 0.42987916562499995 0.281982421875 0.42292200625 0.279052734375 0.4218235078125 0.27392578125 0.41596484843750003 0.2646484375 0.3998535328125 0.254150390625 0.38191138750000003 0.24072265625 0.3683632375 0.231689453125 0.3610399125 0.218017578125 0.36433540781249996
3 0.327392578125 0.37934822343749997 0.31982421875 0.37275723125 0.31396484375 0.37056023437499996 0.307861328125 0.3712925671875 0.29833984375 0.37678506093749997 0.290283203125 0.38410838593749996 0.285888671875 0.39875503437500004 0.283203125 0.41340168437499997 0.281982421875 0.428048334375 0.281005859375 0.439765653125 0.28271484375 0.45551080156249996 0.286865234375 0.46466495781250006 0.291748046875 0.47308678125 0.296142578125 0.4778469421875 0.3046875 0.4815086046875 0.316650390625 0.484437934375 0.323486328125 0.4866349328125 0.330322265625 0.4873672640625 0.337158203125 0.4855364328125 0.34423828125 0.4815086046875 0.350830078125 0.47674844375000003 0.355224609375 0.473452946875 0.35888671875 0.46905895312499996 0.35888671875 0.46320029218750003 0.357421875 0.45587696875 0.355712890625 0.448919809375 0.35693359375 0.43939948749999996 0.357666015625 0.437202490625 0.350830078125 0.42548517031250005 0.3447265625 0.41303551875 0.338134765625 0.3980227015625 0.3330078125 0.38740388124999997 0.327392578125 0.37934822343749997
3 0.122802734375 0.39875503437500004 0.117431640625 0.4126693515625 0.1083984375 0.4284145 0.109375 0.44159648437500004 0.1220703125 0.45844013125 0.13330078125 0.473452946875 0.145751953125 0.47821310937500006 0.15869140625 0.47931160781250004 0.170654296875 0.478945440625 0.1796875 0.4855364328125 0.187255859375 0.48773343125 0.198974609375 0.49066276093749994 0.210693359375 0.4833394359375 0.211669921875 0.46942511875 0.210205078125 0.4569754671875 0.19921875 0.45404613749999995 0.193359375 0.4441596484375 0.189453125 0.44745514531249997 0.18212890625 0.4514829734375 0.17138671875 0.4492859765625 0.167724609375 0.4456243140625 0.163330078125 0.43244232812499994 0.160888671875 0.4101061875 0.15966796875 0.4090076890625 0.14892578125 0.4071768578125 0.137939453125 0.40571219375 0.127685546875 0.39912120156249997 0.122802734375 0.39875503437500004
3 0.31005859375 0.5258147203125 0.3115234375 0.5367997078125 0.315185546875 0.5503478578125 0.319091796875 0.5649945078124999 0.323974609375 0.571951665625 0.33203125 0.5803734890625 0.3447265625 0.5767118265625 0.35302734375 0.5679238375 0.360107421875 0.5532771875 0.367919921875 0.5404613687500001 0.372314453125 0.5335042109375 0.37646484375 0.52874405 0.378662109375 0.524716221875 0.37939453125 0.513731234375 0.380126953125 0.504577078125 0.375 0.50238008125 0.3671875 0.49542292187500003 0.362548828125 0.4873672640625 0.359375 0.4778469421875 0.35888671875 0.46905895312499996 0.355224609375 0.473452946875 0.350830078125 0.47674844375000003 0.34423828125 0.4815086046875 0.337158203125 0.4855364328125 0.330322265625 0.4873672640625 0.323486328125 0.4866349328125 0.316650390625 0.484437934375 0.314453125 0.484437934375 0.31298828125 0.49176125937500004 0.311767578125 0.508238740625 0.310791015625 0.5129989015625 0.31005859375 0.5258147203125
3 0.1689453125 0.37495422968750003 0.158203125 0.36177224531249996 0.152587890625 0.3610399125 0.1533203125 0.378249725 0.1591796875 0.396924203125 0.160888671875 0.4101061875 0.163330078125 0.43244232812499994 0.167724609375 0.4456243140625 0.17138671875 0.4492859765625 0.18212890625 0.4514829734375 0.189453125 0.44745514531249997 0.197998046875 0.44013182031250003 0.203369140625 0.431709996875 0.2119140625 0.4273160015625 0.215087890625 0.4251190046875 0.217041015625 0.41889417812499996 0.20654296875 0.411570853125 0.1923828125 0.40388136250000006 0.181640625 0.39545953906250003 0.1689453125 0.37495422968750003
3 0.66943359375 0.44745514531249997 0.662841796875 0.4518491390625 0.662841796875 0.45844013125 0.661865234375 0.47162211718749997 0.661865234375 0.4749176125 0.664306640625 0.480043940625 0.670166015625 0.49066276093749994 0.678955078125 0.5056755765625 0.685546875 0.5144635671875 0.691650390625 0.521420725 0.699951171875 0.5269132187500001 0.70703125 0.527279384375 0.712158203125 0.5250823875 0.7158203125 0.518125228125 0.72021484375 0.50860490625 0.722900390625 0.49725375312500003 0.7255859375 0.488099596875 0.72802734375 0.4778469421875 0.73046875 0.4697912859375 0.731689453125 0.46100329531249995 0.732666015625 0.4514829734375 0.7333984375 0.445258146875 0.733642578125 0.43903332187500005 0.735595703125 0.43134382968749996 0.737060546875 0.42548517031250005 0.7392578125 0.41742951250000004 0.72119140625 0.411570853125 0.710693359375 0.41523251562499996 0.69775390625 0.42438667187499995 0.68310546875 0.43610399062500005 0.66943359375 0.44745514531249997
3 0.501220703125 0.4218235078125 0.49267578125 0.42878066718749996 0.489013671875 0.43756865625 0.487548828125 0.45111680625000006 0.484375 0.4624679609375 0.483642578125 0.47821310937500006 0.483154296875 0.4924935921875 0.484375 0.49871841874999995 0.48974609375 0.504577078125 0.50048828125 0.5093372390625001 0.512939453125 0.5148297328125 0.52978515625 0.521420725 0.540771484375 0.5258147203125 0.5537109375 0.5283778828125001 0.562255859375 0.5276455515625 0.568359375 0.5239838890625 0.57666015625 0.5166605640624999 0.580810546875 0.510069571875 0.583251953125 0.49761991875 0.5859375 0.48407176874999996 0.587646484375 0.47052361718749997 0.588134765625 0.46210179374999993 0.585693359375 0.45258147187500003 0.57763671875 0.44013182031250003 0.573974609375 0.43097766406250004 0.5703125 0.42145734218750003 0.567626953125 0.4101061875 0.561279296875 0.4009520328125 0.556884765625 0.3976565359375 0.5478515625 0.3976565359375 0.53564453125 0.40021969999999996 0.52197265625 0.40607835937500003 0.5107421875 0.41559868125 0.501220703125 0.4218235078125
3 0.404052734375 0.383376053125 0.395263671875 0.38410838593749996 0.38232421875 0.3881362140625 0.37451171875 0.395093371875 0.3681640625 0.40571219375 0.364501953125 0.417063346875 0.361083984375 0.4273160015625 0.357666015625 0.437202490625 0.35693359375 0.43939948749999996 0.355712890625 0.448919809375 0.357421875 0.45587696875 0.35888671875 0.46320029218750003 0.35888671875 0.46905895312499996 0.359375 0.4778469421875 0.362548828125 0.4873672640625 0.3671875 0.49542292187500003 0.375 0.50238008125 0.3837890625 0.50494324375 0.395751953125 0.5075064078125 0.40966796875 0.5078725734375 0.421875 0.5060417421875 0.434814453125 0.5042109124999999 0.445556640625 0.5031124124999999 0.451416015625 0.500915415625 0.455322265625 0.4961552546875 0.45751953125 0.4859026 0.457763671875 0.4741852796875 0.457275390625 0.46942511875 0.4541015625 0.46210179374999993 0.45166015625 0.4529476375 0.450439453125 0.44452581406249997 0.451416015625 0.439765653125 0.451416015625 0.43463932656250004 0.446044921875 0.4177956796875 0.441650390625 0.4064445265625 0.429443359375 0.394361040625 0.414306640625 0.387037715625 0.404052734375 0.383376053125
3 0.7333984375 0.445258146875 0.732666015625 0.4514829734375 0.731689453125 0.46100329531249995 0.73046875 0.4697912859375 0.7373046875 0.473452946875 0.744873046875 0.47711460937499994 0.751953125 0.48370560156250003 0.76171875 0.48956426249999996 0.772216796875 0.49505675625 0.784912109375 0.4965214203125 0.7919921875 0.49578908750000006 0.794921875 0.4855364328125 0.793701171875 0.4723544484375 0.791259765625 0.45807396562499997 0.7880859375 0.4518491390625 0.785400390625 0.45001830781249996 0.77685546875 0.445258146875 0.76611328125 0.437934821875 0.755859375 0.434273159375 0.748046875 0.430611496875 0.742919921875 0.4276821671875 0.7412109375 0.4276821671875 0.738525390625 0.43024533125 0.734375 0.434273159375 0.733642578125 0.43903332187500005 0.7333984375 0.445258146875
3 0.612060546875 0.44306115 0.603515625 0.45258147187500003 0.594970703125 0.4613694625 0.588134765625 0.46210179374999993 0.587646484375 0.47052361718749997 0.5859375 0.48407176874999996 0.584228515625 0.49212742656249997 0.58642578125 0.500915415625 0.5908203125 0.510069571875 0.59619140625 0.5133650671875001 0.608154296875 0.5144635671875 0.6181640625 0.5133650671875001 0.62890625 0.5162943984374999 0.637939453125 0.5166605640624999 0.64453125 0.5119004031250001 0.652099609375 0.5038447453125 0.658203125 0.49139509375 0.66015625 0.481874771875 0.661865234375 0.47162211718749997 0.662841796875 0.45844013125 0.662841796875 0.44599047968749994 0.66064453125 0.43024533125 0.657958984375 0.4181618453125 0.65625 0.40974002187499997 0.6533203125 0.4046136953125 0.645751953125 0.40388136250000006 0.639892578125 0.4086415234375 0.629638671875 0.417063346875 0.620361328125 0.4295129984375 0.612060546875 0.44306115
3 0.748046875 0.430611496875 0.755859375 0.434273159375 0.76611328125 0.437934821875 0.77685546875 0.445258146875 0.785400390625 0.45001830781249996 0.789794921875 0.4467228125 0.796630859375 0.439765653125 0.802001953125 0.4276821671875 0.80859375 0.4090076890625 0.814208984375 0.396924203125 0.816650390625 0.38374221875000003 0.815185546875 0.3826437203125 0.804443359375 0.38667154843749996 0.796630859375 0.3903332109375 0.78955078125 0.396191871875 0.781005859375 0.4009520328125 0.76611328125 0.404247528125 0.751708984375 0.4086415234375 0.741455078125 0.42292200625 0.742919921875 0.4276821671875 0.748046875 0.430611496875
3 0.38525390625 0.5433907 0.3896484375 0.55693885 0.39208984375 0.564262175 0.397705078125 0.573782496875 0.40380859375 0.584767484375 0.406005859375 0.5891614796875 0.413818359375 0.59172464375 0.4228515625 0.5950201390625 0.4267578125 0.5931893078125 0.43212890625 0.58696448125 0.4365234375 0.573782496875 0.43994140625 0.5649945078124999 0.44189453125 0.5554741859375001 0.4423828125 0.5474185281249999 0.4423828125 0.5415598687500001 0.443359375 0.536067375 0.443359375 0.5269132187500001 0.443359375 0.5203222265624999 0.443359375 0.510069571875 0.443359375 0.5034785796875 0.434814453125 0.5042109124999999 0.421875 0.5060417421875 0.40966796875 0.5078725734375 0.395751953125 0.5075064078125 0.3837890625 0.50494324375 0.380126953125 0.504577078125 0.37939453125 0.513731234375 0.38037109375 0.5261808859375 0.3818359375 0.5338703765624999 0.38525390625 0.5433907
3 0.23486328125 0.5038447453125 0.232177734375 0.515562065625 0.228759765625 0.5276455515625 0.226318359375 0.5331380453125 0.225341796875 0.5378982062500001 0.2255859375 0.5448553640625 0.2314453125 0.5499816921875 0.242431640625 0.5532771875 0.25146484375 0.5540095203125001 0.26318359375 0.5532771875 0.27880859375 0.5463200296874999 0.286865234375 0.536433540625 0.29345703125 0.523617721875 0.30322265625 0.5177590624999999 0.30712890625 0.5162943984374999 0.307861328125 0.5104357375 0.306396484375 0.5001830828125 0.3046875 0.4888319296875 0.302734375 0.48041010625 0.296142578125 0.4778469421875 0.291748046875 0.47308678125 0.286865234375 0.46466495781250006 0.28271484375 0.45551080156249996 0.281005859375 0.439765653125 0.281005859375 0.43610399062500005 0.27880859375 0.434273159375 0.27587890625 0.4383009890625 0.272705078125 0.44306115 0.26806640625 0.44965214218750005 0.265869140625 0.4573416328125 0.2607421875 0.46100329531249995 0.255859375 0.46210179374999993 0.25146484375 0.46100329531249995 0.249755859375 0.46356645937499996 0.24560546875 0.47052361718749997 0.241943359375 0.48077627187500005 0.23828125 0.49139509375 0.23486328125 0.5038447453125
3 0.463134765625 0.47967777343750007 0.46142578125 0.4855364328125 0.4599609375 0.49139509375 0.45849609375 0.50238008125 0.4580078125 0.51592823125 0.458251953125 0.5250823875 0.45849609375 0.5357012078125 0.45849609375 0.545587696875 0.45751953125 0.5514463562499999 0.45751953125 0.5554741859375001 0.4619140625 0.5653606734375 0.465576171875 0.5745148296875 0.4697265625 0.5825704875 0.473876953125 0.5913584765625 0.477783203125 0.5968509703125 0.4853515625 0.59794946875 0.49462890625 0.5968509703125 0.499267578125 0.5953863046875 0.50390625 0.5873306484375 0.5087890625 0.5785426578124999 0.512451171875 0.566459171875 0.51611328125 0.5558403515625 0.520263671875 0.5477846937499999 0.52197265625 0.5408275359375 0.521728515625 0.519956059375 0.512939453125 0.5148297328125 0.50048828125 0.5093372390625001 0.48974609375 0.504577078125 0.484375 0.49871841874999995 0.483154296875 0.4924935921875 0.483642578125 0.47821310937500006 0.483642578125 0.4723544484375 0.47705078125 0.47308678125 0.469482421875 0.4738191140625 0.466796875 0.47564994531250004 0.463134765625 0.47967777343750007
3 0.597412109375 0.5426583671875 0.606201171875 0.5474185281249999 0.613037109375 0.5562065171875 0.618896484375 0.5613328453124999 0.6279296875 0.5723178328125 0.634033203125 0.5781764921875 0.643798828125 0.5800073234374999 0.65625 0.5778103265625 0.66748046875 0.5726839984375001 0.67236328125 0.560966678125 0.671142578125 0.54522153125 0.671142578125 0.5335042109375 0.669677734375 0.521054559375 0.667724609375 0.5108019046875001 0.66552734375 0.5016477484374999 0.66162109375 0.49176125937500004 0.65966796875 0.48773343125 0.658203125 0.49139509375 0.652099609375 0.5038447453125 0.64453125 0.5119004031250001 0.637939453125 0.5166605640624999 0.62890625 0.5162943984374999 0.6181640625 0.5133650671875001 0.608154296875 0.5144635671875 0.59619140625 0.5133650671875001 0.59423828125 0.51226656875 0.59423828125 0.5162943984374999 0.595703125 0.5258147203125 0.596923828125 0.5349688765625 0.597412109375 0.5426583671875
3 0.541015625 0.5686561703125 0.546875 0.5814719890625 0.552978515625 0.5891614796875 0.563720703125 0.5898938125 0.575439453125 0.5876968140625001 0.579833984375 0.5862321500000001 0.587158203125 0.573782496875 0.5908203125 0.55876968125 0.595703125 0.5419260343750001 0.596923828125 0.5349688765625 0.595703125 0.5258147203125 0.59423828125 0.5162943984374999 0.59423828125 0.51226656875 0.5908203125 0.510069571875 0.58642578125 0.500915415625 0.584228515625 0.49212742656249997 0.583251953125 0.49761991875 0.580810546875 0.510069571875 0.57666015625 0.5166605640624999 0.568359375 0.5239838890625 0.562255859375 0.5276455515625 0.5537109375 0.5283778828125001 0.540771484375 0.5258147203125 0.52978515625 0.521420725 0.521728515625 0.519956059375 0.5234375 0.5327718781249999 0.52587890625 0.5444891984375 0.533935546875 0.5562065171875 0.541015625 0.5686561703125
1 0.516357421875 0.4664957890625 0.523193359375 0.47711460937499994 0.531494140625 0.481874771875 0.53955078125 0.481874771875 0.549560546875 0.482607103125 0.5546875 0.47931160781250004 0.557861328125 0.4749176125 0.5615234375 0.47601611093749996 0.56640625 0.4741852796875 0.569091796875 0.47015745156250005 0.572265625 0.46942511875 0.57568359375 0.4624679609375 0.576904296875 0.4514829734375 0.57763671875 0.4441596484375 0.57763671875 0.44013182031250003 0.573974609375 0.43097766406250004 0.5703125 0.42145734218750003 0.567626953125 0.4101061875 0.561279296875 0.4009520328125 0.556884765625 0.3976565359375 0.5478515625 0.3976565359375 0.53564453125 0.40021969999999996 0.52197265625 0.40607835937500003 0.51318359375 0.41486634999999994 0.510009765625 0.4251190046875 0.507568359375 0.44013182031250003 0.510498046875 0.45221530625 0.516357421875 0.4664957890625
1 0.3095703125 0.4126693515625 0.31689453125 0.41596484843750003 0.327392578125 0.41742951250000004 0.332763671875 0.41742951250000004 0.3369140625 0.41523251562499996 0.34130859375 0.41742951250000004 0.350830078125 0.42548517031250005 0.3447265625 0.41303551875 0.338134765625 0.3980227015625 0.3330078125 0.38740388124999997 0.327392578125 0.37934822343749997 0.31982421875 0.37275723125 0.31396484375 0.37056023437499996 0.307861328125 0.3712925671875 0.29833984375 0.37678506093749997 0.292724609375 0.3826437203125 0.2919921875 0.3958257046875 0.29296875 0.4031490296875 0.302490234375 0.4090076890625 0.3095703125 0.4126693515625