3 0.6778333328125 0.42325 0.6783333328125 0.44400000000000006 0.6773333328125 0.48 0.6823333328125 0.48624999999999996 0.6911666671875001 0.48674999999999996 0.6966666671875 0.49024999999999996 0.709 0.49574999999999997 0.7131666671875 0.5015 0.7401666671875 0.509 0.7485 0.49574999999999997 0.7598333328125 0.47675 0.7683333328125 0.4575 0.7733333328125 0.43200000000000005 0.7643333328125 0.3935 0.7536666671875001 0.35724999999999996 0.7455 0.33625 0.7373333328125 0.32325 0.7311666671875 0.32225000000000004 0.72 0.32625000000000004 0.7025 0.34875 0.6945 0.36775 0.686 0.40149999999999997 0.6778333328125 0.42325
3 0.805 0.48724999999999996 0.8108333328124999 0.4915 0.8238333328125 0.48425 0.8305 0.46175 0.8311666671875001 0.44175000000000003 0.8356666671875 0.42874999999999996 0.8383333328125 0.40750000000000003 0.8390000000000001 0.39649999999999996 0.8371666671875 0.392 0.8278333328124999 0.40099999999999997 0.8135 0.41825 0.8066666671875 0.483 0.805 0.48724999999999996
3 0.626 0.593 0.6365000000000001 0.61425 0.6503333328124999 0.62575 0.6661666671875001 0.6207499999999999 0.6721666671875 0.60375 0.6781666671875 0.5785 0.6845 0.54475 0.689 0.5105000000000001 0.6861666671875 0.48975 0.6818333328125 0.48425 0.6758333328125 0.4805 0.6761666671875 0.4845 0.6691666671875 0.501 0.661 0.50875 0.6518333328125 0.51425 0.6418333328125 0.51375 0.618 0.5055 0.6156666671875 0.506 0.612 0.5275000000000001 0.6094999999999999 0.5355000000000001 0.6163333328125 0.5565 0.626 0.593
3 0.2878333328125 0.481 0.2925 0.49924999999999997 0.2991666671875 0.508 0.3135 0.5165 0.3353333328125 0.5205 0.3621666671875 0.50975 0.37 0.50225 0.3718333328125 0.4955 0.3711666671875 0.472 0.3743333328125 0.43875000000000003 0.375 0.42225 0.3661666671875 0.40650000000000003 0.3566666671875 0.39025 0.3433333328125 0.38025000000000003 0.3345 0.37725 0.32116666718750003 0.378 0.31466666718749997 0.381 0.305 0.38825 0.2935 0.4135 0.2873333328125 0.445 0.28650000000000003 0.46175 0.2878333328125 0.481
3 0.807 0.48025 0.8116666671875 0.44275000000000003 0.8133333328125 0.42000000000000004 0.8115 0.4035 0.8095000000000001 0.40175 0.8015000000000001 0.40625 0.795 0.41174999999999995 0.7928333328125 0.41624999999999995 0.7918333328125 0.43724999999999997 0.7851666671875 0.46525 0.7733333328125 0.5015 0.7733333328125 0.50575 0.7826666671875 0.51525 0.7936666671875 0.5145 0.8001666671875001 0.49974999999999997 0.807 0.48025
3 0.49683333281250003 0.6042500000000001 0.5083333328124999 0.59925 0.518 0.58425 0.5216666671875 0.56925 0.5296666671875 0.546 0.5343333328125001 0.5337500000000001 0.5351666671875 0.5215 0.496 0.52275 0.48250000000000004 0.51775 0.4823333328125 0.521 0.4715 0.52275 0.46783333281250006 0.5247499999999999 0.46733333281249995 0.5435 0.4761666671875 0.572 0.48600000000000004 0.5972500000000001 0.49683333281250003 0.6042500000000001
3 0.21716666718750002 0.6132500000000001 0.22233333281249998 0.63325 0.23116666718749998 0.627 0.2455 0.60675 0.263 0.5775 0.2681666671875 0.57175 0.2686666671875 0.56425 0.2763333328125 0.5295 0.2805 0.5085 0.2626666671875 0.52275 0.255 0.5275000000000001 0.2403333328125 0.529 0.2325 0.52625 0.22716666718749998 0.518 0.221 0.5095 0.21233333281250003 0.5207499999999999 0.21033333281250002 0.55 0.2108333328125 0.5825 0.2141666671875 0.59825 0.21716666718750002 0.6132500000000001
3 0.3715 0.475 0.37266666718749997 0.5 0.3806666671875 0.51075 0.3913333328125 0.5207499999999999 0.42750000000000005 0.5247499999999999 0.47416666718749995 0.5225 0.48166666718749995 0.52125 0.4836666671875 0.48600000000000004 0.4841666671875 0.45549999999999996 0.4778333328125 0.41475 0.4665 0.3825 0.4465 0.365 0.422 0.35475 0.40599999999999997 0.35825 0.39449999999999996 0.36875 0.3851666671875 0.38825 0.37716666718749997 0.42000000000000004 0.37466666718749997 0.44175000000000003 0.3715 0.475
3 0.2826666671875 0.642 0.30533333281249997 0.625 0.3291666671875 0.587 0.3406666671875 0.5695 0.3436666671875 0.5595 0.3345 0.5237499999999999 0.3303333328125 0.5195000000000001 0.31416666718749997 0.517 0.2988333328125 0.50875 0.2915 0.49775 0.2803333328125 0.51025 0.269 0.56175 0.2653333328125 0.60675 0.273 0.64 0.2826666671875 0.642
3 0.7055 0.589 0.7208333328125 0.61425 0.7303333328125 0.61975 0.7378333328125 0.614 0.7405 0.5955 0.7458333328125 0.56375 0.7468333328125001 0.54075 0.7464999999999999 0.52 0.743 0.50475 0.7401666671875 0.5105000000000001 0.7136666671875 0.5025000000000001 0.7086666671875 0.49574999999999997 0.6966666671875 0.491 0.6883333328125001 0.48674999999999996 0.686 0.4885 0.6878333328124999 0.49874999999999997 0.689 0.5085 0.6881666671875 0.5265 0.6858333328125 0.548 0.6925 0.5690000000000001 0.7055 0.589
3 0.4445 0.60625 0.45083333281250004 0.591 0.4596666671875 0.5700000000000001 0.46683333281249995 0.54575 0.46733333281249995 0.52225 0.42983333281249997 0.526 0.39849999999999997 0.5235000000000001 0.40433333281249995 0.5587500000000001 0.41616666718750006 0.6014999999999999 0.4325 0.6115 0.4445 0.60625
3 0.1471666671875 0.49749999999999994 0.1581666671875 0.49800000000000005 0.1535 0.487 0.1493333328125 0.45549999999999996 0.1468333328125 0.42525 0.1383333328125 0.4145 0.13 0.40650000000000003 0.1261666671875 0.403 0.11950000000000001 0.40175 0.122 0.418 0.1266666671875 0.44025 0.13516666718749998 0.48224999999999996 0.1471666671875 0.49749999999999994
3 0.20216666718749998 0.4665 0.2093333328125 0.4875 0.22749999999999998 0.5195000000000001 0.23399999999999999 0.52675 0.2411666671875 0.5295 0.2573333328125 0.5247499999999999 0.2786666671875 0.5105000000000001 0.2923333328125 0.49725 0.2873333328125 0.48 0.286 0.45949999999999996 0.2886666671875 0.43274999999999997 0.2816666671875 0.4255 0.2728333328125 0.40425000000000005 0.25866666718750003 0.37675000000000003 0.2471666671875 0.364 0.2361666671875 0.35875 0.22883333281249998 0.36 0.22116666718750003 0.36775 0.2126666671875 0.3915 0.20550000000000002 0.43125 0.20350000000000001 0.4465 0.20216666718749998 0.4665
3 0.485 0.45949999999999996 0.483 0.5175 0.4956666671875 0.52175 0.5636666671875 0.5205 0.5778333328125 0.517 0.5906666671874999 0.5105000000000001 0.5941666671875 0.49074999999999996 0.5923333328125 0.4385 0.5843333328125 0.397 0.5753333328125 0.37 0.5663333328125 0.35550000000000004 0.5555 0.34625 0.542 0.34325 0.5271666671874999 0.351 0.502 0.388 0.489 0.4215 0.4846666671875 0.438 0.485 0.45949999999999996
3 0.7849999999999999 0.465 0.7916666671875 0.43674999999999997 0.7929999999999999 0.41475 0.792 0.40374999999999994 0.788 0.38575 0.7821666671874999 0.3785 0.7748333328125 0.38425 0.7645 0.39425 0.7726666671875 0.43 0.7686666671875 0.4565 0.7596666671875 0.47750000000000004 0.7473333328125 0.49974999999999997 0.7548333328125 0.5115000000000001 0.7691666671874999 0.512 0.7801666671875 0.4795 0.7849999999999999 0.465
3 0.3705 0.6035 0.3818333328125 0.5894999999999999 0.3876666671875 0.55375 0.394 0.533 0.3933333328125 0.5205 0.38133333281250004 0.511 0.37283333281250003 0.50075 0.3625 0.5105000000000001 0.3378333328125 0.52025 0.3351666671875 0.5247499999999999 0.3413333328125 0.55175 0.3476666671875 0.5780000000000001 0.35750000000000004 0.59675 0.3705 0.6035
3 0.8166666671874999 0.55 0.8138333328125 0.51775 0.8055 0.488 0.8031666671875 0.49175 0.794 0.513 0.7825 0.51625 0.773 0.5077499999999999 0.771 0.50975 0.7696666671875 0.514 0.7668333328125 0.51475 0.7708333328125 0.53225 0.7735000000000001 0.56125 0.7836666671875 0.576 0.8019999999999999 0.58 0.8101666671875 0.5702499999999999 0.8166666671874999 0.55
3 0.1628333328125 0.58575 0.17433333281250002 0.57925 0.1803333328125 0.57125 0.183 0.5555 0.187 0.5265 0.18216666718750002 0.52425 0.172 0.523 0.1631666671875 0.5125 0.1576666671875 0.49725 0.149 0.50075 0.1428333328125 0.5405 0.1416666671875 0.56425 0.1515 0.581 0.1628333328125 0.58575
3 0.1716666671875 0.5235000000000001 0.1855 0.52175 0.185 0.5105000000000001 0.17616666718750001 0.48775 0.1721666671875 0.46525 0.17033333281250002 0.4505 0.1675 0.42424999999999996 0.1561666671875 0.41725 0.151 0.41275000000000006 0.1478333328125 0.41425 0.1471666671875 0.41825 0.1478333328125 0.42474999999999996 0.149 0.45599999999999996 0.1541666671875 0.487 0.1641666671875 0.51375 0.1716666671875 0.5235000000000001
3 0.1856666671875 0.512 0.189 0.525 0.19783333281249998 0.52725 0.21116666718750002 0.51925 0.221 0.50925 0.20866666718750002 0.488 0.2015 0.4655 0.20350000000000001 0.44075 0.193 0.42474999999999996 0.1775 0.40225 0.1715 0.39675 0.17099999999999999 0.41 0.16799999999999998 0.42725 0.177 0.48775 0.1856666671875 0.512
3 0.1903333328125 0.61775 0.19766666718749998 0.6115 0.2108333328125 0.5862499999999999 0.2101666671875 0.5775 0.2098333328125 0.54875 0.2113333328125 0.5275000000000001 0.2076666671875 0.523 0.1965 0.5275000000000001 0.1871666671875 0.52425 0.1823333328125 0.55375 0.1816666671875 0.57575 0.1843333328125 0.60725 0.1903333328125 0.61775
3 0.5928333328125001 0.4425 0.5933333328125 0.47375 0.595 0.49325 0.6023333328125 0.502 0.6125 0.50275 0.6265 0.5075000000000001 0.6425 0.513 0.6519999999999999 0.51325 0.6626666671875 0.5077499999999999 0.6681666671875 0.50225 0.6765 0.485 0.6781666671875 0.46125 0.6773333328125 0.43375 0.674 0.409 0.6688333328125 0.38275000000000003 0.6603333328125001 0.3685 0.6523333328125 0.36275 0.642 0.36324999999999996 0.6303333328125 0.36825 0.6153333328125 0.38775 0.599 0.41275000000000006 0.5911666671875 0.42474999999999996 0.5928333328125001 0.4425
3 0.7731666671874999 0.584 0.773 0.5555 0.7706666671875 0.5309999999999999 0.7661666671875 0.516 0.7548333328125 0.5115000000000001 0.7478333328125 0.5002500000000001 0.7428333328125001 0.5045 0.7466666671875 0.51875 0.748 0.5427500000000001 0.7456666671875001 0.57225 0.7545 0.5905 0.7658333328125 0.6054999999999999 0.7713333328124999 0.6042500000000001 0.7731666671874999 0.584
3 0.55 0.5962500000000001 0.5611666671875 0.60725 0.5748333328124999 0.60725 0.5843333328125 0.59525 0.5951666671875 0.567 0.6025 0.55025 0.6101666671875 0.5335 0.6161666671875 0.5037499999999999 0.6128333328125 0.50225 0.603 0.50225 0.5938333328125001 0.492 0.5906666671874999 0.51025 0.5766666671875 0.518 0.5591666671875 0.522 0.538 0.5207499999999999 0.5353333328125001 0.523 0.5346666671875 0.5375 0.5406666671875 0.55 0.5456666671875 0.5725 0.55 0.5962500000000001