3 0.26909722187499996 0.5353009265625001 0.26485339531249996 0.554108796875 0.29205246875 0.5694444437499999 0.3059413578125 0.5784143515625 0.3229166671875 0.5691550921874999 0.3263888890625 0.524884259375 0.324266975 0.511284721875 0.3221450625 0.49768518593750005 0.31539351875 0.484375 0.2986111109375 0.48726851875 0.2833719140625 0.4953703703125 0.2795138890625 0.5046296296875 0.26909722187499996 0.5353009265625001
3 0.5655864203125 0.5098379625 0.56539351875 0.5280671296875 0.5605709875 0.5567129625 0.55767746875 0.5636574078125001 0.5592206796875 0.5769675921874999 0.5671296296875 0.5868055562500001 0.577739196875 0.587384259375 0.5891203703125 0.5700231484375 0.598186728125 0.5292245375 0.604938271875 0.49131944375 0.60648148125 0.47222222187499996 0.6043595671875 0.46006944375 0.601080246875 0.45717592656250006 0.597222221875 0.45804398125 0.5835262343750001 0.47424768593750005 0.5684799375 0.485821759375 0.563850309375 0.48871527812500004 0.5655864203125 0.5098379625
3 0.23070987656250003 0.49797453750000004 0.2449845671875 0.48379629687500003 0.252507715625 0.4765625 0.2542438265625 0.44936342656250006 0.254436728125 0.4250578703125 0.2472993828125 0.4088541671875 0.2363040125 0.38715277812500004 0.23070987656250003 0.3787615734375 0.2282021609375 0.3865740734375 0.2237654328125 0.3946759265625 0.2160493828125 0.4375 0.21547067968750003 0.46961805625 0.2218364203125 0.48929398125 0.23070987656250003 0.49797453750000004
3 0.26273148125 0.49710648125 0.280671296875 0.49652777812500004 0.29533179062500003 0.48784722187499996 0.29976851875 0.47945601875 0.31385030937499997 0.467303240625 0.3238811734375 0.4441550921875 0.3314043203125 0.42679398125 0.32118055624999997 0.4166666671875 0.308063271875 0.390625 0.29822530937499997 0.3712384265625 0.28896605000000003 0.36024305624999997 0.27970679062500003 0.3576388890625 0.272955246875 0.3590856484375 0.2687114203125 0.36226851875 0.263117284375 0.368634259375 0.257330246875 0.4010416671875 0.254436728125 0.43952546249999996 0.253858025 0.4777199078125 0.26273148125 0.49710648125
3 0.5680941359375 0.602141203125 0.5646219140625 0.5842013890625 0.55960648125 0.576678240625 0.5559413578125 0.5636574078125001 0.551311728125 0.5677083328125 0.5437885796875 0.5703125 0.5470679015625 0.5914351859375 0.548225309375 0.6096643515625 0.5461033953125 0.6348379625 0.5466820984375 0.6432291671875 0.5565200625 0.652777778125 0.56925154375 0.6521990734374999 0.5706018515625 0.6258680562500001 0.5680941359375 0.602141203125
3 0.4753086421875 0.5413773140625 0.4714506171875 0.5373263890625 0.45543981406249995 0.5335648140625 0.43190586406250003 0.5303819437499999 0.42148919687499997 0.5309606484375 0.42283950625 0.54398148125 0.416473765625 0.6111111109375 0.42206790156249996 0.6229745375 0.45331790156249996 0.6336805562500001 0.4753086421875 0.5413773140625
3 0.1998456796875 0.46383101875 0.2096836421875 0.4577546296875 0.2145061734375 0.45601851875 0.215277778125 0.4377893515625 0.22125771562500002 0.4036458328125 0.21161265468749998 0.383391203125 0.2038966046875 0.3640046296875 0.197723765625 0.3674768515625 0.18904320937500002 0.42129629687500003 0.187114196875 0.4421296296875 0.1905864203125 0.46325231406249995 0.1998456796875 0.46383101875
3 0.545524690625 0.6365740734374999 0.5480324078125001 0.6096643515625 0.5466820984375 0.590277778125 0.54398148125 0.5694444437499999 0.5275848765625 0.5645254625 0.519483025 0.55758101875 0.5144675921874999 0.5598958328125 0.5119598765625 0.5662615734374999 0.5040509265625001 0.608796296875 0.5023148140625 0.6229745375 0.5123456796875 0.64351851875 0.520061728125 0.6521990734374999 0.54591049375 0.6542245375 0.545524690625 0.6365740734374999
3 0.2312885796875 0.53125 0.2521219140625 0.5442708328125 0.26273148125 0.5543981484375 0.271990740625 0.52633101875 0.2750771609375 0.514178240625 0.266203703125 0.4997106484375 0.2532793203125 0.47945601875 0.2519290125 0.478009259375 0.24189814843750002 0.48668981406249995 0.2303240734375 0.5011574078125001 0.222222221875 0.5237268515625 0.2312885796875 0.53125
3 0.49652777812500004 0.6359953703125 0.5042438265625 0.6070601859375 0.511188271875 0.569733796875 0.5129243828125001 0.5509259265625001 0.5086805562500001 0.540509259375 0.5069444437499999 0.5315393515625 0.500578703125 0.52835648125 0.4826388890625 0.524884259375 0.466242284375 0.5222800921874999 0.462384259375 0.5254629625 0.45659722187499996 0.5321180562500001 0.4616126546875 0.534722221875 0.471257715625 0.5373263890625 0.475115740625 0.540509259375 0.46913580312500003 0.5682870375 0.46180555625 0.6006944437499999 0.46566357968750005 0.6140046296875 0.47820216093749995 0.6365740734374999 0.4855324078125 0.6443865734374999 0.49652777812500004 0.6359953703125
3 0.3888888890625 0.48350694375 0.40258487656249997 0.4840856484375 0.40625 0.48929398125 0.419367284375 0.49913194375 0.4278549375 0.50289351875 0.43402777812500004 0.5037615734374999 0.43885030937499997 0.4918981484375 0.44155092656250006 0.4754050921875 0.44193672812499996 0.4577546296875 0.440007715625 0.43663194375 0.43614969062500003 0.421875 0.4268904328125 0.41203703750000004 0.412615740625 0.40567129687500003 0.39756944375000003 0.40046296249999996 0.390046296875 0.40682870312499997 0.3751929015625 0.43518518593750005 0.37654320937499997 0.46875 0.3815586421875 0.4748263890625 0.3888888890625 0.48350694375
1 0.3966049375 0.4377893515625 0.3927469140625 0.4427083328125 0.3956404328125 0.4479166671875 0.4016203703125 0.44820601875 0.40663580312500003 0.45081018593750005 0.41184413593749997 0.462384259375 0.4147376546875 0.46672453750000004 0.4201388890625 0.4620949078125 0.42148919687499997 0.45717592656250006 0.42283950625 0.45081018593750005 0.42226080312500003 0.44126157343749994 0.42283950625 0.43373842656250006 0.42283950625 0.4270833328125 0.41994598749999995 0.420428240625 0.4185956796875 0.4157986109375 0.4147376546875 0.41319444375 0.40644290156249996 0.41956018593750005 0.40277777812500004 0.423321759375 0.3991126546875 0.43200231406249995 0.3966049375 0.4377893515625
0 0.407793209375 0.4401041671875 0.41319444375 0.44589120312499997 0.4168595671875 0.4519675921875 0.4201388890625 0.45225694375 0.42168209843750004 0.44444444375 0.421875 0.4363425921875 0.42110339531249996 0.42390046249999996 0.41956018593750005 0.41956018593750005 0.41840277812500004 0.4157986109375 0.41454475312500005 0.41319444375 0.4050925921875 0.42100694375 0.4020061734375 0.42476851875 0.39756944375000003 0.43692129687500003 0.397955246875 0.44184027812500004 0.40219907343749994 0.44328703750000004 0.407793209375 0.4401041671875
0 0.40219907343749994 0.4840856484375 0.40586419687499997 0.4890046296875 0.410108025 0.485821759375 0.40817901250000005 0.4811921296875 0.40644290156249996 0.47569444375 0.40586419687499997 0.47366898125 0.40181327187500004 0.4754050921875 0.3977623453125 0.4754050921875 0.39216820937499997 0.47569444375 0.390625 0.4811921296875 0.3927469140625 0.48206018593750005 0.3977623453125 0.48350694375 0.40219907343749994 0.4840856484375
3 0.3221450625 0.569733796875 0.3234953703125 0.5847800921874999 0.36226851875 0.6004050921874999 0.3697916671875 0.5925925921874999 0.3726851859375 0.53414351875 0.375 0.5211226859375 0.384259259375 0.5188078703125 0.37210648125 0.5037615734374999 0.3576388890625 0.49421296249999996 0.3456790125 0.48726851875 0.3342978390625 0.484375 0.32735339531249996 0.49652777812500004 0.32465277812500004 0.5069444437499999 0.327546296875 0.5237268515625 0.3221450625 0.569733796875
3 0.40721450625 0.6189236109375 0.41454475312500005 0.6102430562500001 0.42091049375 0.5598958328125 0.42283950625 0.5399305562500001 0.42052469062500003 0.5321180562500001 0.40219907343749994 0.5254629625 0.384259259375 0.5214120375 0.3748070984375 0.5225694437499999 0.372492284375 0.538483796875 0.3709490734375 0.6027199078125001 0.40721450625 0.6189236109375
3 0.5098379625 0.5037615734374999 0.5081018515625 0.519965278125 0.5084876546875 0.539641203125 0.5133101859375 0.5515046296875 0.52835648125 0.5642361109375 0.547260803125 0.5711805562500001 0.5601851859375 0.5598958328125 0.5644290125 0.5402199078125001 0.566358025 0.5153356484375 0.5640432093750001 0.49305555625 0.5626929015625 0.462384259375 0.5584490734374999 0.44618055625 0.5518904328125 0.431134259375 0.5397376546875 0.4314236109375 0.53414351875 0.43344907343749994 0.5167824078125001 0.44733796249999996 0.5050154328125 0.47453703750000004 0.5042438265625 0.48726851875 0.5098379625 0.5037615734374999