3 0.489 0.5273818453125 0.50825 0.551762940625 0.5309999999999999 0.5720180046875 0.5599999999999999 0.5821455359375001 0.5725 0.5682670671875 0.59175 0.5318829703125 0.61275 0.50112528125 0.61575 0.48987246874999996 0.607 0.46474118593749997 0.5972500000000001 0.442235559375 0.585 0.42198049531250004 0.568 0.4103525875 0.5507500000000001 0.4028507125 0.542 0.405101275 0.51725 0.4358589640625 0.48175 0.4853713421875 0.47350000000000003 0.51087771875 0.489 0.5273818453125
0 0.613 0.557014253125 0.6132500000000001 0.557764440625 0.614 0.557389346875 0.6144999999999999 0.555513878125 0.616 0.554013503125 0.61775 0.552138034375 0.6195 0.551387846875 0.62025 0.551387846875 0.621 0.549887471875 0.61775 0.550262565625 0.6144999999999999 0.552513128125 0.613 0.554388596875 0.613 0.557014253125
0 0.57925 0.5633908484375 0.581 0.561515378125 0.5820000000000001 0.558139534375 0.5822499999999999 0.553638409375 0.58125 0.552138034375 0.576 0.561890471875 0.576 0.5633908484375 0.57725 0.5645161296875 0.57925 0.5633908484375
0 0.61 0.58927231875 0.6105 0.5847711921875 0.60975 0.5832708171875 0.6085 0.5813953484375001 0.6092500000000001 0.5802700671875 0.61025 0.5787696921875 0.6094999999999999 0.5783945984375001 0.60875 0.5776444109375001 0.60775 0.5776444109375001 0.6075 0.5795198796875 0.608 0.5847711921875 0.60825 0.5896474125 0.60875 0.59302325625 0.61 0.58927231875
0 0.6094999999999999 0.5705176296875 0.6094999999999999 0.5697674421875 0.609 0.5686421609375001 0.6085 0.5686421609375001 0.6085 0.5708927234375001 0.60875 0.5716429109375001 0.6092500000000001 0.5712678171875 0.6094999999999999 0.5705176296875
0 0.5247499999999999 0.45648912187499996 0.5237499999999999 0.46399099843749997 0.5315000000000001 0.4718679671875 0.53525 0.46324081093749997 0.5417500000000001 0.453863465625 0.54975 0.447111778125 0.55325 0.4369842453125 0.5589999999999999 0.4276069015625 0.5582499999999999 0.42198049531250004 0.55375 0.42423105781250003 0.55525 0.42123030781250004 0.55725 0.41672918281250004 0.5565 0.4133533390625 0.549 0.4216054015625 0.54125 0.43210802656249997 0.53275 0.444486121875 0.5247499999999999 0.45648912187499996
0 0.6115 0.554763690625 0.61225 0.553638409375 0.61275 0.552138034375 0.61275 0.550637659375 0.611 0.552513128125 0.6105 0.554013503125 0.61075 0.555138784375 0.6115 0.554763690625
3 0.271 0.2801950484375 0.27375 0.287696925 0.30125 0.3012003 0.3145 0.30532633124999997 0.3305 0.3259564890625 0.3335 0.3330832703125 0.36724999999999997 0.29182295625 0.38475000000000004 0.290697675 0.39849999999999997 0.2711927984375 0.3935 0.24381095312499998 0.37625000000000003 0.2276819203125 0.35750000000000004 0.22018004531250002 0.34275 0.21492873281249997 0.32825000000000004 0.21680420156250002 0.309 0.2228057015625 0.2875 0.24418604687499998 0.27475 0.2625656421875 0.271 0.2801950484375
0 0.587 0.4714928734375 0.59175 0.4688672171875 0.5940000000000001 0.4658664671875 0.591 0.4643660921875 0.58525 0.4669917484375 0.583 0.4688672171875 0.5825 0.4748687171875 0.587 0.4714928734375
3 0.519 0.59677419375 0.52625 0.6065266312500001 0.55225 0.6147786953125001 0.57925 0.6350337578125 0.5955 0.639534884375 0.62325 0.61102775625 0.63525 0.5926481625 0.6305 0.552888221875 0.6305 0.5281320328125 0.62575 0.50300075 0.61975 0.4819954984375 0.6132500000000001 0.4744936234375 0.61575 0.4917479375 0.613 0.50187546875 0.5900000000000001 0.5345086265625001 0.5730000000000001 0.5671417859375001 0.5599999999999999 0.5817704421875 0.53025 0.5712678171875 0.523 0.5671417859375001 0.516 0.5806451609375001 0.519 0.59677419375
3 0.196 0.6166541640625 0.22525 0.6211552890625 0.2405 0.6151537890625 0.2505 0.60952738125 0.26549999999999996 0.5825206296875 0.26375000000000004 0.550637659375 0.2515 0.5330082515625 0.22949999999999998 0.5176294078125 0.20800000000000002 0.50487621875 0.1835 0.49812453124999995 0.18175 0.49812453124999995 0.17525 0.5067516875 0.174 0.5341335328125 0.182 0.5840210046875 0.18875 0.6080270062500001 0.196 0.6166541640625
0 0.49024999999999996 0.5060015 0.49349999999999994 0.5150037515625 0.4955 0.5232558140625 0.49824999999999997 0.5281320328125 0.50075 0.5285071265625 0.50175 0.5243810953125 0.4995 0.50937734375 0.50125 0.49699925 0.503 0.4868717171875 0.5015 0.4831207796875 0.4955 0.4857464359375 0.495 0.49287321874999995 0.49175 0.50037509375 0.49024999999999996 0.5060015
3 0.23500000000000001 0.3649662421875 0.2605 0.38634658593750004 0.27 0.39197299375 0.29025 0.3758439609375 0.32 0.34808702187499996 0.331 0.3338334578125 0.32425000000000004 0.3147036765625 0.30825 0.30232558125 0.277 0.2914478625 0.26175000000000004 0.28807201875 0.24775 0.28882220625 0.2285 0.30607651874999997 0.217 0.3312078015625 0.21925 0.351837959375 0.23500000000000001 0.3649662421875