3 0.092519684375 0.3984918796875 0.1138920140625 0.441995359375 0.13920135 0.45417633437499993 0.179977503125 0.429814384375 0.2075365578125 0.40023201875 0.2041619796875 0.33120649687500003 0.2111923515625 0.23839907187499998 0.2089426328125 0.187935034375 0.186726659375 0.1629930390625 0.1670416203125 0.1258700703125 0.14679415 0.0974477953125 0.1077052875 0.075986078125 0.0795838015625 0.0870069609375 0.080427446875 0.096287703125 0.080427446875 0.165313225 0.07677165312499999 0.2662413 0.078177728125 0.3335266828125 0.092519684375 0.3984918796875
3 0.40860517500000004 0.8074245937500001 0.4313835765625 0.849187934375 0.46597300312499995 0.8706496515625 0.4915635546875 0.8213457078124999 0.5151856015625 0.7320185609375 0.5433070859375 0.5359628765625 0.5334645671875 0.52320185625 0.5216535437500001 0.4860788859375 0.518278965625 0.488399071875 0.5008436453125 0.5179814390625 0.44713160781249994 0.5203016234375 0.417322834375 0.5139211140625 0.4133858265625 0.5179814390625 0.40663667031250006 0.5939675171875 0.3962317203125 0.681554525 0.3951068609375 0.73491879375 0.40860517500000004 0.8074245937500001
3 0.6915073109375001 0.26276102031250004 0.6884139484375 0.272621809375 0.69235095625 0.3138051046875 0.69685039375 0.41647331718749997 0.6991001125 0.5464037125 0.7080989875 0.5551044078125 0.73734533125 0.5504640375000001 0.7618110234375 0.5510440828125 0.77924634375 0.5522041765625 0.7921822265625 0.5498839906249999 0.8141169859374999 0.546983759375 0.8270528687500001 0.5127610203125 0.8332395953124999 0.462296984375 0.8332395953124999 0.39675174062499996 0.831271090625 0.3242459390625 0.8253655796875 0.22389791250000002 0.8219910015625 0.181554525 0.8093363328125 0.15603248281249998 0.8003374578125 0.14733178593750001 0.7919010125 0.1432714609375 0.7772778406249999 0.1484918796875 0.7483127109375001 0.1751740140625 0.7266591671875 0.207076565625 0.712598425 0.2337587 0.6915073109375001 0.26276102031250004
3 0.25759280156250003 0.8178654296874999 0.2865579296875 0.84976798125 0.33211473593749996 0.853248259375 0.3692350953125 0.7946635734374999 0.388920134375 0.726218096875 0.4057930265625 0.6102088171875 0.4131046125 0.5121809749999999 0.3984814390625 0.5081206500000001 0.377671540625 0.462296984375 0.36304836875 0.4483758703125 0.3593925765625 0.45649652031250004 0.33014623125 0.48897911875 0.29724409375 0.5 0.27109111406249997 0.5017401390625 0.2553430828125 0.4907192578125 0.24353205781249998 0.5243619484375001 0.2393138359375 0.61600928125 0.244375703125 0.7679814390625 0.25759280156250003 0.8178654296874999
3 0.3714848140625 0.380510440625 0.3759842515625 0.4588167046875 0.3984814390625 0.5087006953125 0.44966254218749996 0.5191415312500001 0.5011248593750001 0.5174013921875 0.5174353203125001 0.48549884062500004 0.5165916765625 0.34686775000000003 0.508998875 0.1972157765625 0.49184476874999994 0.1368909515625 0.46822272187499997 0.09106728593749999 0.4386951625 0.0719257546875 0.40494938124999996 0.1131090484375 0.3785151859375 0.1856148484375 0.3793588296875 0.2285382828125 0.3714848140625 0.380510440625
3 0.7455005625 0.816125290625 0.7606861640625 0.7639211140625 0.779527559375 0.68445475625 0.7958380203125001 0.59686775 0.8025871765625 0.546983759375 0.7809336328125001 0.5498839906249999 0.7393138359375 0.5498839906249999 0.7224409453125 0.665893271875 0.702474690625 0.7511600921875 0.7131608546875 0.803944315625 0.7249718781250001 0.8317865421875 0.7348143984375 0.8358468671875 0.7455005625 0.816125290625
3 0 0.54930394375 0.001124859375 0.6745939671875 0.02165354375 0.685034803125 0.04865016875 0.6624129937500001 0.0866141734375 0.6287703015624999 0.10517435312500001 0.615429234375 0.10320585 0.5168213453125 0.1105174359375 0.4599767984375 0.11473565781249999 0.4472157765625 0.1113610796875 0.43735498906250003 0.066929134375 0.3874709984375 0.049775028124999995 0.39791183281250003 0.0233408328125 0.4100928078125 0.001124859375 0.39675174062499996 0 0.40023201875 0 0.54930394375
3 0.20472440937499997 0.342227378125 0.2066929140625 0.40139211093749994 0.22834645625 0.45533642656250006 0.26968503906249996 0.49825986093749997 0.29724409375 0.5011600921875 0.3293025875 0.488399071875 0.3579865015625 0.457076565625 0.3714848140625 0.42923433906249997 0.37204724375 0.3642691421875 0.37654668125 0.2035962875 0.356580428125 0.149071925 0.3293025875 0.0986078890625 0.3028683921875 0.073085846875 0.2854330703125 0.0632250578125 0.276996625 0.07482598593749999 0.2381889765625 0.11426914218749999 0.2190663671875 0.164733178125 0.2111923515625 0.2285382828125 0.20472440937499997 0.342227378125
3 0.6375140609375001 0.8457076562499999 0.6529808781249999 0.8752900234375 0.673228346875 0.854408353125 0.69685039375 0.7691415312500001 0.720472440625 0.6682134578125 0.738470190625 0.5510440828125 0.7078177734375 0.5568445468750001 0.6985376828125001 0.5458236656250001 0.6782902140625 0.5504640375000001 0.6529808781249999 0.5551044078125 0.648200225 0.5597447796874999 0.6363892015625 0.6473317859375001 0.6158605171875 0.74709976875 0.622328459375 0.7871229703125 0.6375140609375001 0.8457076562499999
3 0.056524184374999994 0.395591646875 0.08773903281249999 0.369489559375 0.07733408281250001 0.296983759375 0.080427446875 0.191995359375 0.0807086609375 0.141531321875 0.073397075 0.1432714609375 0.032058492187499996 0.13399071875 0.0008436453125 0.10904872343750001 0 0.395591646875 0.020528684375 0.4095127609375 0.056524184374999994 0.395591646875
3 0.5177165359375 0.3863109046875 0.5185601796875 0.47563805156249994 0.532620921875 0.5203016234375 0.555399325 0.5527842234375 0.6158605171875 0.5527842234375 0.6794150734375 0.5516241296875 0.6993813265625 0.5435034796875 0.6976940375 0.4588167046875 0.6915073109375001 0.30742459375000003 0.6827896515625 0.215197215625 0.6704161984375 0.160672853125 0.644825646875 0.1212296984375 0.6141732281250001 0.131670534375 0.590269965625 0.1351508125 0.5430258718750001 0.1902552203125 0.516029246875 0.231438515625 0.5165916765625 0.3027842234375 0.5177165359375 0.3863109046875
3 0.10854893125000001 0.6641531328125 0.1273903265625 0.749419953125 0.140326209375 0.7685614843749999 0.1872890890625 0.7511600921875 0.22244094531249997 0.712296984375 0.24184476875 0.6571925750000001 0.23875140625000002 0.608468678125 0.2440944875 0.5249419953125 0.254780653125 0.4825986078125 0.2289088859375 0.45301624062499996 0.21653543281249998 0.42923433906249997 0.1872890890625 0.4245939671875 0.13667041562499999 0.45301624062499996 0.11754780625000001 0.4495359625 0.10939257656250001 0.4634570765625 0.1034870640625 0.5191415312500001 0.10826771718749999 0.5974477953124999 0.10854893125000001 0.6641531328125
3 0.825928009375 0.2256380515625 0.831271090625 0.3004640375 0.833520809375 0.41531322499999995 0.8326771656249999 0.47215777187499997 0.8270528687500001 0.511600928125 0.8475815515624999 0.5220417640624999 0.8683914515625 0.515661253125 0.881327334375 0.507540603125 0.8894825640624999 0.48491879375 0.8984814390625001 0.3909512765625 0.900731159375 0.3010440828125 0.8976377953125001 0.22969837656249997 0.8937007875 0.181554525 0.888076490625 0.1403712296875 0.8799212593749999 0.1432714609375 0.87345331875 0.1513921109375 0.8616422953124999 0.1896751734375 0.85095613125 0.21693735468750003 0.8399887515625 0.22969837656249997 0.825928009375 0.2256380515625
3 0.5320584921875 0.8097447796875 0.53824521875 0.8648491875 0.5556805406249999 0.8752900234375 0.57114735625 0.8694895593749999 0.590269965625 0.8381670531250001 0.6032058499999999 0.8062645015625 0.6152980875 0.7488399078125 0.6355455562500001 0.649071925 0.6462317203125 0.5498839906249999 0.5570866140625 0.55336426875 0.541619796875 0.541763340625 0.526996625 0.653712296875 0.5177165359375 0.71867749375 0.5239032625 0.7488399078125 0.5320584921875 0.8097447796875