3 0.686569940625 0.5760086453125 0.68545386875 0.5922190203125 0.698288690625 0.604466859375 0.7096354171875 0.62211815625 0.7224702375 0.6293227671875 0.7446056546875 0.630043228125 0.7561383921875 0.604106628125 0.764880953125 0.5277377515625 0.7604166671875 0.4351585015625 0.7561383921875 0.3739193078125 0.74609375 0.3551873203125 0.735305059375 0.35266570625 0.7248883921875 0.3645533140625 0.7005208328125 0.4257925078125 0.6860119046875 0.4816282421875 0.6808035718750001 0.4913544671875 0.686569940625 0.5760086453125
3 0.2485119046875 0.741714696875 0.26748511875 0.7391930828125 0.2775297625 0.7215417875 0.28571428593750003 0.7056916421875 0.28571428593750003 0.677593659375 0.2886904765625 0.629682996875 0.2732514875 0.623198846875 0.27064732187499996 0.6322046109375 0.2552083328125 0.6512968296875 0.227492559375 0.65381844375 0.2209821421875 0.6865994234375 0.219680059375 0.7168587890625 0.22191220312499998 0.7345100859375 0.2485119046875 0.741714696875
3 0.49293154687499996 0.712896253125 0.4957217265625 0.6865994234375 0.497023809375 0.6336455328125 0.4739583328125 0.6293227671875 0.47061011875 0.6224783859375 0.444196428125 0.6275216140625 0.43415178593750003 0.6260806921875 0.424665178125 0.6289625359375 0.4389880953125 0.729466859375 0.475446428125 0.7334293953125 0.4867931546875 0.7330691640625 0.49293154687499996 0.712896253125
3 0.4270833328125 0.6891210375 0.42894345312500004 0.6628242078125 0.42392113125 0.62860230625 0.41796875 0.62788184375 0.40643601250000005 0.6257204609375 0.387648809375 0.62860230625 0.3493303578125 0.6242795390625 0.346726190625 0.62536023125 0.35658482187499996 0.6851585015625 0.3656994046875 0.7391930828125 0.4114583328125 0.73090778125 0.4270833328125 0.6891210375
3 0.7109375 0.7409942359375 0.7198660718750001 0.738832853125 0.7183779765625 0.7042507203125 0.71688988125 0.6678674359375 0.71279761875 0.6379683 0.70907738125 0.62139769375 0.698474703125 0.602305475 0.6852678578125 0.5922190203125 0.6808035718750001 0.6141930828125 0.6754092265625 0.6177953890625 0.651413690625 0.62463976875 0.6488095234375 0.6646253609375 0.6636904765625 0.7060518734375 0.68154761875 0.74639769375 0.7109375 0.7409942359375
3 0.47209821406249997 0.6275216140625 0.4769345234375 0.630043228125 0.48995535781250005 0.630043228125 0.51953125 0.6336455328125 0.5390625 0.62860230625 0.5504092265625 0.633285303125 0.5584077375 0.6304034578125 0.5677083328125 0.6322046109375 0.5887276781249999 0.6322046109375 0.5974702375 0.6242795390625 0.59970238125 0.59618155625 0.6015625 0.549351584375 0.5939360125 0.4722622484375 0.5824032734375 0.4239913546875 0.5699404765625 0.392651296875 0.5589657734375 0.38112391875 0.5412946421875 0.3775216140625 0.52920386875 0.3818443796875 0.518601190625 0.389048990625 0.49534970312500004 0.4380403453125 0.47879464218749995 0.48054755 0.4711681546875 0.529178675 0.47209821406249997 0.6275216140625
3 0.59970238125 0.6098703171875 0.6117931546875 0.62860230625 0.6599702375 0.6210374640625 0.67578125 0.617074928125 0.68173363125 0.6116714703125 0.686755953125 0.578170028125 0.6848958328125 0.5349423625 0.678757440625 0.479466859375 0.6685267859375 0.43623919375 0.6577380953125 0.4092219015625 0.6506696421875 0.3984149859375 0.6434151781249999 0.405619596875 0.6352306546875 0.412103746875 0.6117931546875 0.4603746390625 0.5961681546875 0.485230546875 0.6015625 0.549351584375 0.59970238125 0.6098703171875
3 0.6130952375 0.7409942359375 0.6292782734375 0.744956771875 0.637648809375 0.7391930828125 0.643787203125 0.700288184375 0.6478794640625 0.6548991359375 0.65048363125 0.6239193078125 0.61142113125 0.6289625359375 0.59951636875 0.6113112390625 0.5980282734375 0.623198846875 0.5894717265625 0.6322046109375 0.5727306546875 0.632925071875 0.5716145828125 0.67002881875 0.5859375 0.6966858796875 0.6017485125 0.7312680109375 0.6130952375 0.7409942359375
3 0.328869046875 0.74711815625 0.3441220234375 0.7028097984375 0.3550967265625 0.680835734375 0.3454241078125 0.6206772328125 0.3225446421875 0.6271613828125 0.2890625 0.628242075 0.285900296875 0.677593659375 0.2868303578125 0.7269452453125 0.28720238125 0.7427953890625 0.328869046875 0.74711815625
3 0.5377604171875 0.733789625 0.561569940625 0.7316282421875 0.5630580359375 0.7172190203125 0.5686383921875 0.68948126875 0.5708705359375 0.661743515625 0.57235863125 0.6322046109375 0.5598958328125 0.6322046109375 0.5504092265625 0.6318443796875 0.53701636875 0.6289625359375 0.518787203125 0.6354466859375 0.4985119046875 0.632925071875 0.5014880953125 0.6624639765625 0.50595238125 0.697046109375 0.5172991078125 0.7395533140625 0.5377604171875 0.733789625
3 0.3472842265625 0.527017290625 0.344680059375 0.5796109515625 0.3472842265625 0.6163544671875 0.34970238125 0.6242795390625 0.389694940625 0.6304034578125 0.4077380953125 0.6257204609375 0.416852678125 0.62788184375 0.434709821875 0.623198846875 0.45870535781250005 0.62536023125 0.4711681546875 0.62211815625 0.4730282734375 0.54178674375 0.46819196406249997 0.4603746390625 0.46075148749999995 0.41354466875 0.4375 0.3631123921875 0.4183407734375 0.3451008640625 0.40011160781250005 0.3432997125 0.38950892812500004 0.3490634 0.383742559375 0.3584293953125 0.3694196421875 0.3969740640625 0.356398809375 0.43876080625 0.3502604171875 0.4780259359375 0.3472842265625 0.527017290625
3 0.8031994046875001 0.562680115625 0.8031994046875001 0.5136887609375 0.7996651781249999 0.466498559375 0.79110863125 0.427593659375 0.786086309375 0.4077809796875 0.7769717265625 0.4358789625 0.7661830359375 0.4672190203125 0.7632068453125 0.475864553125 0.7654389875 0.5266570609375 0.7576264875 0.6037463984375 0.772693453125 0.63112391875 0.7903645828125 0.64409221875 0.796875 0.6224783859375 0.8031994046875001 0.562680115625
3 0.23158482187499999 0.65381844375 0.254650296875 0.649135446875 0.268787203125 0.6325648421875 0.2730654765625 0.6174351578125 0.270461309375 0.5713256484375 0.276599703125 0.5198126796875 0.2771577375 0.490273775 0.262648809375 0.453890490625 0.24683779687500002 0.4128242078125 0.23084077343749998 0.3933717578125 0.2193080359375 0.386527378125 0.2109375 0.3998559078125 0.20907738125000003 0.4769452453125 0.2124255953125 0.57024495625 0.22302827343749998 0.639769453125 0.23158482187499999 0.65381844375
3 0.27008928593750003 0.5760086453125 0.274181546875 0.6195965421875 0.29241071406249997 0.6275216140625 0.32756696406249997 0.62463976875 0.34579613125 0.619956771875 0.3472842265625 0.6149135453125 0.3439360125 0.587896253125 0.3452380953125 0.5475504328125 0.3478422625 0.51585014375 0.34877232187499996 0.48414985625 0.3500744046875 0.4560518734375 0.344680059375 0.440561959375 0.3318452375 0.427953890625 0.31752232187499996 0.4193083578125 0.2991071421875 0.43623919375 0.28311011875 0.4747838609375 0.2734375 0.5136887609375 0.27008928593750003 0.5760086453125
3 0.8245907734375001 0.5486311234375 0.8303571421875 0.5792507203125 0.852306546875 0.59618155625 0.8668154765624999 0.597982709375 0.87313988125 0.55475504375 0.879836309375 0.498559078125 0.8764880953124999 0.4448847265625 0.8694196421875 0.40381844375 0.8571428578125 0.373198846875 0.8504464281249999 0.373198846875 0.8370535718750001 0.389769453125 0.8244047625 0.427593659375 0.8160342265624999 0.45821325625 0.8214285718750001 0.498559078125 0.8245907734375001 0.5486311234375