3 0.5336666671875 0.8747271937500001 0.5516666671875 0.8179834140625 0.5663333328125 0.7856831078125001 0.5703333328125 0.708860759375 0.5730000000000001 0.6678306421875 0.5643333328125 0.6503710171875 0.5026666671875 0.6385857703125 0.47066666718750005 0.6355303359375 0.4483333328125 0.6320384109375 0.4403333328125 0.6385857703125 0.4306666671875 0.6512439984375 0.43600000000000005 0.743780009375 0.44299999999999995 0.837625490625 0.45133333281250004 0.874290703125 0.5336666671875 0.8747271937500001
3 0.1406666671875 0.4770842421875 0.1543333328125 0.5093845484374999 0.1686666671875 0.5373199468750001 0.1843333328125 0.544303796875 0.20033333281250001 0.5255347015625 0.21400000000000002 0.5002182453125 0.2213333328125 0.4792666953125 0.21433333281250003 0.40462680000000006 0.20099999999999998 0.3714535140625 0.178 0.320820603125 0.1626666671875 0.29681361875 0.149 0.287647315625 0.137 0.292012221875 0.1326666671875 0.32649497968749996 0.1316666671875 0.3583587953125 0.1386666671875 0.42732431249999997 0.1406666671875 0.4770842421875
3 0.771 0.421649934375 0.7993333328125 0.46879092031249997 0.8216666671875 0.5150589265625001 0.842 0.5547795718749999 0.8646666671875 0.56132693125 0.8859999999999999 0.542994325 0.9026666671875001 0.49934526406249996 0.921 0.42645133125 0.9349999999999999 0.3339153203125 0.9383333328125 0.28284591875 0.9390000000000001 0.2487996515625 0.916 0.23090353593750002 0.9023333328125 0.2326494984375 0.8823333328125 0.2426887828125 0.8193333328125 0.298996071875 0.7833333328125 0.3522479265625 0.7683333328125 0.3810563078125 0.771 0.421649934375
3 0.24 0.56132693125 0.2613333328125 0.5931907468750001 0.29733333281249996 0.604539503125 0.348 0.6054124843750001 0.3856666671875 0.5931907468750001 0.403 0.569620253125 0.40533333281250006 0.49454386718750004 0.3896666671875 0.48843299843750004 0.3786666671875 0.4792666953125 0.37933333281250003 0.44347446562500004 0.37933333281250003 0.414666084375 0.3416666671875 0.3500654734375 0.2956666671875 0.28982976875 0.265 0.2680052375 0.2463333328125 0.257965953125 0.2276666671875 0.27760803125 0.207 0.3644696640625 0.21800000000000003 0.436490615625 0.2266666671875 0.5120034921875 0.24 0.56132693125
3 0.7373333328125 0.859450021875 0.7886666671875 0.84504583125 0.8300000000000001 0.832387603125 0.857 0.826713225 0.8653333328124999 0.7673505015625001 0.8576666671875 0.6835443031249999 0.842 0.6359668265625 0.8156666671874999 0.6193801828125001 0.792 0.6032300312500001 0.7683333328125 0.6089044078125 0.7536666671875001 0.6259275421875 0.7256666671875001 0.6813618499999999 0.7153333328125 0.70318638125 0.714 0.7917939765625001 0.7373333328125 0.859450021875
3 0.9566666671874999 0.7817546921875 0.9543333328125 0.70493234375 0.9326666671874999 0.6508075078125 0.9066666671875 0.6106503703125 0.8869999999999999 0.5993016156250001 0.8433333328125 0.6420776953125 0.858 0.68398079375 0.8673333328125 0.7752073328125 0.8876666671875 0.8053251859375001 0.9156666671875 0.8101265828124999 0.9566666671874999 0.7817546921875
3 0.3803333328125 0.47664775156249994 0.394 0.49279790468750007 0.4066666671875 0.49410737656250003 0.42933333281249997 0.4906154515625 0.45499999999999996 0.48101265781249997 0.46966666718749994 0.4788302046875 0.5113333328125 0.48275862031249994 0.5336666671875 0.4910519421875 0.5446666671875 0.4919249234375 0.5573333328125 0.48756001718749997 0.5636666671875 0.4975993015625 0.5766666671875 0.4984722828125 0.589 0.48450458281250003 0.6003333328125 0.43867306875 0.5966666671875 0.3819292890625 0.5730000000000001 0.31994762187500003 0.5426666671875 0.2819729375 0.5196666671875 0.252728065625 0.49733333281250003 0.2370144046875 0.4573333328125 0.252291575 0.43933333281250003 0.2645133125 0.40433333281249995 0.2959406375 0.38133333281250004 0.33958969843750003 0.3756666671875 0.4028808375 0.3803333328125 0.47664775156249994
3 0.5986666671875 0.4714098640625 0.6026666671875 0.4984722828125 0.615 0.539065909375 0.6386666671875 0.5656918375 0.6713333328125 0.580096028125 0.6950000000000001 0.5814055 0.7223333328125 0.57442165 0.748 0.55085115625 0.7603333328125 0.5106940203125 0.7703333328124999 0.44783937187499995 0.77 0.3784373640625 0.7673333328124999 0.33260584843749996 0.746 0.29332169375 0.727 0.2819729375 0.6886666671875 0.282409428125 0.6686666671875 0.29244871250000004 0.651 0.31645569687499997 0.6336666671875 0.3670886078125 0.6136666671875 0.3958969875 0.6023333328125 0.40506329062499996 0.5986666671875 0.4714098640625
3 0.4063333328125 0.869052815625 0.4233333328125 0.8066346578125 0.438 0.7944129203125 0.42933333281249997 0.6569183765625 0.43566666718749997 0.6398952421875 0.4266666671875 0.6316019203125001 0.37533333281250003 0.6250545609375 0.32966666718750004 0.6185072015624999 0.3163333328125 0.6302924484375 0.315 0.6455696203125 0.325 0.706241815625 0.32966666718750004 0.7931034484375 0.33799999999999997 0.8428633781249999 0.4063333328125 0.869052815625
2 0.383 0.4814491484375 0.3896666671875 0.48843299843750004 0.4006666671875 0.49323439531249996 0.42133333281249996 0.4910519421875 0.45 0.48188563906250004 0.471 0.4779572234375 0.514 0.4849410734375 0.5333333328125 0.4910519421875 0.5426666671875 0.4910519421875 0.5586666671875 0.48799650781250004 0.5656666671874999 0.4962898296875 0.579 0.4971628109375 0.5903333328125 0.48232212968750005 0.5923333328125 0.46180707187500003 0.5903333328125 0.45395024062499995 0.5820000000000001 0.448712353125 0.5433333328125001 0.439982540625 0.4716666671875 0.43692710625000003 0.4086666671875 0.445220428125 0.3846666671875 0.45787865625 0.3803333328125 0.463553034375 0.37966666718750003 0.4714098640625 0.383 0.4814491484375
3 0.2923333328125 0.826713225 0.3026666671875 0.8131820171875 0.31466666718749997 0.7917939765625001 0.331 0.7786992578125 0.3266666671875 0.725447403125 0.31766666718750003 0.6608467921875001 0.3063333328125 0.6556089046875 0.277 0.6145787859375 0.26033333281250004 0.6089044078125 0.24333333281249997 0.6171977296875 0.233 0.6337843734375 0.2336666671875 0.694893059375 0.23733333281250002 0.7773897859375001 0.257 0.8075076390625 0.2923333328125 0.826713225
3 0.6446666671875 0.8721082499999999 0.693 0.868616325 0.7110000000000001 0.7830641640625 0.714 0.6935835875 0.7110000000000001 0.6665211703125 0.693 0.6342208640625 0.6526666671875 0.6281099953125 0.6136666671875 0.6359668265625 0.587 0.6521169796875 0.5726666671875 0.6735050203124999 0.5690000000000001 0.736796159375 0.5716666671875 0.7974683546875 0.6033333328125 0.86425141875 0.6446666671875 0.8721082499999999
3 0.0836666671875 0.5006547359375 0.10400000000000001 0.5076385859375 0.129 0.4836316015625 0.137 0.4670449578125 0.1356666671875 0.40637276250000004 0.132 0.3435181140625 0.1106666671875 0.31034482812499997 0.0846666671875 0.274552596875 0.07033333281250001 0.25054561249999996 0.066 0.261457878125 0.0576666671875 0.3256219984375 0.066 0.40637276250000004 0.06899999999999999 0.45264076875 0.0836666671875 0.5006547359375